172.88
14.72
166.56
96.41
90.67
34.86
155.48
152.6
194.17
71.49
34.57
80.5
168.82
75.62
212.42
23.23
748.44
389.41
122.81
113.75
260.91
236.6
106.48
388.51
190.78
356.82
227.59
78.79
239.92
14.29
64.49
190.8
490.05
281.67
723.62
626.81
837.05
216.16
2820.28
2241.12
1427.84
304.71
2767.87
1672.9
668.29
1567.82
183.49
1912.17
391.62
855.62
1582.14
2429.36
1053.34
523.95
1905.57
643.79
632.91
2072.11
1840.27
1123.85
288.43
3522.09
2002.8
1858.16
37.53
27.7
294.21
220.45
547.35
418.57
1545.65
172.31
40.61
603.68
549.56
846.06
899.35
477.86
65.64
711.07
1794.65
1081.07
1474.95
1296.03
470.78
1835.05
269.14
215.29
1045.05
621.72
671.72
6809.31
1706.32
1860.82
2151.21
1475.02
77.67
194.88
220.36
64.01
317.89
270.73
189.6
485.16
42.27
43.42
335.46
95.55
92.68
21.29
202.69
95.67
399.46
88.27
506.29
122.66
541.39
77.27
600.12
464.8
1021.98
165.97
434.82
872.62
486.68
142.8
201.12
124.27
1000.65
666.16
374.58
718.53
659.99
946.5
682.11
857.21
485.43
909.06
2537.79
112.22
887.48
276.68
123.82
180.05
2308.67
1025.2
1102.44
1686.16
2819.77
84.22
2036.51
2723.31
3027.22
1377.54
1028.43
539.63
715.4
1100.94
211.27
602.21
193.66
465.56
600.65
23.65
819.12
1547.92
342.93
977.77
1033.79
422.17
721.44
3885.3
2148.72
1863.13
754.54
840.79
1774.07
795.45
2847.81
4453.35
289.58
1152.8
287.9
545.57
2928.78
640.47
3161.36
3050.13
5515.05
4180.04
759.59
1048.89
284.81
168.22
27.21
84.35
287.34
45.8
49.89
57.83
33.24
256.97
194.91
462.86
418.31
248.53
315.73
317.3
611.77
16.11
820.99
284.27
71.59
628.59
257
108.01
195.59
718.07
721.84
341.93
198.25
652.04
251.87
534.17
959.11
946.06
507.89
131.35
227.97
589.33
375.53
1307.39
640.62
407.29
246.5
1086.7
261.03
157.34
1693.47
311.48
158.79
345.6
159.8
83.19
192.44
136.31
548.72
313.37
505.4
176.22
214.85
300.55
145.32
147.28
49.46
628.66
296.54
326.79
302.61
1.15
972.53
263.35
396.67
1503.89
811.92
154.04
432.92
222.37
672.62
425.71
124.47
712.8
329.71
1225.93
725.79
507.25
407.27
564.35
705.68
1450.69
820.39
558.57
302.99
504
686.34
446.47
866.77
738.74
164.67
793.39
592.59
431.73
420.6
221.48
143
486.84
327.79
1545.81
234.03
433.8
228.64
119.49
296.92
390.41
1896.7
692.82
521.53
1613.74
170.77
821.65
1272.23
1359.23
2843.95
814.07
2692.59
950.98
2090.61
3775.86
687.77
82.12
631.34
728.89
364.61
59.76
299.15
338.11
1785.21
516.78
271.27
242.56
264.75
162.44
1016.45
1298.46
1044.07
897.73
2072.41
235.25
333.75
1870.06
1014.91
1438.26
2331.92
594.87
494.55
277.17
2038.72
1449.4
500.55
4167.27
1208.37
601.59
448.39
175.99
77.42
137.55
17.88
55.48
20.52
104.15
41.62
84.01
194.89
220.23
362.87
106.64
214.18
141.57
388.83
888.01
1059.65
380.46
332.7
2096.95
928.59
537.25
743.09
416.06
940.09
204.4
86.29
449.53
1357.7
1008.65
17.03
27.19
94.9
168.65
54.04
239.83
25.18
49.61
86.36
35.15
53.09
84.18
7.42
81.23
72.69
140.83
762.82
281.97
1094.16
177.2
329.34
151.11
767.07
65.12
175.38
240.25
195.66
444.67
242.96
85.83
467.07
533.22
1849.29
85.56
524.62
1168.7
589.87
861.02
887.1
2452.63
204.01
26.65
394.17
1134.81
315.36
473.51
73.99
136.9
2128.41
292.28
1655.85
545.19
1003.93
543.34
812.6
376.51
333.51
461.92
79.48
542.24
357.22
433.3
722.22
372.59
940.93
926.6
1249.74
162.03
2302.03
257.1
1391.42
1056.5
574.09
609.35
881.61
1659.19
1154.87
689.48
690.13
626.18
1188.91
459.94
410.15
987.37
741.52
1728.64
2719.5
651.16
855.36
2657.29
1731.36
1863.84
584.84
1534
1160.83
959.66
814.53
1312.6
2842.01
391.49
1051.85
309.72
3008.93
1731.41
1626.68
2405.42
353.22
639.53
1108.84
836.85
160.23
27.23
840.38
1569.58
306.46
967.08
961.11
356
27.17
2973.25
567.93
224.72
4660.27
2027.84
1851.98
2231.48
2744.22
135.29
405.78
3579.26
92.39
475.75
2859.82
1175.16
288.93
2019.7
3367.97
243.47
2580.1
1779.85
169.58
3059.09
1074.75
612.68
388.16
75.14
198.88
114.67
510.92
309.9
258.58
189.11
157.86
357.67
334.85
162.48
477.03
901.47
310.57
607.44
696.11
183.22
45.68
554.58
166.52
555.94
911.13
228.71
613.32
713.14
411.14
766.67
423.18
716.81
462.4
706.8
350.89
90.33
60.91
843.99
505.37
545.64
86.02
246.94
504.95
634.65
329.75
314.8
107.12
189.78
1199
34.16
60.87
174.69
44.04
157.93
397.24
142.74
58.48
61.18
495.37
19.46
81.96
262.23
120.58
207.2
62.34
91.9
302.72
275.46
394.9
182.94
370.47
504.74
1116.43
1482.07
1656.89
585.01
155.22
271.18
2049.22
277.54
902.21
695.66
1052.73
3709.35
982.92
4279.21
1832.69
1568.77
4741.41
1463.43
4320.5
843.9
3919.13
2433.04
75.99
2984.73
3109.27
337.71
321.86
36.7
529.13
254.76
76.93
214.03
135.42
633.49
405.48
301.63
193.75
102.17
310.25
120.49
437.77
394.49
144.53
627.98
49.88
648.9
799.88
644.87
432.46
332.56
236.09
415.85
355.8
613.2
1165.06
822.22
376.2
613.43
273.16
25.27
343.1
19.15
339.45
398.52
150.73
259.69
204.49
31.23
436.51
222.68
163.16
60.07
80.46
127.92
416.5
286.36
155.94
78.29
92.6
601.23
185.8
912.43
994.61
221.13
80.68
726.61
837.38
1212.1
2614.06
49.01
7.12
193.68
79.66
73.28
256.51
220.55
165.11
318.84
553.53
423.22
145.36
430.55
729.35
234.92
177.88
471.55
310.79
874.12
1042.93
520.57
2281.1
1437.81
493.96
1699.1
1112.61
788.89
46.51
24.44
388.25
388.04
1267.62
752.83
610.27
318.47
2598.89
453.32
1473.13
542.12
348.73
1854.75
3578.8
947.97
2713.08
2737.83
659.98
4449.61
1180.68
1527.43
200.54
3498.46
543.42
1378.34
2216.4
860.01
699.19
1806.76
2092.73
487.38
403.77
1021.13
682.51
857.48
36.1
417.78
527.93
1163.71
1237.69
752.04
981.65
2497.28
1200.82
926.11
802.94
1834.74
2359.51
282.23
3055.01
1654.32
795.26
1720.34
262.4
546.59
210.85
170.35
245.49
854.74
991.97
679.48
382.39
131.1
671.77
286.55
386.22
408.61
198.77
365.95
1691.84
2205.14
262.59
731.7
129.06
405.17
80.98
961.46
578.52
1078.36
787.96
1443.04
181.11
120.71
1308.81
802.67
3012.38
1724.53
419.99
890.24
2542.08
4025.37
3271.46
3109.61
1644.05
5430.44
3489.58
3726.44
3770.16
1840.43
3754.97
3051.34
1103.12
719.48
536.9
200.21
271.37
309.11
137.2
147.77
430.01
498.53
366.04
545.68
650.79
1001.61
433.3
277.22
326.53
43.43
191.25
1597.92
476.22
1880.99
540.21
1102.84
569.3
402.48
3032.47
760.74
2695.63
1586.44
849.57
447.24
243.12
268.5
193.26
108.11
30.4
348.25
14.77
291.17
78.36
171.77
298.22
227.28
43.28
251.26
244.06
250.67
489.46
204.66
254.12
377.09
92.29
240.87
141.55
387.62
976.54
710.42
128.28
427.12
409.23
59.19
974.08
812.92
6396.97
14965.86
1753.88
4005.98
1462.57
3620.79
7247.01
2472.29
15468.41
16348.57
5635.73
6306.64
7763.92
6239.25
3875.45
15895.41
144.3
753.42
135.74
54.22
195.41
521.17
94.52
220.18
58.64
89.5
123.14
220.93
32.79
466.05
54.73
53.25
241.1
200.96
40.99
113.5
11.1
118
144.3
42.93
18.68
11.17
62.42
174.6
326.55
85.62
45.41
125.45
328.22
178.09
302.74
771.34
857.12
1341.83
2745.71
623.54
1175.38
620.49
214.16
247.86
359.96
739.26
257.62
381.09
600.99
571.86
2476.01
4204.05
7816.7
3484.65
2075.84
2093.69
811.16
2987.64
2817.78
1363.52
5401.19
2364.64
859.85
1998.49
623.42
477.59
501.94
115.32
1389.12
580.55
525.62
696.11
357.17
2069.58
498.51
664.12
792.77
177.71
562.28
89.09
5205.32
284.96
2679.53
2934.67
2294.42
492.59
179.69
360.13
1330.81
1576.48
532.25
662.06
2547.67
1140.97
2382.01
955.34
1191.25
730.53
2693.55
1261.96
1232.9
2047.43
1747.02
2261.44
605.49
1053.22
604.41
3350.49
1870.54
2891.29
426.22
674.6
2053.99
556.61
861.33
124.96
286.24
455.97
820.52
597.07
514.16
3361.83
1381.64
826.78
235.5
461.7
360.79
823.4
78.35
300.76
181.7
253.92
232.47
186.88
441.27
306.2
636.43
153.64
762.42
77.03
791.52
312.2
133.95
293.36
1897.19
2224.3
2111.36
929.45
892.8
1166.9
1258.95
803.68
2066.69
2459.93
509.44
1624.27
2942.69
323.02
1290.31
1156.84
200.22
938.07
187.74
348.03
641.4
1079.42
508.15
877.64
846.81
628.8
570.89
298.1
308.58
752.13
595.78
573.26
68.32
47.62
318.29
208.45
138.89
55.48
123.58
171.39
432.89
70.36
355.94
95.71
47.69
348.12
309.76
154.56
4792.81
2012.63
636.97
874.81
294.15
556.83
3202.81
1264.01
1301.26
744.27
1517.29
2482.61
1616.16
1916.64
4767.85
1848.1
1997.21
1883.05
174.34
2786.13
423.48
342.54
2181.38
598.41
2797.44
1862.95
784.81
2981.7
453.54
1727.41
438.96
408.19
127.43
201.02
844.11
4252.71
365.86
2639.14
1608.6
2751.46
1720.88
3415.47
4461.18
336.03
3660.59
586.33
373.45
688.8
98.84
779.46
1275.75
1995.17
1148.54
176.55
680.66
962.33
317.95
1005.35
84.95
646.07
2027.73
1633.13
1552.85
2175.75
1937.46
794.51
2647.88
1495.16
655.5
799.74
1274.14
2504.08
1798.5
2271.04
2554.31
854.71
882.14
5896.44
1272.45
144.93
1266.07
277.27
945.07
1794.34
3107.85
3420.42
626.04
2229.41
1041.98
2030.59
1690.95
3240.61
1493.74
2224.85
4394.26
584.05
339.78
338.91
682.39
153.34
1054.41
267
258.76
429
379.62
288.9
783.74
486.04
619.45
927.49
201.48
795.44
1226.39
1196.27
1422.91
927.31
548.11
673.21
145.38
706.81
633.48
462.56
192.8
351.75
600.73
972.72
249.33
76.22
219.5
55.98
846.54
424.71
923.35
94.9
170.28
129.22
85.1
640.67
429.33
87.19
79.98
206.01
365.54
112.25
1456.14
1213.31
1449.79
90
1045.05
727.12
845.03
200.86
1186.63
1761.82
1830.19
753.65
929.21
526.58
619.36
1378.99
1064.86
4435.42
1149.18
1161.17
2447.9
1550.41
5354.53
1088.67
2841.72
1347.39
2086.77
339.26
1445.13
1338.11
436.08
607.76
2791.57
778.95
241.31
214.53
774.59
368.86
1555.6
101.46
2070.57
808.12
1986.73
1252.33
2579.28
546.12
735.12
1004.83
2872.55
197.44
764.26
1357.87
1177.84
1213.82
832.53
1759
741.18
2149.84
1706.64
339.84
576.26
1421.21
191.68
402.34
185.09
309.71
155.51
1970.94
285.32
251.86
518.03
194.62
813.12
108.07
718.35
1310.85
865.9
471.79
167.34
202.82
335.38
439.1
162.04
787.33
81.46
125.91
1023.48
129.56
475.28
456
484.41
49.28
289.99
586.97
585.98
304
714.65
2609.92
2984.35
3643.57
2217.23
875.05
1035.76
849.71
494.32
374.06
1077.48
1980.75
611.66
451.09
297.54
805.57
1327.59
471.74
4273.2
1278.96
766.58
300.09
401.73
341.9
810.15
1664.44
442.28
455.53
2731.51
963.86
1208.34
1755.3
182.24
2892.64
674.11
1856.56
1203.74
3822.13
836.68
342.37
451.28
3130.83
2106.13
855.2
1613.77
1588.1
1843.71
366.05
952.58
835.62
1674
652.45
1361.78
804.88
991.89
1626.92
189.57
1203.74
4086.07
639.1
898.24
1002.98
1349.05
2318.97
818.77
3585.8
2736.16
1012.88
2672.21
797.9
1129.56
134.57
1109.09
1488.2
1611.53
3693.34
1328.25
1556.86
2179.78
1049.61
788.46
99.36
790.08
1088.84
152.28
1509.54
562.04
2208.98
133.14
312.97
394.4
2205.75
976.83
637.73
1755.78
962.68
324.37
1728.74
643.69
1393.33
287.1
941.95
318.2
183.18
1072.11
1600.6
561.36
429.58
2138.71
794.25
804.48
1154.75
850.18
1461.84
104.2
1934.24
546.21
885.65
200.65
336.03
1949.95
2884.08
667.03
789.01
729.37
1323.25
234.44
680.71
506.34
328.77
245.99
570.63
346.89
126.25
458.09
718.42
581.08
467.48
477.13
581.87
173.36
303.13
160.33
2194.05
30.33
224.83
363.04
1263.88
7.28
669.13
299.98
82.96
1494.94
156.72
558.91
950.01
387.69
303.28
109.41
560.56
641.49
1769.69
740.34
1032.53
552.98
313.85
185.03
777.15
1357.78
277.5
863.8
468.48
499.49
453.24
240.65
225.58
254.53
528.55
539.81
267.82
791.19
877.57
151.18
101.45
246.2
97
593.37
86.15
301.02
115.77
426.29
812.99
92.68
260.21
1416.13
1570.37
1464.76
381.5
147.21
1184.91
2435.37
2088.13
1617.51
72.67
84.28
2284.7
403.94
542.33
1048.57
4422.01
3097.26
2202.38
5697.87
1571.84
1024.43
1349.45
1255.93
1341.18
1782.41
8316.05
1764.14
3009.86
1408.22
2412.08
156.6
239.82
185.3
216.08
84.39
73.04
466.18
31.76
331.62
405.16
682.98
62.67
58.88
685.5
50.73
529.71
521.38
4628.48
2232.28
380.47
988.47
1104.22
1106.06
1426.04
161.41
1338.26
465.98
2455.59
2096.51
6416.14
983.23
2436.62
698.16
961.73
365.5
1016.46
246.98
1895.62
984.03
293.74
2024.42
501.24
2909.36
485.6
1470.23
170.08
1569.82
1415.09
856.6
96.93
599.49
564.7
483.4
230.47
394.81
1245.25
408.65
295.01
573.69
445.84
114.42
680.05
288.8
523.27
826.6
1911.8
291.86
472.4
1181.9
51.94
844.61
1030.35
608.03
1100.34
801.23
887.75
863.83
742.43
2084.99
288.63
773.36
376.3
1566.81
1201.83
1940.74
128.1
299.22
347.06
1155.16
924.28
1937.93
100.61
674.19
2313.17
1873.28
362.53
169.74
226.8
1327.08
559.38
368.96
434.41
559.95
596.24
403.46
566.2
280.76
404.04
123.45
421.13
584.47
465.48
176.53
794.9
1328.13
3045.22
557.74
239.01
423.89
1843.28
28.48
1157.46
508.12
691.78
498.38
853.59
424.84
740.77
1762.48
470.5
1704.73
3168.2
2597.78
1197.3
1049.86
1052.8
1017.67
124.03
2152.03
490.9
2721.48
327.87
1480.2
2402.56
230.75
907.29
149.98
62.08
168.49
437.48
455.79
280.9
157.91
447.24
769.66
680.26
513.87
543.06
1535.77
394.72
324.53
320.23
64.79
180.92
420.53
79.86
53.01
325.36
167.62
129.26
397.69
208.22
156.71
135.19
25.23
667.87
647.11
326.64
2453.57
187.48
378.05
990.79
277.12
301.32
1532.44
1664.66
49.7
1141.07
84.47
166.18
168.51
1087.59
340.96
440.76
55.39
615.63
180.09
257.71
840.91
337.28
178.12
199.4
276.45
164.22
669.81
603.97
365.3
91.27
188.74
642.03
187.34
197.83
142
379.34
60.77
245.83
546.28
245
393.72
282.73
171.36
52.56
305.31
41.97
81.66
295.01
47.24
590.57
246.19
560.05
154.43
76.53
321.46
353.89
842.97
331.57
351.7
59.66
418.65
159.11
1158
982.63
300.89
1529.93
120.56
640.58
1157.44
896.08
1428.7
3224.5
1270.37
2767.73
521.79
5338.28
2338.02
1483.18
39.56
22.1
8.63
37.81
34.26
11.61
33.48
23.47
31.88
32.56
7.11
15.29
34.92
15.88
80.31
38.23
663.96
180.21
662.51
987.41
750.73
179.48
547.41
147.28
1277.84
1603.51
649.22
384.56
1089.2
773.35
587.34
1085.12
780.36
414.4
134.54
874.76
1061.02
407.47
1168.04
222.55
692.81
327.33
639.35
873.25
447.64
77.8
384.63
187.43
865.18
323.4
184.72
418.2
91.4
300.52
366.03
159.62
298.22
299.66
313.29
289.26
729.48
1147.89
46.85
437.8
297.72
80.84
709.35
1590.79
1600.1
715.17
256.5
1724.36
766.02
60.34
368.38
508.49
1009.86
152.63
1558.84
1330.74
875.78
1447.33
946.49
1396.82
1010.59
778.97
2271.64
758.52
1962.7
1242.07
2180.95
3930.86
1946.46
441.66
965.86
731.48
189.95
172.38
308.59
142.93
406.74
79.83
655.62
633.24
672.89
234.48
389.85
177.49
462.08
86.78
313.95
484.26
724.84
730.68
1729.27
657.42
686.71
1289.41
808.81
416.95
1060.4
335.27
1373.87
547.51
1603.8
1906.35
2079.01
636.26
657.13
124.45
641.16
402.79
868.96
461.42
774.86
1402.77
1899.39
440.28
1753.94
646.67
1277.86
442.31
2451.91
1199.74
1287.7
1437.04
1945.23
671.28
2037.45
1199.79
1092.06
975.75
5263.45
535.19
2077.93
611.67
1631.82
643.23
2251.47
1291.39
95.3
367.43
523.41
447.88
59.01
365.54
640.32
766.83
492.06
653.73
465.37
185.86
574.05
1054.87
602.54
664.53
704.09
324.35
159.19
805.01
202.83
1344.42
642.91
640.43
384.9
15.99
193.27
1688.02
495.2
704.43
639.08
328.44
9535.71
2227.91
2054.63
3293.76
812.48
2075.52
48.87
3638.97
1449.21
1241.63
4541.83
4621.51
1779.12
1282.46
424.63
1239.78
947.07
333.42
963.6
141.86
367.41
1131.91
695.06
2072.95
2537.93
505.55
790.43
477.78
950.33
291.04
103.91
513.68
1018.08
409.11
368.1
625.72
380.38
573.02
246.31
119.55
55.89
92.12
102.62
60.18
301.35
617.17
288.46
401.89
208.22
1219.1
858.98
385.82
247.33
723.05
365.65
527.22
1033.68
434.14
667.41
692.83
741.13
341.69
344.83
1288.33
322.36
714.2
539.97
169.53
49.16
846.23
1273.76
472.23
525.04
73.22
178.88
769.72
538.12
609.7
253.64
474.57
136.29
1234.84
239.57
253.71
265.6
50.4
153.06
11.18
179.03
417.88
202.56
97.24
39.96
268.81
274.03
304.04
1227.07
734.97
576.61
511.74
1235.11
880.58
940.03
894
1329.61
1219.46
933.32
2969.86
1779.09
35.92
3055.9
553.75
4177.08
294.32
1086.23
3020.17
4638.97
2039.17
1230.72
712.81
1328.71
3181.57
1129.25
285.62
5957.88
2473.67
3159.57
1671.12
886.95
3387.31
1012.25
1950.73
1080.96
1317.56
2423.03
6054.68
1420.15
1932.58
3453.15
2171.83
1932.93
2113.31
1247.11
266.78
27.6
28.46
35.86
102.94
58.17
116.72
125.99
122.25
92.14
136.34
91.31
149.1
30.89
268.39
170.28
50.31
3853.59
924.96
6228.8
3400.02
5816.58
635.86
12890.99
5384.54
943.95
2397.78
3284.09
5809.01
2635.43
4031.12
8747.49
4649.46
434.38
443.85
1176.25
589.09
2188.85
1037.89
404.07
884.84
1491.64
555
918.03
940.91
636.67
1308.51
514.02
758.3
948.79
825.61
320.63
644.72
1089.35
90.68
212.49
1239.83
118.47
621.54
123.03
418.71
714.29
408.36
405.4
465.49
192.12
798.18
268.7
769.32
626.83
652.6
597.1
39.34
294.99
649
14.44
150.75
536.8
346.6
350.9
259.09
1097.98
555.97
266.2
514.72
54.96
581.07
917.03
1485
161.92
134.77
159.56
189.07
459.24
284.29
603.28
249.94
1092.52
1726.02
81.97
587.2
1480.17
342.17
927.49
611.69
1051.65
467.29
747.45
1376.26
883.42
2473.74
1134
59.7
553.09
1914.46
456.02
1012.8
963.2
421.21
1116.08
1779.86
241.32
600.22
314.66
1913.46
1185.85
591.57
457.03
829.18
269.62
337.88
358.23
486.7
119.28
101.22
239.5
55.41
165.88
660.38
137.29
425.43
60.02
679.9
371.02
677.81
915.6
676.43
1126.32
580.23
1284.88
853.11
1932.68
749.08
1393.23
196.15
243.37
1135.94
63.62
545.86
307.6
1087.14
170.5
20.94
38.5
161.28
83.14
116.48
206.39
114.1
56.74
208.36
235.84
101.58
342.35
243.42
268.94
165.88
60.74
499.73
360.52
120.63
119.2
73.76
22
171.94
373.54
93.35
92.98
265.11
131.69
390.05
502.96
308.15
18.4
126.73
469.89
47.94
133.15
224.82
233.07
420.78
229.49
354.77
286.37
236.04
453.91
90.87
387.39
4.23
238.98
1175.37
520.84
490.21
226.49
302.06
142.86
252.9
137.11
85.33
241.1
44.65
15.01
230.38
162.76
14.64
1041.07
502.34
787.91
627.8
556.68
612.93
277.29
219.19
1005.98
581.86
417.13
466.1
1205.59
410.5
708.35
205.93
165.94
248.94
571.39
1717.1
431.71
791.69
470.83
352.87
455.55
456.82
792.24
121.45
822.89
952.27
691.05
857.03
68.31
86.36
77.44
113.52
455.65
291.63
142.16
423.07
200.44
163.89
62.49
159.96
248.49
240.86
358.45
253.3
262.52
309.97
217.95
276.15
756.79
85.79
15.95
271.99
22.08
498.98
393.99
299.38
70.61
128.29
205.28
84.43
2260.65
8397.17
5280.33
940.04
1594.59
5282.39
1728.89
2626.99
4286.96
2773.12
6654.48
1200.22
464.34
4145.99
7594.06
2027.5
2287.29
788.58
1290.5
546.84
5051.79
921.43
1499.84
391.23
641.51
2527.42
3119.43
1277.57
4402.21
920.52
1848.52
2325.88
957.98
358.44
1884.63
1328.4
1320.54
1862.83
1129.06
840.97
1870.25
3449.67
779.92
2264.17
7617.13
4451.31
2873.66
970.76
735.28
1040.88
1869.43
918.21
1507.59
672.54
435.17
494.08
1448.28
3715.79
643.13
1002.25
537.12
286.71
491.95
1563.02
3058.32
1113.96
4284.62
2387.22
2373.21
10516.27
612.7
659.24
160.27
221.87
1514.26
2946.21
2521.3
1274.87
1557.94
291.18
7103.36
1196.45
1127.58
3266.1
2181.5
1863.78
4810.14
3812.5
5023.82
1728.78
3398.88
4471.63
3970.31
2957.61
757.67
560.99
264.5
160.15
401.15
1085.85
156.27
191.73
454.78
1116.02
1362.37
674.82
177.82
341.34
160.67
1193.14
534.41
1769.2
1004.3
33.35
784.78
101.9
469.24
592.81
286.36
1778.33
1449.09
917.49
317.59
1423.9
112.56
1474.57
159.37
45.87
197.87
259.08
691.27
364
471.55
342.99
664.59
855.1
266.34
147.54
81.45
365.5
656.98
727.83
168.63
336.32
876.05
993.3
1357.43
217.84
781.12
215.7
287.54
546.68
1548.85
986.1
743.93
817.78
464.02
1279.93
778
2393.23
69.08
183.52
45.79
58.21
114.92
52.56
107.47
62.41
283.6
48.6
74.64
116.33
53.83
139.32
95.41
76.07
122.09
20.1
291.98
29.41
322.32
310.7
111.31
8.71
238.59
98.12
233.19
108.61
143.92
131.8
267.37
39.86
1097.43
265.78
1669.96
623.47
72.98
386.8
403.69
467.53
385.68
1365.31
1110.24
1474.01
71.6
795.84
401.05
1304.12
257.11
126.36
796.3
13.47
281.56
251.34
389.21
417.31
166.06
107.57
902.51
510.24
660.11
203.78
610.55
109.45
917.13
1154.59
746.28
400.2
2444.93
2228.83
548.27
680.08
1836.32
2980.4
842.54
435.18
4099.84
1357.63
928.22
786.54
1615.39
1909.22
1221.77
2557.99
949.84
695.53
626.88
1993.37
3313.44
1471.41
1522.69
1240.56
956.25
2080.12
844.04
1953.44
388.09
1021.03
334.81
690.88
1577.32
148.8
2594.91
872.44
1190.68
1125.43
1519.65
239.54
1618.48
250.73
852.37
1857.79
324.86
453.26
106.51
600.79
216.64
2233.98
99.9
542.53
831.61
2715.26
106.75
49.46
1303.87
1458.71
234.05
2870.44
124.72
135.64
29.74
286.49
151.17
94.61
42.91
97.01
26.81
126.06
371.78
610.91
279.77
80.91
1149.27
303.84
47.66
248.62
806.95
1644.29
99.09
421.65
47.55
448.72
758.08
258.61
845.28
364.81
752.01
369.82
229.33
247.2
70.18
95.87
372.73
23.07
646.05
480.64
271.26
334.15
189
374.51
310.35
454.15
35.32
531.91
107.19
777.98
4668.9
1126.25
2571.52
999.07
2245.95
1164.31
679.85
1035.47
2077.28
408.7
2687.5
2564.45
958.52
464.24
222.77
1333.41
193.89
182.51
331.92
214.46
423.14
349.53
67.16
573.47
544.2
299.86
761.65
348.39
341.61
1139.1
830.41
1401.79
16.69
77.56
32.15
52.76
59.59
115.79
17.32
10.42
21.95
43.73
21.34
42.89
27.35
42.14
29.96
33.93
105.23
856.47
327.91
1947.49
1969.76
706.93
1723.82
1589.85
1349.51
1660.12
1520.81
3064.54
157.72
949.23
2309.78
178
1993.88
746.73
4004.12
7426.52
2472.43
2411.2
3873.3
2761.77
444.33
123.19
2478.76
1117.7
2658.91
278.56
905.44
172.99
216.18
674.4
74.5
2135.44
1646.45
1211.37
725.27
1866.79
2049.68
392.69
267.82
728.23
1255.43
1215.27
1406.42
542.95
3265.21
258.71
578.48
428.04
813.97
736.77
288.95
152.87
3619.35
1226.41
113.36
1490.64
1752.33
3177.33
1328.95
1005.19
684.93
867.5
452.17
1483.49
617.34
323.39
85.97
645.22
345.59
278.19
1068.87
46.77
382.89
171.16
882.68
141.16
315.83
409.12
1371.89
457.8
1095.77
1049.7
1011.88
206.5
1298.43
709.48
651.77
1480.78
1046.4
185.92
1024.87
895.15
259.92
814.37
916.35
227.66
412.89
20.45
267.57
380.46
239.09
1120.53
394.86
350.36
166.14
305.8
943.06
1162.06
347.5
196.44
337.65
255.27
368.8
198.68
917.76
158.93
575.32
303.24
74.33
86.64
700.74
298.69
609.11
20.22
731.79
208.23
5265.43
2008.64
1796.45
626.85
1477.92
1207.62
913.45
466.16
696.85
2851.7
4917.52
1977.58
1696.75
2399.32
524.67
992.71
1211.72
1397.14
1900.12
725.15
1775.7
3689.65
447.12
749.16
925.64
2963.21
241.78
5603.28
2086.28
2106.32
370.55
391.75
120.16
103.03
393.61
25.35
443.37
372.29
258.78
156.78
43.28
1460.68
973.28
469.51
252.68
633.26
252.77
286.91
3363.79
1427.48
1082.91
1681
660.08
1932.58
479.15
917.8
1474.8
863.55
211.99
2033.27
939.33
649.06
308.11
710.38
117.87
1320.59
523.73
196.28
584.46
158.21
326.16
396.09
122.63
854.46
195.21
716.04
481.48
785.31
270.85
74.1
24.11
112
223.59
467.11
596.6
261.28
50.54
294.67
168.35
110.27
62.95
204.31
186.96
102.85
622.35
354
893.25
1293.57
126.75
1024.29
2673.48
1319.74
1812.31
788.62
456.64
3874.54
2518.34
2088.06
1802.29
269.1
3489.36
4339.43
2857.12
1598.61
7953.48
1204.43
261.87
2782.73
1359.43
999.45
4795.67
2192.09
4569.72
1532.34
2490.44
3205.71
795.68
886.06
2260.07
297.18
1562.27
596.68
1306.35
528.99
4208.6
108.53
345.32
144.91
139.69
548.27
216.64
331.13
107.18
448.11
428.37
485.83
441.93
74.79
880.18
1062.53
745.96
413.58
217.33
1736.43
989.67
1471.92
1211.44
570.91
603.89
700.17
3054.62
1328.98
1101.91
473.5
547.6
2029.37
1437.4
205.19
1554
333
420.71
1225.25
1783.48
475.69
4548.2
1312.81
2310.56
1688.7
3665.75
8656.74
1680
2223.32
1854.78
3538.27
2356.5
9017.12
4300.81
1064.37
4264.62
1555.83
2085.95
3217.33
602.34
807.81
937.7
1251.52
1113.43
1229.48
3297.15
1705.71
212.7
795.46
336.08
1675.22
1090.26
1596.61
71.13
7.75
24.38
70.83
41.25
113.14
58.06
27.23
5.86
28.58
14.52
56.82
28.2
12.43
16.59
58.41
371.19
119.95
312.2
175.15
175.41
426.57
541.31
1616.18
312.88
322.86
1729.82
194.11
752.84
27.84
631.6
1316.22
767.54
70.75
343.02
492.11
602.13
501.52
637.96
1266
242.86
429.73
153.3
455.7
231.39
621.36
318.67
1132.11
215.84
460.13
233.03
201.39
504.75
458.7
141.59
546.22
120.4
23.6
169.59
358.4
298.46
48.04
405.78
276.55
315.99
1821.41
2328.5
921.78
3542.96
1667.49
2025.23
882.27
1836.66
1014.77
686.17
1762.25
2667.44
3552.33
595.76
1462.58
407.58
2968.71
1277.97
533.74
529.6
641.24
1160
1447.23
627.27
1596.72
994.47
1226.57
867.8
683.63
1968.47
760
2459.59
3504.51
3734.96
1123.01
694.68
4948.12
2043.13
4183.27
792.01
1946.86
1481.92
1286.25
3270.36
2666.95
3543.45
2624.24
579.26
558.78
1425.78
2003.96
1123.83
928.05
269.62
1308.26
453.94
816.51
172.96
478.83
590.27
832.49
1154.25
1312.28
422.97
2682.01
2432.13
1454.29
1358.61
1088.25
607.99
240.67
778.64
1672.26
2199.17
1547.98
2645.67
1174.77
1049.59
1031.41
143.21
19.29
1111.18
555.16
513.67
2018.77
522.29
464.65
558.31
1067.14
540.94
482.41
184.45
1027.19
520.6
922.21
551.8
543.53
1111.46
955.45
235.56
218.12
1135.83
333.31
772.41
1052.47
777.97
858.6
808.01
105.29
134.63
531.48
1110.52
1211.04
488.34
851.87
1305.98
204.23
1027.76
795.36
266.5
1085.75
937.74
1551.67
281.89
226.28
324.21
409.66
2402.26
2721.29
3308.68
2262.42
1782.53
354.3
2100.01
2476.91
1209.31
1966.78
1630.56
5663.92
3803.53
2084.42
14443.99
5951.72
1320.63
687.99
2695.37
1878.54
28.04
2351.12
1609.55
277.28
2223.14
143.34
852.14
2277.04
1365.93
736.89
922.57
387.6
200.99
658.81
275.01
440.77
343.03
959.99
56
142.81
346.9
212.1
259.76
209.54
238.73
481.65
961.03
126.55
30.49
17.6
5.85
20.54
27.24
20.33
15.81
16.13
6.65
9.85
28.53
16.95
13.35
41.06
19.17
25.76
2619.86
377.46
1932.25
1125.78
1013.71
1010.09
3347.04
691.89
2349.56
1310.99
2840.34
1347.93
179.84
1270.36
119.09
952.79
1508.98
206.87
2273.6
613.34
55.37
1133.32
662.72
772.01
1441.66
1819.4
1654.67
3161.63
1228.46
370.71
299.06
95.77
996.93
137.75
1591.33
216.34
962.43
274.21
578.74
314.71
467.98
1331.3
282.94
325.19
108.56
173.75
425.15
198.65
328.52
831.62
916.08
681.1
368.29
387.15
77.1
635.02
643.54
257.34
607.26
1193.5
401.44
234.76
129.45
691.17
2036.33
439.01
352.9
365.77
1470.55
475.21
4967.51
1669.58
3899.17
286.3
3886.74
1566.69
1279.87
1722.41
364.21
6656.36
1579.59
2735.29
2548.83
440.05
223.16
456.94
976.56
1407.9
1034.8
1336.34
3120.4
1354.19
108.61
689.74
3871.24
2543.12
706.88
3127.15
1128.04
1016.26
36.38
2676.88
3003.99
1936.93
1383.79
1539.95
2288.09
97.87
555.93
1460.01
3500.27
2045.28
3884.44
3029.13
10760.76
1989.96
7863.86
7017.01
2771.45
3000.13
3289.39
7969.42
1198.59
342.26
3819.14
13666.07
3500.63
3196.72
119.95
275.68
246.09
329.21
316.95
515.27
811.89
543.77
241.67
567.93
433.22
1056.15
316.66
1254.9
143.9
235.42
206.48
1137.09
679.31
770.97
69.74
436.74
653.32
568.7
1284.77
1012.73
589.18
127.2
1227.42
1245.56
625.64
572.93
310.22
1873.46
366.81
1281.42
491.13
1333.79
1198.34
447.7
1510.43
540.3
328.88
840.19
2134.96
739.55
376.58
1515.29
640.36
966.26
889.87
1794.45
1126.13
1528.97
2245.4
3405.98
763.3
2934
677.54
1365.83
824.84
2842.11
2203.64
2261.48
105.37
4357.4
164.93
2374.72
2116.31
2341.16
449.79
61.55
2994.93
1489.91
1223.47
316.87
701.08
1026.74
689.46
2962.87
1573.15
2397.4
995.45
130.92
1592.15
3234.26
345.3
1494.24
2815.97
755.87
1410.5
418.5
296.3
417.01
54.26
397.63
919.31
464.08
1092.97
1338.16
941.49
861.99
917.53
761.76
759.75
834.19
1276.91
1865.08
2901.79
1678.6
1185.7
302.79
695.42
371.62
13.17
1070.09
824.31
1001.56
1285.52
174.4
588.26
86.15
399.8
1293.93
585.48
189.07
372.7
481.19
201.55
17.57
132.57
240.11
318.1
352.64
121.54
325.21
559.05
225.67
120.06
116.7
154.45
29.74
211.83
276.71
304.82
66.87
282.79
1867.96
1353.75
2094.9
72.18
245.7
1339.38
36.57
2244.83
1405.84
960.52
596.82
2920.42
1002.1
458.72
113.39
656.17
256.04
491.66
329.1
388.32
172.73
320.2
559.59
419.66
594.82
361.18
1654.89
93.18
45.35
43.98
12.57
25.64
46.23
44.06
41.82
11.98
37.38
44.5
27.38
3.19
17.29
29.02
49.65
136.26
40.09
73.02
596.04
167.03
1195.29
340.16
1990.2
355.99
572.19
234.66
164.49
588.34
661.37
165.82
398.82
638.15
645.16
464.05
1945.52
1623.87
5829.55
6374.01
515.63
2431.82
4601.16
439.86
2939.38
3972.81
4145.98
324.31
3539.76
1017.44
871.67
770.04
315.54
2110.68
180.45
318.41
713.38
1086.8
419.31
449.16
1044.46
369.55
905.24
237.72
1778.35
415.28
1798.92
1068.8
114.46
789.4
198.33
2224.98
378.38
954.17
570.41
631.65
973.22
420.63
94.47
1105.3
778.35
467.22
442.35
699.14
604.46
602.92
244.08
87.25
141.53
900.41
459.22
52.84
641.5
389.1
473.89
287.73
1120.89
686.59
791.42
333.63
762.81
1097.73
153.06
230.95
1459.75
331.1
671.74
252.03
714.7
353.45
560.98
767.54
1676.54
391.22
529.69
3648.08
1746.43
1062.11
3067.05
3373.57
2079.73
5367.87
1115.69
1989.77
978.4
5414.67
2400.76
1621.59
6736.63
8662.56
1490.74
4307.9
3932.44
3329.71
534.48
442.25
1653.57
8795.94
3236.9
589.58
9205.01
5280.94
389.71
7402.14
324.9
7053.79
2128.23
910.97
607.88
1674.84
1489.48
1594.65
2674.13
399.43
866.05
13.26
336.93
583.71
578.69
361.85
175.93
105.98
247.86
2924.97
165.08
575.5
71.18
52.05
207.91
409.53
293.38
267.95
227.49
652.25
865.46
328.55
1160.21
854.52
771.15
202.19
90.69
723.96
774.85
1365.23
1003.06
142.38
2206.68
2277.91
3025.85
1507.15
744.86
1297.83
1182.21
1062.16
338.74
158.49
3.17
87.9
12.13
105.87
127.03
69.18
202.85
123.78
49.5
58.42
171.02
99.6
41.65
264.7
171.83
899.67
1641.47
166.55
267.95
649.64
1146.96
1124.38
1120.64
432.71
502.91
442.23
853.32
1230.8
415.96
1361.15
728.86
356.01
188.19
29.41
208.2
301.94
98.74
39.8
620.65
363.25
43.84
109.15
47.02
228.81
329.45
39.07
87.53
2684.72
954.3
1139.88
1813.01
1199.94
1167.02
1468.21
4015.7
1738.13
750.77
1570.44
2690.18
657.29
2126.29
1182.58
862.41
662.9
1371.4
378.53
626.69
106.66
806.43
1639.38
3581.6
824.01
284.04
161.89
1340.14
197.88
1181.62
932.48
76.84
1219.25
2140.16
4345.78
1498.86
1061.81
1549.6
777.99
4284.7
3413.54
406.94
3465.83
1300.76
1846.03
821.58
1017.21
919.25
4263.39
1514.42
209.05
759.86
1744.23
2737.9
374.09
487.08
1928.34
2508.75
2339.59
1545.22
1893.42
468.91
974.33
1675.85
62.56
9.49
25.33
15.24
24.48
19.23
21.33
31.51
10.49
21.15
72.46
56
17.97
47.73
13.77
11.66
208.58
797.99
425.89
258.41
471.55
395.84
138.67
417.41
170.32
515.42
581.39
514.87
242.76
633.25
593.67
231.94
1584.51
2921.29
1112.53
1165.4
1206.22
268.91
942.98
357.94
146.34
1549.37
1207.2
348.07
773.32
1742.82
891.03
447.32
1049.71
258.7
78.92
132.92
57.94
524.54
31.19
119.73
485.85
270.27
767.26
960.33
483.11
176.61
66.22
552.73
140.98
179.81
217.01
720.64
293.94
471.86
941.81
341.31
88.42
1049.9
582.21
88.25
80.06
181.09
967.7
1052.61
136.81
22.52
26.1
132.07
128.57
26.36
96.89
27.12
127.85
164.17
182.96
162.42
80.7
17.13
55.1
76.24
448.51
118.88
280.91
710.42
332.08
380.36
823.26
267.77
20.07
147.04
987.79
636.6
379.23
1020.46
917.82
167.62
814.31
297.83
537.5
825.27
105.77
1175.63
1769.56
953.63
1599.15
1727.41
949.36
1213.99
597.92
440.96
138.5
426.61
3620.29
776.87
2414.09
291.7
4159.85
270.51
916.21
3747.32
1332.61
20.95
547.04
3634
720.03
1281.49
3802.54
865.54
836.99
1607.55
1004.22
3423.23
811.69
296.22
2834.64
3407.57
2463.3
558.58
3041.44
2773.59
1870.67
945.11
3740.29
2274.56
1476.93
2233.78
707.94
976.55
529.19
1022.94
488.39
2642.38
395.85
1496.8
1778.65
234.35
1318.84
142.9
243.31
1421.14
1344.75
485.5
1353.39
432.52
992.84
1010.8
1568.81
762.48
3006.43
1235.46
1062.57
656.92
2110.22
564.43
1203.75
773.53
1117.15
1862.59
997.21
2829.07
1546.88
1639.6
24.13
6679.18
2862.02
2391.71
1341.88
2507.87
188.16
3664.55
2130.46
2459.27
741.53
389.61
3049.12
1360.9
140.74
1193.41
785.99
86.32
1666.21
180.29
1235.39
253.07
817.92
1469.96
329.93
648.56
1550.76
566
1154.59
236.8
1439.41
66.27
418.56
803.15
1308.59
317.82
1134.52
870.93
1921.18
733.71
504.88
433.13
273.91
338.61
278.68
381.43
355.62
113.05
459.19
129.36
623.93
314.98
155.82
205.64
614.42
818.35
286.18
934.42
1903.91
1884.28
438.5
370.42
208.49
2380.99
1244.62
893.6
372.62
1682.46
183.64
349.72
1531.23
322.1
2166.05
801.44
315.74
233.87
1865.59
401.17
33.23
300.55
2663.42
1413.29
854.4
1814.18
628.69
1581.48
835.59
638.2
693.18
2053.54
732.71
1485.58
1681.27
3025.88
3827.34
7024.1
5956.47
752.23
677.15
1267.24
978.79
1776.6
1435.1
558.22
941.14
1649.93
1245.31
94.99
155.54
834.77
323.23
437.5
79.53
224.23
273.06
294.24
214.03
1599.09
889.22
70.43
433.83
803.45
696.6
1353.07
305.88
154.64
1677.82
1264.2
11.84
1296.67
193.82
1440.66
303.72
720.59
234.46
857.5
515.44
911.51
947.13
659.86
979.85
652.7
4322.66
520.3
490.1
1078.68
617.74
810.22
605.87
4199.13
1015.44
780.63
1954.47
1791.11
1597.81
634.26
1532.32
1265.52
598.36
577.28
1334.11
794.67
1340.57
1221.78
1519.95
1547.17
1530.08
7.4
1968.44
2638.99
1267.07
1189.66
4359.3
695.19
9994.9
1864.08
2514.69
957.41
611.79
3224.16
3292.95
911.04
704.74
4299.73
1540.93
550.24
2677.17
2076.61
966.52
3300.07
610.15
4290.62
1069.38
2503.49
1787.05
1876.23
375.37
2692.02
1064.39
785.1
758.64
5633.4
3177.69
2901.3
688.67
701.14
1029.92
364.62
1727.13
4139.81
602.57
569.36
1387.05
403.39
973.03
972.53
1070.63
1249.88
137.03
992.55
1427.33
1281.17
426.45
1053.57
688.71
1400.86
466.27
3280.45
762.76
2667.31
284.92
15.44
1130.91
542.52
225.54
463.11
49.36
959.76
512.16
528.79
374.25
2834.02
748.25
464.48
470.1
404
226.1
466.01
3255.9
607.21
1330.37
252.75
899.56
1005.02
209.22
1176.02
485.89
914.94
681.36
751.44
171.33
223.72
179.82
612.77
510.54
532.86
582.77
1732.69
432.61
667.7
1071.7
394.99
754.41
1562.52
884.81
1697.31
470.09
1112.54
158.21
366.96
1359.77
207.24
358.66
73.8
520.34
988.43
250.43
346.31
123.5
250.17
1378.8
466.56
244.11
102.57
109.81
504.53
43.72
683.25
1366.87
1017.91
827.59
1454.33
1185.92
3669.59
1321.95
963.33
330.73
1920.41
132.6
574.65
441.64
1515.82
1268.71
471.82
1376.03
4944.15
1790
565.21
3414.24
176.06
4785.56
14260.89
852.14
1556.64
1143.34
501.6
1759.08
1944.95
5598.04
719.96
3189.94
420.02
1390.72
2905.8
100.15
113.39
3517.82
140.23
530.71
812.69
977.69
489.76
602.86
2887.34
4698.78
1315.16
831.81
408.94
3716
727.76
1331.88
3231.63
2976.11
3692.29
1736.56
10420.52
789.77
3538.25
854.88
7613.76
2868.01
2249.45
328.77
369.67
305.73
235.5
424.15
197.57
340.44
245.43
287.28
230.27
81.67
654.38
757.73
151.89
639.43
518.96
1423.7
650.56
9718.08
3268.15
14846.57
7564.53
448.34
986.29
7989.44
1879
1415.86
1248.78
3424.13
1916.64
3037.18
3893.77
469.63
916.92
183.98
276.72
92.76
202.25
8.89
537.26
549.2
1072
281.37
638.62
170.91
286.62
537.34
169.77
832.17
155.44
592.73
133.23
1024
2136.08
206.32
798.19
983.87
1029.6
1085.32
375.56
286.1
2014.17
646.64
394.95
343.24
129.42
8.13
421.37
163.7
147.23
103.82
173.83
42.35
33.9
536.63
512.19
131.7
188.75
32.47
95.66
148.47
152.67
321.42
133.35
210.86
698.65
202.91
122.38
520.58
315.24
50.91
220.58
352.33
146.18
505.35
112.98
195.21
117.8
661.89
1103.45
451.42
901.31
377.63
462.42
499.55
276.31
731.36
234.79
744.52
1188.84
1333.4
288.2
194.29
318.86
315.35
321.71
348.6
68.82
306.07
39.74
225.41
463.63
1563.76
76.48
316.62
136.89
470.2
388.41
567.28
478.53
1443.49
1100.6
771.36
248.84
1962.2
2989.86
704.65
755.07
3534.12
3508.45
939.81
2809.41
701.63
1799.43
654.8
1045.51
371.63
1123.89
850.04
306.13
260.75
318.79
963.87
641.36
276.75
497.96
1766.99
372.43
563.1
883.78
396.76
292.48
90.91
45.17
104.67
146.92
189.78
861.45
90.77
55.57
132.21
66.06
40.27
69.73
41.78
54.67
704.73
69.19
245.86
495.65
422.45
143.72
1244.25
1164.92
131.76
1098.37
117.31
2017.13
332.89
222.61
1497.27
1310.43
3378.1
4293.86
2402.2
3605.72
210.68
2148.37
1419.74
270.69
2725.42
1649.08
1177.96
1064.85
1738.77
1183.29
212.44
2288.34
348.69
2306.85
1212.57
169.1
108.65
718.99
1536.97
874.75
1664.74
862.48
842.56
271.32
991.74
262.45
619.11
541.93
267.34
339.85
3962.26
1801.7
1269.09
1514.72
679.97
536.39
211.87
787.87
2135.14
1008.01
785.39
578.57
966.27
2149.19
152.23
153.49
539.13
146.85
54.18
209.22
249.17
280.45
716.69
88.49
643.88
174.65
134.38
692.3
514.18
587.31
1513.17
332.16
2889.96
5953.74
2670.11
1247.19
995.4
1349.45
3295.38
1309.5
1662.27
2426.39
3772.01
506.68
845.77
387.05
231.9
151.75
195.8
269.96
39.56
103.07
73.82
108.52
118.15
28.52
106.78
44.01
109.67
218.69
83.5
34.09
250.87
198.77
89.85
449.82
514.61
217.12
86.19
392.48
60.85
289.9
76.59
522.21
268.36
388.81
357.47
177.71
1231.97
2000.57
642.69
494.71
1326.13
879.09
158.2
1146.88
819.56
2520.65
224.26
973.23
795.94
1161.49
2460.54
2132.69
1185.99
83.62
544.23
712.83
918.62
1178.39
676.75
291.77
315.59
424.35
74.59
2564.49
1686.94
2858.67
978.92
202.6
244.13
186.46
255.16
549.34
940.99
569.46
247.57
580.86
430.52
617.84
585.88
1142.75
705.96
348.34
428.51
294.52
157.72
2997.31
989.12
256.97
1411.27
3678.42
513.65
3358.68
2702.87
614.94
760.15
336.93
3601.4
1976.44
648.1
823.64
1016.57
1558.78
2176.41
1236.43
4050.07
3563.49
2557.68
5890.39
1181.88
619.23
1252.75
1211.06
365.9
8255.41
3304.91
2059.55
159.36
225.95
321.51
207.33
172.75
130.43
705.89
479.56
127.9
1453.34
221.04
539.92
243.47
894.42
419.35
238.35
447.92
128.8
318.6
482.23
209.98
291.8
348.68
238.69
107.08
185.11
2432.49
774
1099.41
209.32
530.57
538.58
465.9
476.24
61.39
634.35
416.11
559.87
360.75
587.73
358.98
49.25
330.59
264.76
121.87
765.23
167.16
398.99
10.77
2181.77
551.02
728.61
676.23
189.85
412.42
298.54
149.31
792.94
863.84
424.97
525.89
722.77
1463.58
170.64
193.98
495.81
496.2
1456.44
403.77
567.62
744.76
90.04
667.92
963.77
222.39
362.26
256.81
505.79
1040.96
714.54
289.94
608.16
118.27
26.26
105.14
186.01
48.11
420.49
364.35
793.51
364.81
262.45
444.28
103.41
925.58
110.99
1063.32
244.85
492.86
912.67
272.92
50.9
523.19
689.51
369.26
529.84
77.79
146.82
371.03
406.24
129.69
133.72
71.47
222.66
1476.85
301.74
128.21
1037.76
583.49
431.88
1507.22
298.51
712.28
1048.74
1116.12
1978.42
376.46
279.17
85.71
26.91
51.27
31.33
25.01
18.88
94.89
21.17
60.84
2.5
3.92
13.1
18.38
64.14
32.13
41.82
1372.53
2463.48
46.92
1597.1
601.12
2499.31
1276.13
1770.32
1795.92
765.35
772.85
274.48
526.42
645.87
4455.96
2244.78
695.42
62.82
605.5
1162.5
177.24
498.83
125.82
103.23
260.35
336.41
1260.77
593.75
482.49
341.96
514.07
1550.87
1853.07
607.62
1993.28
1366.47
557.05
1196.32
197.8
1547.94
287.04
893.99
1179.41
2101.87
2013.69
805.47
5252.91
2387.35
437.37
107.18
30.54
119.67
377.38
277.42
6.64
113.9
64.45
247.89
111.14
304.88
285.47
350.9
374.57
217.23
470.2
1492.27
615.23
314.7
280.73
490.16
1197.25
1963.19
86.35
830.25
779.9
1894.99
387.24
1158.91
186.73
3102.13
209.02
275.63
882.98
476.35
680.55
826.71
477.61
1889.94
1071.79
1351.57
1002.99
37.48
1323.42
323.64
1115.94
593.18
252.66
488.79
604.8
295.99
582.16
66.2
392.08
447.63
203.3
57.24
338.1
524.74
129.25
193.03
1305.31
464.72
637.6
895.74
397.01
725.75
310.18
991.5
194.31
1175.7
891.83
128.22
2999.74
1904.68
1799.05
372.27
137.18
2845.59
31.02
626.5
413.21
64.85
597.17
112.9
525.67
357.67
584.64
228.43
150.35
267.01
202.78
972.18
222.67
831.37
1212.65
1723.95
550.14
834.56
1450.56
546.52
192.02
1102.14
1372.57
258.93
79.56
887.12
972.53
1542.81
203.33
835.52
401.72
329.4
416.36
142.97
457.89
1218.8
387.65
502.87
86.2
1073.39
51.24
15.15
332.78
309.76
393.05
1109.86
2477.37
1219.3
432.41
1160.32
1495.4
725.01
1470.13
197.38
1363.34
1502.32
1933.01
208.7
3109.5
3854.93
3018.06
2365.68
1814.27
528.29
374.88
859.46
568.47
627.65
69.84
457.19
1132.48
294.29
464.25
1276.48
809.98
458.85
2320.77
520.94
148.84
460.77
270.54
34.5
49.17
757.89
216.85
54.11
184.76
444.68
124.99
69.16
243.96
242.14
87.47
38.11
3115.4
2355.81
432.79
1487.5
515.75
2186.77
1954.7
902.51
1072.03
3451.87
429.03
629.79
481.85
844.74
725.9
142.83
4131.4
584.78
3365.01
1507.53
2932.22
451.27
2688.44
270.52
560.3
3142.58
2364.39
867.42
1046.81
2621.56
2007.57
2028.78
6217.64
2409.86
256.38
1124.93
6836.77
8448.53
4018.93
4267.54
1275.39
3738.44
595.11
2359.02
2058.18
4906.58
2553.76
1818.98
317.83
58.58
2527.16
1228.78
1523.77
1449.62
275.44
1825.84
178.8
753.93
1979.94
430.03
217.07
1836.89
760.85
504.31
123.74
152.77
123.11
106.93
486.28
72.71
296.41
469.23
155.53
97.58
289.95
1095.04
153.54
903.65
251.08
175.76
3986.12
7363.48
2262.72
196.63
2580.26
2000.63
2365.09
821.4
1677.68
12792.99
2326.94
2180.34
769.31
733.31
1289.62
550.22
1538.83
2499.03
2087.63
2230.92
1173
1878.09
3024.89
3145.16
1121.38
2588.95
5649.32
2723.23
515.29
2115.67
4248.07
1894.66
166.55
522.62
480.35
354.03
102.74
256.82
148.94
48.67
839.74
151.15
269.35
138.47
212.84
112.7
220.74
246.81
893.32
338.24
1061.41
366.67
361.15
2964.29
5157.12
624.45
571.36
1372.15
496.81
1396.34
1407.13
2446.76
1113.6
1659.53
222.09
301.09
116.76
269.07
48.76
35.23
171.67
246.54
641.89
281.38
1027.6
228.65
688.17
253.68
393.76
350.38
1003.33
476.29
166.8
1947
473.42
1358.81
1132.21
2131.01
393.58
185.67
751.81
354.13
33.55
281.03
241.62
89.74
82.94
398.11
432.36
653.49
207.08
1722.92
211.34
544.38
88.6
659.97
939.99
199.83
62.6
220.2
107.67
1642.43
555.4
485.64
71.78
87.73
62.37
88.79
199.3
372.52
72.76
67.73
58.47
230.99
134.78
368.36
88.44
438.06
704.83
510.32
284.17
230.21
1539.1
132.42
352.27
184.05
507.1
51.63
386.01
385.67
194.34
158.82
171.66
169.27
823.57
1449.26
1099.65
2818.75
855.75
425.52
4343.6
1579.9
320.7
1296.46
3606.03
2558.06
4768.59
1431.48
248.27
2130.46
1874.57
338.31
747.57
1179.86
103.72
1405.19
306.9
1354.81
2279.5
754.71
537.26
522.66
1177.52
871.04
907.48
1520.83
128.66
196.68
231.45
504.99
279.51
47.87
83.22
276.4
312.36
15.68
67.19
114.67
236.77
81.34
347.04
319.91
632.99
569.41
571
61.26
1191.14
597.01
819.15
2935.94
1048.01
337.91
4438.53
1179.45
767.53
997.36
2123.2
885.61
444.96
575.06
922.92
975.76
1032.38
402.78
803.26
1016.35
222.51
1102.32
639.43
253.14
421.97
1860.99
592.49
1921.15
180.27
231.66
204.69
224.16
407.8
724.84
385.1
387.62
580.66
517.54
131.07
699.31
114.81
137.5
26.93
735.91
2964.09
2102.04
2156.41
4322
440.94
1157.79
3581.69
2573.65
1085.9
946.79
894.84
1221.44
373.22
996.66
5120.26
462.11
420.59
320.8
249.06
128.72
394.99
271.08
368.45
218.2
391.19
653.57
332.85
53.38
974.81
258.19
428.39
57.52
333.4
190.67
1284.65
544.84
950.06
1311.61
1231.67
289.86
342
703.74
390.52
528.99
297.83
51.41
58.56
191.63
969.59
269
557.77
402.34
687.48
443.82
217.35
412.92
1100.48
514.73
15.59
432.43
354.62
777.27
525.01
428.82
484.09
1032.92
731.57
223.89
1007.2
853.86
399.73
527.39
474.64
65.19
309
301.27
291.5
436.18
203.08
123.29
1498.9
1976.85
1478.68
340.55
1453.82
676.32
720.71
906.71
521.33
3119.62
1579.05
2547.61
1087.12
1605.72
1719.48
2444.01
341.88
198.57
562.38
441.28
217.44
253.04
100.06
252.28
293.84
699.42
560.52
307.86
271.99
692.29
909.56
366.73
1404.28
222.66
409.32
989.24
189.36
1534.74
465.58
1196.85
338.09
303.74
1657.32
71.9
121.14
335.61
159.96
669.95
408.08
8854
2439.66
668.87
1757.68
3271.31
2241.46
977.32
1171.03
2412.79
9180.36
962.51
535.94
2971.96
1288.72
1145.12
185.82
35.1
37.61
10.89
113.65
69.91
7.28
112.61
16.12
153.69
33.15
18.65
13.33
83.25
93.88
56.07
121.24
104.79
57.47
98.89
22.2
94.78
55.66
111.71
83.2
106.88
31.05
54.64
20.57
58.34
209.5
15.08
965.38
16391.71
1087.76
9077.33
5788.97
9313.44
8908.57
1188.51
6397.3
10348.08
3186.32
5615.05
4697.53
2174.33
11440.88
21030.39
1311.59
695.08
1897.67
1319.28
1174.21
37.5
505.91
1227.89
177.19
797.47
1041.75
443.43
694
520.98
417.64
122.34
75.21
55.74
41.49
11.29
43.79
14.48
38.53
39.02
117.89
2.07
84.14
87.23
26.38
61.94
67.12
53.7
1127.06
267.64
903.09
1312.27
20.51
640.75
982.36
1044.95
220.6
388.1
1765.72
311.88
489.02
178.43
586.66
121.28
27.14
646.4
578.8
476.62
293.15
406.81
382.42
176.14
90.31
297.18
151.55
553.45
23.88
467.32
158.84
403.37
207.13
538.69
172.31
831.04
461.52
99.13
354.66
25.52
1292.61
1443.29
221.69
1531.83
14.97
189.48
537.25
103.33
330.39
289.51
268.07
432.68
502.98
394.16
479.16
232.26
143.24
938.77
388.78
132.9
789.89
296.87
946.31
267.11
21.52
567.07
373.52
535.75
36.08
58.52
171.52
496.74
358.21
518.87
127.78
519.03
344.91
361.49
646.87
213
2116.85
1735.91
1431.06
1984.69
1504.85
3222.91
1962.73
4822.44
4181.69
347.78
8370.52
7921.02
1464.83
1975.1
1340.39
4238.66
672.99
996.25
665.06
1337.09
43.05
1530.97
274.25
685.63
335.17
909.75
266.43
2972.09
603.09
1635.75
1902.34
40.67
63.66
506.86
739.49
585.66
997.26
432.93
231.26
875.66
403.79
571.96
339.45
657.7
1313.51
652.73
132.19
2433.09
73.15
262.91
333.57
438.49
79.9
32.47
511.25
265.29
61.86
167.95
195.27
285.93
1398.44
178.32
373.86
424.24
2206.14
310.57
172.96
737.76
425.3
361.43
1296.95
592.66
933.16
406.31
742.33
2243.15
369.73
45.63
523.81
764.24
1010.1
2019.23
491.52
1309.8
320.57
86.07
2312.33
126.77
144.85
1176.63
670.74
984.72
3211.16
781.92
121.74
2658.5
255.52
15.34
123.89
460.96
150.22
47.11
196.22
174.22
227.89
34.65
160
276.68
21.9
55.18
40.91
171.35
357.85
434.03
1475.11
1812.04
153.19
896.09
529.15
236.49
442.7
1721.13
843.46
136.36
141.74
475.09
209.28
2295.73
419.73
859.91
1858.88
1634.64
940.08
2094
398.71
584.05
825.55
553.02
740.98
408.42
135.59
1740.15
282.6
948.22
2059.38
1319.37
2256.44
3564.2
875.1
1637.62
2013.93
218.18
3670.38
719.82
298.94
1531.8
327.7
544.08
1832.28
1225.93
3649.15
7876.66
2437.56
1962.08
4928.57
3497.16
2067.87
3943.5
4376.77
1084.18
2299.09
24340.04
1893.77
7130.62
22373.87
5334.72
174.4
1012.49
103.64
511.97
172.54
279.96
143.57
81.51
172.44
275.34
519.6
114.43
65.2
584.25
371.26
161.64
710.09
687.47
770.42
388.17
1418.27
903.99
1675.07
948.89
955.69
1048.14
389.29
262.42
730.27
388.37
150.7
1339.07
57.71
339.14
195.92
644.34
777.6
223.01
267.78
61.43
217.97
56.38
238.7
225.92
231.15
16.99
46.44
155.31
1408.72
2122.95
1253.93
778.7
2364.65
2835.34
628.92
1296.6
1200.82
975.34
299.79
2341.56
1067.57
1754.98
7608.02
2184.3
244.7
593.74
1544.74
1104.87
1683.05
1352.33
672.8
798.82
944.5
1017.04
171.53
458.13
1406.12
1158.1
472.88
44.72
90.17
11.74
1493.24
541.78
146.69
352.1
301.66
230.82
476.01
382.59
634.2
61.45
96.32
514.01
224.21
19.57
386.12
695.89
388.89
1112.05
234.42
459.91
1340.75
341.56
299.19
1200.72
1976.76
327.34
311.29
77.96
1343.14
512.23
197.09
836.67
1084.17
599.16
886.22
1554.88
442.72
509.52
692.89
622.53
1316.66
901.41
1338.25
480.24
1136.72
259.19
1142.85
946.83
1852.23
150.65
37.99
500.06
62.77
200.12
628.23
144.93
502.24
236.84
638.01
548.85
692.78
200.35
1214.5
1062.58
940.43
4240.01
3987.79
1248.96
64.61
281.26
726.74
580.29
717.16
679.26
724.39
97.24
776.28
200.23
156.7
42.92
120.42
15.79
33.43
72.88
199.5
35.12
40.95
221.65
193.79
143.28
252.52
100.05
31.44
203.18
492.84
198.79
436.83
395.35
57.19
30.77
610.48
191.66
694.58
2123.71
500.41
504.87
338.65
301.73
441.75
728.77
1290.37
566.03
0.33
659.77
955.43
762.51
47.54
59.57
127.39
371.2
331.82
456.4
307.09
465.91
955.7
880.26
517.53
355.76
191.92
265.6
869.38
1204.14
1089.45
313.35
133.71
961.35
173.59
353.76
604.29
1472.39
1739.16
274.4
1968.08
768.55
772.97
748.76
1449.29
1019.15
580.51
330.38
1118.18
357.58
946.2
1180.52
440.72
720.77
174.09
3110.49
341.85
625.57
225.08
610.9
1333.64
611.38
1395.27
59.32
748.25
266.82
220.3
692.69
316.42
869.31
286.09
1303.49
4376.7
5864.46
2402.87
3823.81
535.3
73.96
1244.29
677.6
709.99
238.05
469.49
2818.26
224.09
568.56
766.21
3680.95
153.42
290.88
1024.1
297.55
469.77
141.12
279.34
589.43
521.84
777.02
1183.83
573.27
738.38
1298.9
567.51
1500.06
317.11
384.42
176.97
81.4
296.44
355.24
70.93
41.11
367.71
131.05
114.75
359.84
176.72
105.47
75.1
196.05
229.57
749.85
253.76
271.47
270.8
641.84
222.92
1598.95
799.11
132.14
532.69
341.39
211.08
277.13
1676.69
215.42
278.18
532.52
795.23
298.65
97.61
319.32
844.93
120.28
1411.62
1082.37
524.26
428.98
937.72
128.69
563.16
164.8
907.95
746.09
442.95
691.27
1611.11
274.54
502.38
960.54
439.15
6.83
273.6
229.02
475.72
205.36
1152.06
321.74
221.88
465.39
380.53
152
1381.78
1006.11
247.49
101.59
513.18
24.89
566.91
315.13
30.47
510.14
149.03
628.86
690.03
760.9
1145.48
404.14
282.84
1669.28
1169.61
4460.4
486.83
342.33
1988.5
310.39
181.81
386.89
1280.13
819.32
141.33
454.84
1107.54
119.8
553.81
382.78
55.06
2.39
374.97
147.47
392.34
763.33
165.39
446.92
251.68
1068.75
114.33
184.82
330.61
45.17
737.05
284.27
255.8
132.07
137.8
206.43
185.28
101.09
271.74
372.82
813.65
164.74
555.7
892.39
562.98
1237.73
34.14
152.4
522.53
573.49
354.04
1273.76
1156.92
149.11
324.06
1366.58
416.37
933.48
81.52
23.48
457.87
190.77
56.72
307.2
347.3
465.82
291.98
495.28
678.3
521.81
314.82
705.05
149.85
1.91
194.04
222.87
71.36
115.74
753.03
196.74
104.24
134.91
190.76
34.42
33.75
72.36
115.25
142.77
153.35
8.49
505.93
500.75
360.62
1364.67
424.02
292.11
104.43
800.9
321.03
50.35
665.09
390.13
503.7
49.47
191.9
571.71
147.76
154.17
148.9
96.33
23.51
169.62
16.55
692.71
239.17
213.8
165.31
173.44
1023.64
107.48
300.94
177.98
1967.22
724.92
1117.77
643.36
24.82
269.67
1912.44
865.08
118.13
385.05
324.95
478.42
1856.23
1333.52
778.37
1065.15
293.26
369.23
30.41
151.86
98.16
37.17
464.69
60
150.05
167.29
53.01
454.53
178.47
80.32
325.1
240.52
4000.32
1912.97
1248.71
1768.35
1791.11
2621.63
3164.24
3668.4
2846.33
1536.96
1665.7
564.95
1507.61
2379.11
1909.41
975.65
1524.13
62.33
1062.25
467.28
1003.23
212.12
600.08
1513.3
504.92
382.83
2548.25
388.63
61.97
980.52
3817.79
925.26
1582.35
324.08
1342.66
123.8
608.8
739.69
1092.05
788.9
2754.69
515.2
262.13
1561.44
2153.46
399.64
884
1163.06
531.38
285.46
87.99
188.3
82.24
137.4
652.89
341.88
247.5
322.48
493.03
185.94
237.47
853.12
305.01
472.62
377.24
303
390.39
223.45
822.38
503.98
186.42
335.92
276.76
90.6
263.46
545.73
25.37
296.65
173.51
335.06
3981.09
190.13
911.59
643.33
1905.35
1462.72
989.44
2175.76
2079.33
1438.55
1334.93
3607.66
787.91
653.48
706.47
1828.24
436.58
429.81
506.91
698.46
979.05
400.45
806.34
768.56
2654.4
294.43
1917.34
916.32
805.65
616.65
655.7
534.24
1495.32
664.84
131.32
1818.29
1398.51
738.78
584.49
1124.56
367.65
644.34
586.99
1849.89
1289.8
1424.43
1283.41
1343.17
442.68
89.13
129.07
308.61
216.17
190.86
173.17
452.52
161.49
138.21
104.17
378.67
168.33
102.44
264.97
377.92
19.19
300.5
384.67
175.35
227.03
273.15
864.98
224.64
540.67
466.51
151.23
481.47
163.93
49.57
155.32
625.02
69.5
1030.22
745.79
733.7
348.19
3091.33
1246.29
402.37
1979.41
1993.34
625.92
389.06
409.61
6064.29
1213.45
744.2
51.45
116.78
518.86
114.4
206.5
272.27
664.98
487.26
84.19
119.85
1031.51
48.12
446.95
242.32
103.58
169.88
651.59
1069.46
1136.3
338.99
645.86
475.93
194.54
351.31
1507.88
328.52
768.84
756.31
498.04
574.27
208.48
490.74
258.45
192.48
628.96
659.8
279.2
333.49
700.19
491.33
1377.56
897.85
148.59
626.26
347.79
388.51
667.43
654.57
648.22
43.76
990.58
481.09
145.69
515.6
323.65
225.5
173.91
223.94
1311.18
341.02
722.37
490.29
469.63
922.55
989.19
309.36
1087.26
1553.84
145.88
1480.39
1978.64
2964.83
1754.37
1790.36
697.02
266.04
148.37
736.86
1767.07
31.74
913.68
703.17
1577.97
1375.79
690.2
1161.86
751.83
93.43
699.71
278.47
3093.76
2760.66
925.95
612.97
2023.08
498.56
540.13
912.31
1416.71
264.97
216.38
735.3
1383.54
1031.72
230.5
1171.65
1371.36
1367.57
363.93
665.02
2013.8
405.47
321.83
224.36
248.53
170.91
220.15
467.1
298.35
3220.82
968.82
190.6
244.33
320.62
153.84
290.31
446.22
161.71
1573.54
1874.78
400.89
995.12
635.21
1057.89
461.84
424.02
1501.22
1061.78
1604.92
2100.01
167.9
217.14
1258.65
181.53
2539.69
422.94
365.8
2957.47
1382.21
1309.24
832.31
45.78
31.4
542.77
1382.51
642.16
540.15
261.03
1234.51
844.88
56.42
52.96
107.07
99.12
17.7
52.77
57.06
69.31
20.36
14.08
67.21
106.16
19.77
80.07
82.1
33.66
996.48
352.5
634.67
317
538.36
160.67
490.49
2073.49
152.65
2.39
107.55
386.82
104.76
762.32
191.14
90.14
855.45
523.25
517.2
609.25
317.43
709.22
317.18
1381.81
1634.77
611.16
979.68
313.39
2242.67
63.03
40.91
879.09
319.2
518.85
1968.42
584.06
676.97
1053.58
2085.3
456.63
101.7
387.01
1374.28
183.53
1984.01
670.83
1074.03
583.51
1183.43
1465.72
1258.45
116.16
1577.14
462.22
1652.74
158.29
79.04
1329.82
306.61
905.47
1782.79
1178.54
2306.38
770.6
1178.43
3152.94
1462.57
148.88
1486.94
1064.97
765.31
1744.18
296.43
2076.74
357.94
655.83
866.94
1656.65
268.77
989.99
764.3
441.16
2096.59
343.15
209.53
634.37
1680.59
1495.19
1663.69
375.65
648.08
2884.99
2393.66
1284.47
80.57
2093.81
408.32
77.35
928.48
332.82
528.64
237.46
829.94
284.04
1403.9
445.32
368.78
722.47
78.57
133.98
371.71
114.14
303.42
138.92
681.25
1031.38
474.22
647.75
325.82
134.54
889.26
1051.51
440.91
1768.74
609.27
699.4
452.87
265.1
1709.61
251.07
692.91
138.64
1067.31
100.86
74.37
487.92
79.79
1089.59
424.12
205.09
877.67
942.27
1557.44
92.98
606.28
809.09
82.13
390.23
1469.11
2184.93
225.82
960.86
337.37
1912.84
33.14
201.42
437.74
553.38
543.93
2337.71
561.14
1555.85
814.95
1855.09
1856.56
1879.13
987.76
5192.57
318.53
1656
714.23
789.85
579.03
1685.54
446.41
461.3
88.2
238.01
301.81
209.22
118.88
754.21
187.01
251.35
267.64
145.72
684.22
233.24
576.57
382.97
577.81
306.93
51.38
19.59
164.22
122.36
203.35
247.98
78.93
286.18
110.37
217.8
9.94
58.21
119.78
335.1
75.35
237.66
1491.84
1241.84
1379.84
119.09
717.85
188.67
562.06
1758.01
1431.58
2400.86
714.04
986.49
874.05
1478.49
882.4
628.81
805.55
294.48
616.93
231.76
5427.85
683.16
559.63
579.4
218.5
2190.14
1516.43
903.63
431.5
1592.28
3158.28
1977
3553.79
1452.06
227.62
1633.88
451.49
397.69
831.29
2206.31
1291.75
1744.43
2653.28
341.84
286.92
977.95
262.41
770.25
4022.81
396.7
500.44
391.93
2009.08
80.12
3093.46
1527.45
1790.07
1133.64
426.49
2931.5
2134.57
1432.33
1315.08
2027.76
424.16
1371.89
371.48
246.76
487.33
524.16
126.11
712.29
1053.65
656.74
235.04
2125.41
451.11
669.33
916.84
110.32
1095.22
1777.45
2498.09
4145.86
2418.38
308.31
2637.04
3415.26
1525.46
7275.84
1893.43
703.11
1637
4027.12
5762.37
4740.75
622.19
1495.85
388.74
1511.71
307.21
436.2
2307.27
1773.64
1592.57
402.47
189.47
856.94
25.69
652.4
640.32
203.55
462.67
304.26
1176
464.75
105.21
95.08
78.54
340.27
169.32
89.52
496.56
727.96
449.74
125.31
243.09
381.12
1261.76
941.67
3188.81
2156.8
874.22
132.87
667.81
929.38
327.16
2863.59
112.53
1452.95
1263.27
1322.92
146.62
1863.95
156.03
36.56
141.06
192.78
53.54
56.7
141.07
261.12
169.67
178.29
429.49
148.25
125.53
294.28
574.49
259.92
1656.49
1426.39
873.58
946.71
2369.48
2823.72
3318.04
1339.05
2101.09
3371.25
4136
5539.03
353.3
2794.47
1974.2
2045.9
313.7
458.84
32.53
1657.47
558.57
1107.88
512.26
361.45
1106.28
341.38
108.24
302.96
423.11
744.99
859.63
255.31
2133.72
551.59
457.06
748.76
1953.61
2059.35
808.22
1921.83
825.32
1061.04
455.11
896.66
530.51
240
1336.03
2563.8
2141.44
2231.54
960.63
489.82
2553.99
1812.07
781.04
1346.45
566.97
545.61
728.6
2733.31
64.84
1375.9
177.03
5644.44
385.31
135.4
122.63
793.17
525.41
64.62
1600.3
626.48
1467.59
823.66
1023.88
560.06
214.63
456.79
450.49
543.7
3044.78
611.99
2506.38
2350.53
1280.02
5338.65
11312.69
2263.79
5727.57
740.95
1336.21
2578.69
999.24
2986.6
802.89
1595.74
4471.37
657.28
2480.7
1688.19
5321.71
2625.96
1253.11
1677.41
1661.17
1705.77
1311.67
5995.93
2438.96
1895.32
3603.9
670.61
103.25
303.02
3039.89
1085.71
4745.77
2614.42
830.17
1793.14
602.91
565.1
1661.81
715.13
443.85
2209.26
1985.75
3745.24
110.21
48.32
186.61
124.97
102.08
213.49
306.53
78.08
144.81
337.47
165.74
153.85
112.39
436.86
245.31
14
138.28
830.52
535.56
11.34
371.83
777.67
369.68
1251.08
1096.72
353.09
664.99
370.35
1115.49
451.27
271.11
83.92
3779.72
637.14
1112.09
744.86
888.68
1108.64
355.68
8882.73
1070.4
524.4
5108.34
1466.32
1896.91
549.35
701.01
1458.07
214.36
51.28
213.78
137.15
57.27
236.35
30.27
473.5
442.28
209.22
61.52
35.07
109.44
168.78
158.75
112.05
53.99
85.01
25.34
46.84
15.41
11.73
67.34
68.95
79.27
45.12
12.51
61.98
47.81
144.52
23.66
30.28
3276.45
2724.86
1201.49
3976.21
1280
1583.78
646.31
4725.68
1744.23
1464.43
4227.63
261.04
2259.28
489.11
958.89
1930.2
887.24
410.91
1058.53
180.14
540.2
665.79
1172.17
259.58
423.01
142.96
161.35
678.63
261.36
251.17
1724.18
530.94
1558.68
1656.22
1091.48
4408.42
4534.58
6750.71
3310.72
5157.28
6760.28
450.48
590.88
1503.31
2410.36
484.64
262.74
3582.63
171.2
1511.38
146.08
565.1
142.3
722.08
628.47
1632.89
974.7
315.05
130.55
1194.84
359.53
1018.47
146.36
1581.78
983.03
317.54
824.22
1229.6
2567.38
1548.77
236.74
660.04
569.65
470.66
425.71
1624.96
1282.71
1133.81
1527.15
2671.8
913.57
563.76
285.5
579.92
1062.41
23.19
212.37
879.12
770.15
415.95
1198.91
136.74
1083.67
84.25
2403.8
2126.64
194.46
227.58
189.13
144.21
312.51
815.32
483.37
172.51
1218.15
111.92
190.45
176.21
116.6
109.43
266.81
385.13
214.25
2733.37
969.93
1369.33
2791.04
332.16
1969.29
2022.78
425.62
540.4
1073.04
3398.29
2873.4
670.48
2301.22
2474.05
1017.97
230.28
699.55
344.2
141.8
932.45
666.26
968.34
805.74
399.09
123.1
1306
121.27
520.83
366.46
274.83
318.35
697.59
361.11
513.32
1285.11
467.21
214.62
214.86
266.95
357.79
45.18
1192.74
178.99
97.09
738.55
844.71
293.85
305.5
422.91
1027.6
749.25
3950.79
3223.14
825.04
526.7
844.82
257.25
2993.51
611.71
851.65
590.61
650.09
790.2
642.31
1445.55
688.87
1975.33
2160.85
701.04
37.73
2681.28
1768.58
4695.53
2405.97
255.69
1992.58
3731.44
697.28
199.82
909.47
452.06
750.24
139.65
324.11
185.65
527.09
872.33
381.05
74.21
589.73
74.08
408.74
1215.74
764.88
764.09
204.93
570.61
974.47
389.88
585.33
128.43
237.43
394.23
290.15
568.66
448.54
83.43
258.37
231.05
390.81
1065.69
167.37
569.56
428.84
1114.6
1152.34
1636.64
396.4
941.73
773.66
79.4
747.4
1292.29
525.03
244.88
1300.26
2894.26
3452.44
1757.52
416.59
1353.31
2623.34
3579.22
1671.19
4042.03
2296.2
969.47
2355.69
1769.62
4652.33
898.31
452.64
4986.52
169.34
4679.84
4486.32
3145.73
213.37
1122.06
1812.59
1097.41
1116.15
2401.26
1856.02
701.65
2602.25
1549.61
2757.5
106.84
1219.91
1165.09
328.02
457.07
864.74
432.3
2359.37
474.36
819.6
535.06
61.27
219.68
635.2
138.64
601.46
259.23
243.51
15
189.82
119.49
45.29
64.07
75.22
65.58
88.14
67.33
94.34
121.55
125.92
148.71
35.17
1048
417.76
1534.85
225.27
2063.86
1864.31
127.88
1316.33
466.75
2637.58
1929.45
943.68
816.39
2779.62
454.45
34.5
243.42
782.22
214.03
195.49
1172.12
1031.86
223.58
346.18
209.06
542.45
518.16
278.06
180.37
1155.91
282.56
185.12
374.37
469.7
595.69
865.9
338.4
1087.11
993.55
203.65
1501.21
320.08
449.73
149.64
372.47
1523.34
1163.1
565.65
533.84
124.96
294.5
106.65
972.75
592.87
186.97
707.76
215.67
381.99
598.33
147.8
40.02
321.45
655
427.52
1736.57
251.52
251.41
731.88
211.73
1390.99
544.34
1986.51
1522.28
288.46
639.58
691.7
850.16
647.85
668.78
218.32
1101.36
1371.98
395.53
523.19
1275.13
1280.01
839.95
1030.46
935.8
1789.42
1580.31
436.78
1567
342.24
2899.54
950.38
145.19
805.51
2598.67
325.56
693.33
1690.06
4132.76
2502.72
2144.39
434.45
2783.85
2529.33
4809.39
352.55
816.72
798.11
483.83
435.81
418.93
1075.41
300.94
342.64
35.76
402.46
756.16
1032.33
1130.17
57.99
1192.75
784.8
1337.36
720.1
2528.96
547.87
1411.35
192.42
1312.09
589.4
1627.07
245.98
395.11
907.9
479.41
999.25
134.59
263.56
1792.27
122.15
430.55
393.96
538.6
142.13
322.79
557.21
103.55
242.78
720.93
217.12
430.64
104.72
58.44
498.45
377.1
577.16
1145.6
750.74
2150.91
1563.36
1849.6
2026.13
456.1
1284.34
604.29
534.2
789.14
1005.09
530.03
766.21
2583.61
250.53
6198.54
5822.91
4626.66
4550.31
11344.01
494.27
2912.45
685.46
3377.85
1427.05
3399.34
1537.03
2373.71
505.13
1504.87
4115.77
267.68
14.28
225.62
307.31
634.86
152.98
961.39
39.49
104.52
514.56
814.93
660.83
1378.91
900.37
1294.44
370.58
143.43
772.85
235.83
89.54
479.97
47.11
85.92
97.15
120.01
209.06
87.71
44.39
283.82
82.38
107.31
16.42
2677.21
562.86
924.98
2089.84
1472.17
3461.76
827.03
991.58
1013.75
215.94
465.77
1656.45
1408.32
556.08
1341.62
2353.59
68.39
55.88
45
50.61
41.87
48.59
19.62
14.8
106.02
7.11
16.9
41.22
80.28
31.61
54.69
3.29
299.23
67.51
3066.57
645.6
180.94
3459.12
4211.63
817.97
4461.52
1842.16
1564.07
1015.82
430.2
1281.26
1009.12
45.47
654.28
629.9
1277.48
1138.18
428.31
1675.48
562.91
508.2
2112.68
696.76
2554.36
1405.18
937.71
1319.5
2109.36
223.22
42.8
64.85
27.25
38.19
31.51
36.18
38.37
75.3
144.95
18.08
54.73
44.42
65.88
63.73
80.7
14.52
