1773.04
1773.88
2427.77
1321.39
1165.67
1351.39
1078.37
1376.36
1340.93
887.71
1015.9
1282.9
857.44
2513.77
1519.03
1403.9
1247.15
1140.28
1750.52
698.52
1725.51
1209.38
1084.43
692.49
913.07
1372.49
1242.91
896.48
730.47
971.68
875.14
905.97
756.05
348.14
633.56
668.74
196.31
388.87
492.53
449.73
806.57
500.63
428.05
508.92
625.57
798.6
475.97
518.06
1654.31
1293.85
989.21
998.93
1227.78
1092.57
1500.26
1640.26
987.37
874.41
1252.85
1114.96
2121.46
1321.46
1208.79
2092.51
680.26
897.92
564.92
720.91
526.94
544.29
496.26
812.22
439.65
597.64
1065.32
577.76
581.35
711.77
906.16
585.01
1431.65
1267.91
989.68
1018.83
1567.65
2068.69
1192.87
1424.46
1474.42
744.64
1034.05
1145.43
1565.43
1130.8
1574.64
696.01
894.25
897.03
559.8
988.77
627.64
812.15
791.71
1364.04
445.73
799.34
1598.07
1157.71
967.35
662.05
822.77
822.8
1299.67
1046.1
699.7
755.91
1112.7
860.9
764.4
600.53
1160.34
1207.25
1155.81
1283.29
494.3
707.91
811.9
854.76
1423.48
1726.66
1806.49
840.32
1117.11
938.83
961.19
1222.03
944.13
694.64
1532.15
1052.94
1340.26
631.22
1289.58
1067.35
1869.41
2647.2
1549.43
1219.77
1153.73
622.58
1611.98
729.97
1212.46
1092.53
1275.95
1520.93
1492.97
802.4
1620.85
2702.87
655.81
757.54
1097.35
1126.35
1395.91
1151.13
760.66
1141.83
650.91
1261.72
372.64
903.64
522.71
434.57
647.82
1532.49
385.29
363.31
177.02
290.48
297.57
399.14
223.63
436.28
357.04
292.27
320.47
477.17
231.05
182.76
504.47
370.69
415.81
552.7
351.1
511.14
481.81
426.63
460.96
546.86
924.34
730.46
318.65
651.16
542.56
566.58
492.96
639.31
867.12
620.55
1020.03
574.88
1004.77
1288.39
842.61
1097.9
1016.1
2051.34
921.78
972.04
1123.49
897.07
1480.66
245.42
522.31
1390.18
930.41
1206.31
746.58
1106.53
1460.76
1441.67
443.73
733.33
951.8
996.23
661.16
1107.89
561.09
977.2
913.87
1006.53
605.37
923.17
1151.44
518.19
801.31
819.32
1110.25
417.96
307.03
1011.63
913.03
795.63
609.34
612.49
644.37
451.62
1023.66
613.53
1068.11
795.58
1300.72
556.62
637.48
868.4
1077.58
612.15
944.64
610.2
1127.12
930.38
786.99
625.49
819.06
1129.9
1028
677.97
666.15
869.66
1016.91
1169.14
582.09
883.09
1022.95
553.87
1311.32
760.25
815.99
1266.6
1574.09
815.65
1541.02
1159.94
1822.07
1395.58
603.09
1922.93
1458.59
2125.64
747
1548.14
1074.31
828.54
677.62
704.36
1163.42
1205.18
1423.67
749.8
808.84
1139.97
847.98
736.19
999.46
770.98
1059.69
890.96
741.74
819.98
1028.97
575.98
412.45
585.59
591.45
781.82
1071.62
503.8
1543.88
759.1
700.94
721.88
725.39
1455.54
662.46
1012.2
2664.47
1687.9
2377.35
2783.23
1668.9
1420.84
1614.5
2365.32
546.79
2158.81
3239.46
1649.48
2611.77
2165.23
1754.96
1061.4
965.54
1858.68
973.29
1407.21
887.68
1216.49
827.4
1021.47
1388.03
1001.25
1744.46
1177.76
1277.86
891.99
2394.32
819.31
1214.54
1136.52
993.01
1646.99
659.68
2271.64
1452.33
1818.19
851.35
1311.57
761.35
508.58
844.1
1189.1
1245.92
1138.2
550.42
683
514.98
760.06
673.91
763.01
981.56
1231.99
898.75
761.6
716.32
839.14
906.41
1298.19
651.43
574.81
1010.28
1419.11
1430.19
499.8
1156.35
1708.33
1278.07
1074.6
1337.4
670.84
1271.47
1738.34
1954.26
1208.81
765.28
809.03
1039.64
973.59
613.87
1018.22
1029.91
931.59
531.14
932.51
1473.86
856.94
1041.38
946.53
977.99
714.26
797.75
990.73
734.06
645.55
885.74
720.5
1005.7
789.81
566.87
801.03
974.82
896.92
835.02
888.92
567.88
943.75
545.47
782.44
777.44
344.95
374.77
636.38
468.77
767.1
632.46
932.66
490.52
596.21
398.96
745.55
528.16
723.7
480.13
955.5
1224.27
1912.54
2127.23
846.46
1284.96
1533.38
1307.89
1652.71
1467.37
2183.86
2022.69
1584.61
1685.92
2555.79
1552.36
1167.76
1371.52
1313.48
811
1276.88
1131.09
1105.67
855.68
1883.94
1352.76
896.71
1311.6
985.11
1515.82
2200.04
2401.31
1151.21
881.69
941.22
1613.07
1166.1
1090.1
1686.92
1230.52
867.74
1477.92
1471.83
936
1351.65
1332.82
1358.08
1776.88
856.58
2120.67
956.29
1119.9
1161.56
1479.36
1118.14
700.49
1321.46
611.92
1782.2
1136.15
1191.77
1283.63
1603.84
906.95
1051.31
426.35
582.53
622.26
981.19
754.4
808.14
1026.37
992.01
743.75
420.68
710.33
548.34
586.82
1118.63
1347.04
631.62
724.46
369.01
759.4
636.74
585.01
931.13
767.81
522.74
891.01
736.86
457.26
676.63
938.64
764.2
583.12
925.47
856.68
653.06
664.56
667.39
962.15
832.92
1146.64
1029.49
813.59
616.17
745.22
1019.52
1127.77
960.13
674.3
548.27
799.37
2020.48
804.77
622.66
760.27
1065.19
1040.78
1134.37
538.37
1098.36
1030.04
569.58
752.19
908.69
547.06
1250.49
724.2
1232.54
875.28
900.72
1646.42
1093.36
1564.51
658.79
1576.86
1194.71
1165.37
864.28
863.47
1205.48
1424.36
936.86
1249.28
783.56
992.29
787.23
737.15
1064.91
1270.03
1520.77
1199.32
1127.07
1841.7
1223.64
1268.83
1383.64
1662.25
1271.54
557.69
967.82
616.67
599.68
694.09
643.06
348.45
526.66
946.25
659.54
686.83
1092.82
587.26
589.43
457.65
1119.64
2406.58
1335.14
2153.83
1439.65
1396.13
1340.8
1329
2258.69
3297.35
1471.94
1245.57
2722.05
1559.45
1315.44
1546.18
1272.52
614.79
833.1
785.17
878.9
415.79
308.49
513.3
681.87
273.76
844.49
501.62
574.41
580.71
963.92
1302.42
889.95
727.47
1084.71
480.9
744.49
1114.16
798.63
684.67
858.56
1779.07
707.16
1114.65
663.39
850.55
1163.4
894.44
441.15
1311.65
870.9
1118.51
1572.35
1909.03
1387.28
1240.34
680.05
2061.23
818.09
1108.93
1767.26
1082.49
1529.46
1476.35
1287.53
730.05
1409.43
726.55
692.04
564.45
1205.85
770.7
938.86
637.26
708.73
1310.62
571.39
1301.41
1135.38
1575.95
787.03
736.25
952.61
1222.02
733.24
769.87
1256.72
866.16
704.03
898.06
1283.08
1014.79
1256.54
839.15
925.78
503.41
967.27
1133.99
850.26
639.12
812.93
434
603.66
653.31
1327.55
433.17
1083.34
1043.26
936.29
488.95
306.93
351.12
890.14
433.7
957.25
874.86
617.99
676.34
811.09
1233.33
948.21
1014.26
526.07
647.17
852.3
516.6
896.71
1234.62
1215.75
1479.42
1052.34
1256.41
1216.85
1031.24
1097.78
1571.19
1510.63
1299.03
1143.33
1614.06
505.35
1112.3
1046.24
1642.75
1563.96
860.67
1051.63
708.36
932.55
950.91
1144.26
1250.11
1064.22
1443.98
1007.52
1408.76
687.37
837.47
1523.02
798.17
1152.77
2352.63
2321.66
1145.74
1967.27
2093.11
1292.79
2024.91
1149.29
2577.69
1392.9
1884.51
1805.71
1011.47
1574.99
1142.54
2142.28
900.02
546.84
1389.99
1151.19
1009.29
595.45
936.49
824.76
766.98
1388.22
1796.56
1111.73
871.68
712.59
1022.53
751.95
991.71
1357.76
909.38
1384.36
1461.55
1044.62
1185.35
1034.39
1317.06
1590.35
628.57
591.46
811.84
1163.86
1020.7
722.89
856.67
871.46
829.31
753.64
903.86
846.34
801.56
1118.97
1247.63
539.49
1310.07
652.62
1300.43
1407.85
648.19
951.88
1322.99
1056.49
1278.68
1586.35
1235.07
1204.5
1273.9
501.41
1198.15
1689.14
1886.52
1542.96
936.84
1848.64
1100.08
1389.85
1705.32
602.75
1174.18
1017.15
827.55
1369.27
1354.68
648.05
1089.65
1795.69
1140.65
821.05
824.64
1343.71
901.87
1042.33
661.94
780.74
601.51
849.48
626.39
677.3
674.45
455.35
863.66
1043.4
1020.73
794.33
969.43
793.4
1112.14
562.83
650.03
500.7
543.16
860.19
838.45
520.68
336.37
739.16
432.5
771.61
450.6
716.37
367.14
569.8
721.24
649.13
1397.19
1112.94
1471.69
1566.96
1745.67
1503.81
915.55
739.11
1105.71
1159.96
1158.22
1200.64
1184.62
1259.78
1119.08
802.08
726.49
687.94
381.54
793.27
834.99
591.95
566.08
534.52
723.46
974.11
733.59
1036.82
909.5
1084.12
943.43
1001.75
698.02
1324.6
790.23
521.51
685.24
1015.91
805.17
565.78
832.66
1111.54
770.52
665.47
1041.54
637.1
1400.47
1437.78
1073.03
731.25
744.27
1325.09
1057.8
712.27
907.74
817.84
997.56
889.14
587.3
727.52
738.74
1357.9
862.48
1422.55
1111.74
1198.44
1075.09
780.95
1045.98
950.41
1362.47
561.29
739.08
1386.28
526.3
1455.03
383.79
1415.41
679.49
876.21
1426.36
1113.05
454.7
1183.95
1006.03
802.21
1377.95
1184.28
1489.49
876.71
707.73
1083.26
1634.37
1264.43
1139.57
2042.81
1181.21
1109.82
1493.07
1464.78
858.87
1069.11
1254.7
1097.16
1011.79
1054.47
1000
1725.49
1292.3
957.54
917.94
984.7
1092.92
911.95
1467.58
928.17
555.22
1142.76
976.39
1179.02
1113.72
1516.24
1270.79
1044.85
1828.98
1335.57
1456.77
945.51
1212.42
1345.68
2187.23
980.06
1090.47
1160.44
386.86
715.3
1047.36
1015.64
1233.39
1501.7
608.03
1075.2
2273.46
1485.55
1299.84
1134.58
772.39
830.74
1072.54
1875.48
1095.82
796.33
893.96
1407.91
683.28
596.89
1085.02
831.64
983.36
1322.18
1040.08
728.28
768.6
638.1
863.11
599.48
606.16
728.64
1140.22
1000.12
383.2
555.03
801.56
1020.9
533.69
625.57
2214.12
1304.45
1670.06
1927.8
725.85
836.45
1872.2
1682.15
1079.54
1128.46
1699.02
850.46
964.42
1328.29
896.29
1241.18
969.21
980.51
435.49
558.3
447.22
670.52
702.22
575.14
275.09
708.85
257.76
615.8
391.32
863.75
538.64
712.32
1836.8
1728.77
1465.66
1408.26
2047.28
1727.12
1508.72
1177.83
1288.57
1514.1
1321.05
1641.11
1608.96
849.82
2212.66
1968.03
507
863.99
524.11
645.08
467.22
616.48
781.91
773.74
552.59
310.03
568.67
510.77
754.66
756.24
928.45
1056.12
1402.64
846.59
426.22
1561.32
1771.09
2470.19
1371.53
1396.93
1655.57
934.87
2096.5
777.15
1142.81
1963.32
1333.07
1319.13
629.15
1449.39
1031.93
794.88
789.06
1344.38
658.5
1344.95
1434.28
909.5
1556.16
978
1276.01
1110.62
651.9
924.38
1558.72
1934.45
1492.5
1093.72
1510.7
1608.72
1559.62
1583.72
1248.74
1695.01
976.85
972.86
924.54
1189.96
1046.08
905.13
999.63
878.13
913.92
591.22
617.13
805.97
1047.98
622.84
1089.74
647.61
943.03
1017.57
681.98
549.93
963.59
435.09
556.19
783.73
826.17
490.38
523.94
1127.78
608.77
1027.96
373.65
683.63
968.23
984.89
1056.64
817.61
773.69
665.03
930.02
742.47
1314.08
437.67
705.52
886.95
626.06
1003.65
723.13
1063.19
1074.67
778.43
955.68
707.6
1118.21
1202.16
495.88
666.76
545.5
653.19
385.58
1518.42
751.93
1187.12
811.93
1086.81
773.71
726.51
612.61
431.78
630.24
699.8
833.88
671.94
1086.42
1042.65
992.49
889.14
906.75
1028.83
643.03
970.27
761.06
620.92
837.34
938.15
901.71
417.6
434.56
432.54
498.85
408.58
354.1
463.71
383.51
318.29
406.75
653.49
345.49
657.43
320.87
353.67
342.08
525.13
782.16
849.61
716
708.58
741.65
561.51
655.53
841.16
1484.68
575.7
1199.95
963.48
678.57
777.91
1144.25
1213.36
744.07
864.48
795.91
581.87
809.19
794.64
759.14
561.07
687.01
728.6
1126.85
673.49
531.44
1109.9
662.97
1082.9
1886.85
1054.22
518.18
632.32
1638.81
937.98
1249.68
1724.06
852.03
1219.62
1693.34
1057.56
1487.6
1050.07
1420.27
1672.03
774.12
1037.68
1627.13
895
1289.43
532.38
924.9
848.52
604.93
868.19
633.07
942.22
1060.16
804.81
910.26
767.29
840.84
871.76
1385.68
708.87
1357.89
878.88
1541.35
1259.42
389.76
391.79
622.44
568.39
1296.03
700.31
1668.88
1631.55
222.13
609.05
1413.89
710.84
861.6
736.94
779.76
1503.56
653.12
1823.5
1013.24
679.59
811.03
757.07
996.11
1147.7
829.43
1035.28
603.27
934.27
894.62
1192.62
898.73
864.77
1144.03
749.72
353.4
938.75
1146.08
756.38
600.52
605.96
806.99
967
899.95
789.57
881.14
896.07
670.81
706.83
620.92
619.31
1178.97
415.91
997.22
877.2
711.33
1029.56
1035.99
1059.53
788.37
1108.57
1549.59
744.07
1130.96
799.63
894.19
1215.2
885.84
941.65
989.37
1095.29
664.79
2249.84
500.13
967.24
841.5
1086.28
945.1
918.65
1404.77
797.44
928.28
838.64
952.73
504.32
828.74
1017.2
735.51
1256.27
493.28
209.83
788.97
535.89
944.84
570.8
463.65
884.83
403.91
305.58
458.13
476.87
436.38
624.65
464.01
592.13
726.17
622.98
987.53
438.98
433.71
456.81
910.48
378.47
619.78
387.93
561.85
559.73
811.71
671.3
608.19
599.8
974.71
1134.43
1429.09
650.89
1622.52
1501.67
1958.79
1194.98
1812.82
1273.43
993.84
1405.59
1743.33
1130.19
1105.18
922.49
920.68
780.07
485.38
332.56
425.79
854.55
337.59
238.64
789.39
483.53
501.97
471.42
726
608.25
559.14
552.7
891.14
960.35
582.73
1408.79
856.5
1004.77
1253.25
1683.08
1124.83
1239.13
713.7
939.75
1009.6
780.68
1460.84
1516.43
1582.59
1273.52
964.95
2022.44
1378.04
1097.46
1465.51
1924.11
1392.84
790.91
868.51
1615.88
1948.38
1773.5
1128.59
881.32
349.46
482.12
481.9
766.38
580.14
430.96
531.05
564.59
564.91
964.33
659.17
625.93
471.86
582.34
614.05
842.03
1087.99
810.93
817.91
1100.61
698.71
740.07
699.36
945.41
1306.48
596.45
1040.8
1067
887.6
444.41
1154.73
624.85
517.91
1078.66
1261.25
860.86
784.01
994.59
1112.57
681.22
981.95
852.16
791.63
957.91
586.73
628.08
310.74
659.07
723.76
617.13
1140.37
1388.95
1154.9
827.18
944.55
1402.22
1235.57
1361.29
762.03
932.44
1578.13
1304.77
699.47
1114.25
722.04
1073.83
1387.13
1172.03
1723.52
948.96
1033.95
624.51
1025.73
1064.61
988.77
1335.52
938.55
1363.15
1560.24
1353.62
666.8
702.86
1979.76
945.78
1051.63
2256.65
961.23
1437.4
1298.33
1149.68
934.68
1154.49
1132.73
461.41
1645.48
1512.29
280.12
498.36
478.61
731.01
366.4
478.74
551.25
377.61
314.61
636.46
277.66
233.98
623.86
685.52
384.73
501.59
782.01
515.32
547.38
681.99
995.31
1480.91
743.53
1245.2
1268.36
1000.14
818.11
920.01
1295.21
1588.48
933.04
1104.12
669.31
594.28
930.05
643.19
725
652.57
629.56
957.69
835.74
1050.93
624.04
731.67
523.86
1000.78
955.93
581.66
1334.1
928.81
1187.94
909.56
1454.33
1332.52
1164.26
672.31
1126.36
807.81
1162.72
512.71
732.53
1091.73
965.37
1423.39
953.83
1251.69
1236.2
1185.07
736.39
2063.95
1289.43
630.45
888.58
1709.93
1617.42
1102.21
1222.7
1637.55
1210.84
1412.31
924.95
1681.2
1482.54
893.56
1300.18
1068.28
483.69
683.87
1368.18
981.52
875.17
1334.83
1375.99
1426.34
1530.24
628.79
556.41
805.02
1166.55
744.9
577.23
759.39
995.54
1170.81
461.8
801.07
541.62
907.42
674.52
1174.42
1063.69
1365.72
1189.03
773.59
977.41
1072.14
988.19
1178.78
638.47
692.95
1373.24
1146.28
794.8
2034.92
725.74
759.15
1200.19
872.19
1426.11
1200.49
726.3
826.29
1669.04
1227.65
1087.73
934.25
750.69
933.22
900.22
887.3
1085.7
983.28
1013.79
1050.91
1679.35
1579.03
1946.53
1201.49
1477.79
1754.13
853.92
513.41
1103.04
967.55
901.77
1475.94
702.94
989.67
972.08
1119.71
1436.05
865.2
796.14
535.79
1083.18
831.18
534.89
548.88
970.46
1100.5
668.86
804.54
634.06
664.87
936.76
635.98
1265.58
759.66
793.4
756.98
910.4
1083.54
1157.92
768.65
829.06
710.2
982.46
1561.71
1169.55
1251.13
907.53
1522.54
485.42
707.11
785.41
524
924.11
743.36
283.54
1060.46
708.76
577.01
815.15
833.69
680.58
409.91
462.28
737.61
1065.42
1156.3
886.91
734.95
1648.96
1077.52
1687.08
988.73
1710.53
812.19
779.11
966.93
723.72
818.35
600.73
768.44
610.28
983.04
524.73
641.07
596.81
589.28
498.23
619.53
549.88
556.61
607.04
767.28
615.13
516.69
662.73
203.61
1300.22
929.63
809.37
1517.16
1645.14
996.96
1079.1
758.62
1031.18
1554.21
1230.04
1394.21
1188.18
1020.74
735.49
1142.24
1446.77
1083.88
1998.92
2029.96
719.12
1590.48
1162.14
1209.6
1577.42
1175.78
1220.39
1153.67
1346.52
1821.41
1902.8
867.34
1382.91
1473.96
2264.43
1145.15
1586.81
879.98
1106.07
1338.27
1102.53
1828.69
1220.64
2154.27
904.81
1346.78
1640.62
1554.29
1254.28
978.33
1125.79
1186.93
1070.29
1777.92
851.15
725.92
1161
1344.37
1909.12
1558.71
1093.28
907.32
1425.16
1233.19
1075.35
1333.84
1686.91
1500.87
1034.16
1179.3
1296.99
1406.93
1279.92
900.13
1856.86
1120.04
2510.07
1452.33
1123.78
1512.66
966.91
1580.71
1301.9
691.85
1327.14
715.18
844.6
1587.14
1123.08
589.74
1329.67
913.49
995.21
1328.75
1490.11
763.96
809.23
654.17
1220.59
1277.26
496.86
631.46
845.41
938.13
923.18
849.31
1170.4
1030.72
586.79
632.82
745.2
922.92
674.34
570.66
490.31
470.44
1082.9
831.66
1201.51
619.69
936.65
617.72
887.35
458.54
784.15
326.16
683.55
488.47
1063.53
982.19
1125.08
394.51
1055.12
630.26
1103.88
840.36
852.06
944.19
461.7
952.73
242.11
1048.15
880.33
1051.66
1167.08
1728.42
1343.6
1417.1
1421.66
2064.15
2214.48
639.58
759.5
730.15
1071.42
1467.98
489.38
663.68
1125.79
388.41
616.19
841.23
827.36
676.69
525.37
438.63
672.64
733.83
511.5
394.31
752.29
463.2
839.51
658.55
515.37
623.97
1171.85
1371.93
1320.24
896.61
1877
901.24
1694.61
1544.87
726.02
1556.4
1234.67
2393.12
1512.45
965.7
1272.12
880.62
694.09
391.31
450.57
577.4
816.33
478.27
665.1
511.68
492.11
853.28
329.82
450.96
332.09
384.43
323.37
274.72
758.82
804.19
925.96
962.44
1309.93
996.35
942.57
1196.45
1227.57
1286.73
1149.71
917.87
1556.77
745.22
879.72
611.07
1288.78
731.69
1363.8
1194.9
1407.79
1114.83
1540.25
1267.84
983.13
972.91
1140.89
1908.04
1038.9
1173.3
1485.64
988.82
1323.46
904.69
1039.45
530
817.77
1215.83
1521.31
527.82
1124.04
516.8
1067.8
1362.39
600.41
530.96
858.09
1131.95
1533.43
848.94
1254.44
1206.71
898.75
880.13
1499.4
973.14
1590.49
1024.64
1588.84
1116.02
1140.32
1463.86
776.19
2349.61
1026.75
769.91
563.36
933.05
747.53
718.68
588.31
1085.09
776.36
404.05
583.62
776.41
659.7
614.41
586.9
777.4
876.22
439.82
793.67
554.96
559.96
973.37
416.6
715.93
710.81
942.71
952.62
763.26
1266.67
1439.16
530.44
807.03
1020.85
624.4
496.19
785.76
638.42
566.27
717.85
1057.5
933.76
983.8
1262.59
304.64
1034.42
949.39
821.37
778.13
547.78
677.87
723.14
961.46
750.9
1224.52
808.78
340.11
918.39
890.86
1175.63
878.91
886.92
347.36
852.48
713.63
860.77
483.84
797.14
532.47
515.88
1278.24
391.42
482.94
1033.35
1423.54
904.99
930.18
462.36
587.66
875.82
705.52
784.95
719.17
1342.62
629.41
842.03
1105.61
1026.72
709.49
785.9
1003.1
1087.83
760.26
999.5
1086.86
497.59
756.43
722.34
399.86
1361.16
669.2
981.09
1419.63
725.36
723.05
388.49
785
657.25
919.19
226.31
657.15
1380.16
633.66
1269.07
919.85
1481.58
641.74
867.25
887.47
626.68
1084.84
1037.84
582.25
641.25
920.99
968.45
856.02
834
941.41
779.28
946.44
1298.69
578.74
693.93
646.67
1471.68
1327.7
987.74
420.66
929.54
714.05
482.13
655.28
872.74
653.71
1015.92
689.28
710.09
1210.41
1059.99
693.4
1138.73
877.37
942.5
915.22
1017.19
1118.98
1339.41
677.87
911.14
1234.3
920.77
930.31
908.5
995.93
485.61
1124.36
613.98
1096.33
1112.44
1122.32
662.53
738.89
951.37
851.19
1059.44
770.16
1030.33
787.36
1094.25
606.7
366.5
559
733.78
837.57
558.53
579.01
537.44
577.88
524.76
647.61
537.43
732.32
876.67
252.28
448.61
455.5
240.75
422.93
668.57
606.09
645.64
608.19
661.19
864.57
426.33
579.96
531.58
451.15
1534.03
1106.29
649.68
1080.55
716.73
1255.14
1143.71
1137.15
1440.57
1473.88
872.24
333.51
2177.89
775.58
1832.57
1105.77
516.12
1198.63
720.29
1505.34
869.53
798.42
554.71
749.32
757.68
591.56
465.79
593.57
710.81
909.33
983.4
1097.74
714.04
897.05
1122.84
1064.32
734.66
1555.14
782.16
1029.71
980.04
776.96
1138.32
880.28
722.33
767.89
1530.55
1020.34
1967.27
1094.31
1672.38
2270.93
1961.06
1940.42
1869.93
1180.42
1846.74
1741.3
1408.32
1546.32
1347.4
2051
1639.41
1782.73
761.03
1022.37
1164.45
411.22
459.74
863.75
657.75
597.56
516.28
1016.84
1091.38
778.3
943.49
826.14
825.06
795.1
1087.84
920.17
863.35
1609.18
787.04
957.76
1122.07
850.96
772.77
853.12
793.44
973.51
520.89
1132.36
1315.26
1312.17
572.64
742.81
695.41
624.17
791.28
578.96
642.19
837.64
965.36
1304.34
493.56
713.13
710.98
554.83
1080.31
551.66
1093.89
1105.92
972.12
916.77
1024.51
741.68
1005.44
632.25
964.86
922
1405.67
609.95
1268.17
1412.3
668.06
792.49
288.36
408.23
457.17
467.53
329.39
536.08
456.21
416.7
373.87
382.27
473.62
394.38
599.8
344.99
276.99
259.7
201.12
472.27
405.13
553.12
463.23
312.02
719.67
435.26
471.99
400.61
738.01
468.56
446.82
292.69
430.39
692.68
1230.93
732.83
1612.54
1275.93
1594.5
765.87
646.02
993.08
1110.41
1246.1
885.21
1007.05
958.83
1107.78
525.34
641.57
841.98
540.64
654.73
754.61
417.59
757.43
1237.59
1252.29
589.54
1090.1
749.63
955.34
701.85
879.54
1246.21
682.3
629.37
357.37
581.87
801.1
1030.04
770.58
705.09
676.11
599
458.21
597.35
409.66
876.69
589.45
546
830.86
1039.15
1019.18
562.41
679.79
613.95
802.87
1496.47
782.55
881.26
872.98
963.42
840.68
1408.32
514.11
454.82
553.94
2014.74
1397.52
763.47
1986.66
1571.64
2600.32
1232.76
1732.21
1516.61
1982.89
1353.42
1836.57
4438.01
1926.63
2006.38
2484.72
763.65
903.88
964.06
692.45
1265.66
482.68
600.37
961.82
1353.27
653.82
1248.23
535.48
795.11
750.2
1317.98
740.71
693.62
945.73
434.01
461.48
871.46
585.87
500.35
882.09
866.92
566.66
220.14
720.89
1015.73
1024.79
628.51
779.78
562.43
191.14
554.12
557.99
487.85
716.04
419.03
297.84
458.48
482.91
486.23
974.96
419.35
626.31
625.6
875.92
1555.39
979.37
919.34
1060.01
894.83
1414.88
800.17
926.47
1153.25
1766.18
1143.24
709.49
958.12
1524.19
916.88
784.47
761.17
1719.46
658.6
440.17
697.45
1505.74
835.93
644.3
992.79
1505.99
476.8
846.92
1009.21
1256.95
702.19
595.54
1108.7
1221.17
859.82
783.52
1342.88
1192.69
864.02
743.93
615.18
1187.46
704.14
815.48
1180.9
1160.73
859.01
1468.99
674.63
1591.84
520.19
836.79
779.33
821.44
784.75
1208.99
616.24
967
322.17
442.51
824.74
1589.17
1021.38
806.38
1402.78
818.72
1319.66
1121.53
665.09
705.94
733.73
1249.96
1517.5
1270.84
846.13
857.66
665.45
804.53
1516.23
707.87
853.99
1433.7
638.66
931.83
1524
779.39
1530.46
765.05
1718.09
1068.14
718.93
1492.44
1877.27
1615.01
797.59
1167.37
620.32
1265.71
1109.31
330.53
601.01
601.64
648.66
970.03
1161.41
583.8
651.34
1054.19
1018.51
512.92
848.25
632.71
1057.8
1244.96
791.21
1322.89
988.25
991.81
997.31
1347.18
1306.81
931.74
599.59
931.46
722.43
653.69
939.64
1336.29
286.13
290.68
488.39
402.72
580.02
249.8
591.46
252.87
249.84
575.92
532.08
469.89
358.91
295.91
319.56
384.15
919.18
881.14
471.75
931.09
1033.78
1405.97
739.71
1083.01
819.69
854.36
1115
758.13
508.12
1079.81
570.19
749.72
663.44
278.97
1110.46
1036.78
1469.39
914.1
1150.67
684.11
681.08
968.81
741.79
1211.37
880.09
807.61
560.91
1347.63
1045.14
704.43
705.47
815.17
1289.15
552.59
993.2
1206.19
1449.36
764.16
1119.94
594.1
767.69
908.07
884.15
709.67
658.35
311.05
807.98
345.02
332.67
453.34
493.92
714.92
421.22
416.3
287.11
191.45
320.23
446.4
913.62
986.69
1482.47
1672.41
1439.14
1073.11
2139.31
760.61
1398.59
1917.5
2190.68
1703.37
988.96
1749.8
1576.39
1073.02
1606.61
2069.96
1247.39
819.94
1453.34
1208.38
770.28
1783.52
713.08
1212.73
1180.65
1319.9
2070.58
1568.36
1169.83
716.02
1406.62
816.68
1245.84
645.6
835.26
1535.12
1232.63
816.72
1298.8
1018.88
928.7
1022.16
994.1
1469.93
1799.43
827.92
1348.02
1202.19
1234.75
1224.12
998.93
591.04
827.35
506.29
1206.14
1482.81
660.14
627.36
1313.94
628.67
743.39
514.71
2030.3
1443.72
657.94
1392.41
702.33
544.57
718.18
872.1
1291.5
1497.58
861.99
1637.96
1151.48
1487.16
935.83
862.34
914.72
1289.28
2183.07
1293.73
2726.58
2083.92
2426.39
704.41
1583.8
1915.56
1075.9
2273.51
956.41
1929.7
1336.73
1535.02
1678.98
1358.92
629.6
739.22
1151.84
759.96
868.84
402.93
752.55
1033.31
1166.37
946.25
814.73
748.01
832.07
973.39
1363.74
784.7
1664.68
616.94
888.92
792.22
940.3
963.29
761.68
1401.46
810.36
718.2
778.39
979.89
1949.12
768.39
926.6
953.91
574.44
765.25
909.45
678.33
688.5
1064.94
904.04
829.74
621.51
615.59
897.96
654.07
582.44
633.01
708.96
786.45
954.32
1499.36
801.23
611.3
915.57
523.37
627.56
417.23
929.74
1078.96
763.73
484.59
656.23
1175.71
561.95
1418.57
475.55
462.96
368.18
807.24
367.63
558.88
296.2
324.21
907.86
394.21
262.33
347.4
381.19
330.36
492.22
466.1
1009.13
1269.67
620.58
443.49
473.23
1162.82
575.9
1077.21
717.03
886.64
778.83
598.53
634.74
965.24
1148.92
658.53
1196.73
1450.69
1497.45
685.35
1372.5
1136.08
1297.83
1123.51
1456.8
595.8
1440.53
841.47
1439.26
2055.07
1178.45
970.41
964.81
1019.14
1224.29
642.42
1237.9
1242.46
1116.45
682.89
1025.61
1332.6
746.76
883.91
585.74
1080.55
726.94
1127.15
1711.3
1061.69
1504.39
1057.2
823.17
1849.61
1680.18
1234.51
610.1
1979.4
1083.56
1157.26
1691.96
1608.53
1409.9
1753.13
473.87
192.07
503.55
284.78
356.71
623.99
563.37
300.39
200.77
336.83
499.93
439.26
432.41
403.69
595.26
272.07
845.39
1026.45
508.01
394.45
603.58
846.72
794.56
888.51
884.16
792.58
565.93
1094.46
736.46
560.82
414.03
671.49
636.73
1101.48
944.49
758.22
759.63
540.63
798.97
763.33
1166.33
731.56
1500.8
623.34
713.05
1006.06
840
623.17
538.3
855.78
582.05
714.5
557.56
650.16
481.28
629.85
688.87
1116.44
656.55
506.93
449.19
690.28
497.72
918.21
2482.32
2281.2
1124.38
682.11
1370.62
1182.52
1510.13
1341.38
1304.18
1463.6
768.57
793.64
953.13
1087.06
894.57
1468.24
954.84
481.46
842.81
1291.91
1151.73
1216.82
740.59
493.42
1192.35
901.63
695.77
1301.94
670.14
836.33
781.38
712.86
1610.55
483.68
1408.49
685.54
1231.14
882.12
884.5
858.99
593.89
666.24
1069.4
618.22
872.98
621.04
668.57
654.24
1397.53
1401.74
1418.91
1193.12
1100.41
1249.31
767.05
1065.59
1241.01
781.92
971.92
795.85
1033.81
878.49
1191
1166.6
1657.23
1254.48
803.71
1034.8
1475.2
1204.69
743.49
1261.21
1819.15
1687.91
598.72
1446.66
1006.16
1393.01
1192.54
970.19
1129.25
965.57
889.13
785.16
1367.76
652.17
795.25
1007.65
803.77
771.93
1206.03
868.44
666.93
814.51
1137.97
1163.74
1047.91
1133.96
987.74
832.16
1006.78
1072.86
1089.03
1048.59
609.11
1098.65
1510.45
1262.46
713.48
1163.8
667.11
964.83
912.08
468.6
541.74
772.18
977.2
409.02
679.37
937
833.35
585.08
843.84
762.15
624.48
771.42
713.07
1171.56
1029.68
971.83
663.64
1323.67
998.75
1061.1
889.69
1031.84
663.26
1086.53
744.32
867.77
598.45
371.92
823.95
660.04
753.02
1511.87
526.63
1000.81
912.59
709.35
1255.32
1330.32
606.74
704.59
1027.19
899.31
601.16
547.18
913.12
1253.03
1239.56
1665.2
516.21
618.76
1066.46
744.17
775.82
1018.18
1121.99
1072.67
1159.76
1443.37
1065.5
956.41
1435.67
982.69
1075.9
516.41
1602.09
647.95
1460.39
1696.82
608.54
1229.92
927.23
768.99
938.15
998.7
653.41
1999.54
430.52
789.84
2050.16
1494.2
1303.04
1580.1
2049.98
1097.26
2637.7
1152.69
1093.56
1020.1
1232.2
1501.1
1874.84
785.47
1820.37
1510.2
1425.13
178.53
1250.09
879.98
462.2
918.85
900.03
921.55
925.98
1148.71
743.32
1409.82
827.87
1285.38
1383.44
890.85
593.83
919.37
1942.58
1000.78
1303.58
741.54
1467.73
891.85
1672.77
1448.63
1721.38
1449.14
2210.09
800.71
970.42
589.83
706.63
739.31
454.28
447.87
356.6
776.45
381.15
776.28
240.15
740.25
547.59
401.71
465.19
455.03
670.37
876.42
1081.19
1060.41
1504.63
1168.32
726.62
753.54
600.22
834.34
1030.64
958.51
1124.18
1563.69
1098.39
1721.67
1104.63
731.3
1551.16
1830.7
1216.05
1172.53
1593.64
2565.45
1582.57
1442.1
1162.39
1620.49
694.18
2194.41
922.6
1122.63
1093.68
916.88
1352.98
1117.12
1150.12
1787.4
1594.22
1809.64
1694.06
2474.83
1018.97
1283.07
1132.56
1742.6
393.25
1052.74
918.92
2058.57
881.25
974.55
1326.71
984.72
902.05
502.94
1213.44
1078.15
753.7
1480.91
1496.09
1673.03
1037.38
474.84
803.72
1025.48
1723.49
1571.57
2008.82
327.54
1491.43
957.58
1412.24
1021.2
872.94
890.39
1054.45
1239.71
1323.96
1762.36
737.17
1397.03
1518.62
1009.85
811.93
1878.58
1387.89
1237.48
1045.33
919.15
1543.69
1378.69
1841.47
1732.83
1281.66
805.87
1344.66
1674.54
1283.75
1136.45
862.34
962.46
978.27
688.95
1120.22
1604.88
999.82
1554.44
821.53
777.83
763.03
1138.29
1332.93
1011.26
517.57
631.79
1189.41
1130.89
513.45
821.81
749.61
834.19
848.68
652.59
1578.69
1519.93
787.57
913.33
763.56
761
1030.48
720.03
966.85
902.24
675.25
939.91
861.23
1112.73
1035.8
819.45
665.02
1195.66
615.01
813.77
813.87
867.71
2194.8
2280.64
2434.48
2416.3
1785.98
1668.39
2825.14
1246.23
1866.02
1836.68
2417.81
2936.21
2802.45
2500.21
2539.2
3404.82
1178.44
802.21
809.87
503.29
1037.59
392.19
1177.59
572.17
735.16
380.1
1121.22
1187.5
812.6
996.49
1487.4
661.98
829.48
1020.78
1077.77
663.75
718.07
783.1
854.05
686.43
532.59
737.59
1460.08
1051.68
546.53
1394.56
1068.72
657.41
314.14
892.01
497.46
513.55
354.12
577.3
912.61
582.81
439.4
593.49
950.67
634.45
577.39
634.85
502.26
890.97
922.54
389.06
573.88
819.63
325.09
888.76
529.11
772.7
767.62
1062.5
875.32
497.01
439.17
828.57
848.27
965.94
2465.8
932.03
1092.69
1577.45
985.74
696.26
1448.57
919.51
1244.28
1779.95
1755.56
1090.41
1314.5
1646.55
1075.74
1765.1
530.22
881.29
1107.73
792.51
852.46
1302.77
490.42
1497.92
926.89
1234.25
1379.87
946.5
960.88
1345.28
613.83
1154.28
437.96
698.86
733.76
847.81
572.85
406.07
945.43
616.36
638.22
1063.12
1057.15
773.11
623.82
561.78
915.45
584.03
1099.81
968.92
1087.36
1662.38
1734.1
765.1
744.19
1827.6
1825.73
768.02
1334.51
1069.24
1550.07
1693.99
1373.12
1435.96
1184.45
1155.6
1215.53
699.87
873.94
635.78
1267.53
748.53
911.06
905.88
975.24
792.65
1139.16
928.81
1067.37
1467.76
717.52
1562.03
412.46
1195.02
1210.28
1211.58
1294.03
1351.95
1912.99
1257.1
2206.82
1516.52
916.34
913.66
1626.83
1102.72
776.07
601.05
1025.37
806.24
969.61
919.82
1078.39
1331.13
1328.95
740.1
566.29
1377.06
1977.46
1783.64
1345.29
665.75
592.59
577.19
514.47
967.8
666.36
705.18
714.46
693.26
529.41
771.29
507.16
707.79
351.27
830.76
1415.14
1137.7
367.52
732.56
1042.62
738.05
609.57
699.3
822.53
830.78
558.91
631.47
749.91
564.22
647.69
664.2
1526.6
1415.07
537.55
331.97
613.91
487.86
985.84
636.37
696.25
309.89
745.21
900.44
1111.66
939.73
698.05
934.57
544.18
567.59
1255.22
822.68
932.35
1023.06
512.1
1481.89
1460.01
1116.03
569.79
1084.42
941.32
989.05
919.22
1794.11
852.96
613.72
941.63
865.04
674.42
1196.64
790.86
881.99
630.62
711.79
721.82
1010.66
417.92
461.9
736.62
478.75
1103.3
613.95
981.61
1159.76
725.42
610.44
762.25
1111.1
387.4
693.72
1228.37
623.06
1082.13
647.34
779.5
868.41
1360.7
721.07
2133.16
2514.53
1574.88
1356.31
1198.9
1173.95
1383.16
1616.59
927.41
1235.37
1646.02
1508.52
1091.3
2112.71
1517.36
1665.03
505.11
984.41
279.4
989.7
468.34
960.17
417
608.64
530.74
765.39
587.25
586.37
933.98
351.24
846.8
800.13
1996.76
1278.95
1368.15
853.53
724.75
1438.71
1024.48
1288.11
1401.28
1089.59
1335.68
1554.52
1906.48
888.79
1735.7
1037.88
969.49
807.52
682.07
1421.65
688.71
680.34
823.24
1007
1173.21
699.9
721.63
906.17
1385.45
1014.96
1431.16
948.95
1245.23
2049.63
1953.22
1469.94
1623.53
1484.61
2128.28
1334.21
1890.29
2253.46
908.32
2236.35
1066.35
2016.99
1468.49
929.81
940.84
1103.21
1708.37
2023.39
1822.96
1655.21
1159.66
1402.45
1392.41
1167.37
2047
1212.24
1853.71
1654.07
1810.17
2102.1
695.6
610.39
757.44
1197.63
715.95
1825.71
1447.44
1281.86
784.24
893.48
777.79
1611.34
851.55
883.7
592.28
908.64
1021.63
673.44
1557.67
735.28
704.75
696.28
784.05
991.06
678.97
724.89
774.86
765.23
935.73
1107.12
1982.92
947.45
924.93
955.37
2114.01
678.41
1256.85
993.94
953.55
766.72
655.58
429.61
1877.39
783.89
849.19
606.06
1317.56
1016.03
1134.55
609.09
863.11
908.12
1025.21
1187.68
609.83
935.37
1069.83
906.1
1264.07
1254.59
487.45
1100.11
695.99
1317.51
454.22
635.64
924.5
378.94
913.47
812.53
697.49
763.39
666.34
1017.39
891.58
804.3
692.24
1224.45
648.4
496.19
521.79
1161.34
821.37
1144.56
745.3
928.14
733.74
816.77
1039.2
642.87
976.74
1045.18
785.71
606.85
821.48
1784.05
748.54
1299.79
1621.37
1319.74
2037.74
1902.95
948.68
1021.35
1094.91
732.46
601.34
761.77
1292.28
1047.92
1547.94
1374.19
1105.32
1142.08
1160.05
825.09
660.07
1452.45
853.98
1063.34
866.78
988.64
1347.87
1394.64
1379.02
1526.08
1000.6
1211.24
837.3
956.88
2273.61
1175.32
1210.11
1059.41
925.12
1298.36
752.77
1212.26
1079.9
1242.69
1181.09
1006.67
1204.29
976.17
1612.45
1149.69
747.09
570.2
845.23
1550.97
976.81
1015.62
1020.2
1094.91
591.9
807.97
899.54
1490.26
1999.36
1463.79
802.92
501.96
878.25
838.83
1291.8
1294.5
892.63
994.3
1245.33
1794.52
1704.45
1570.01
1173.8
868.59
1272.59
1855.02
1221.95
1258.88
671.87
1539.87
988.81
711.35
946.71
1559.64
1222.56
1549.8
1020.99
1426.8
1426.14
852.76
2149.08
1125.46
1109.99
547.47
1104.76
719.11
765.11
1310.22
1256.16
702.81
951.25
1136.6
761.25
968.93
1218.98
855.35
1548.07
1098.18
1463.67
1134.92
1569.32
1531.08
1797.9
771.18
646.53
1101.27
1245.2
947.74
1069.38
1115.71
1362.48
1025.89
1224.04
1152.74
1242.76
1052.03
972.58
1127.02
1278.31
1505.68
783.4
895.25
1373.23
1158.65
1430.27
379.85
1212.7
724.75
1344.36
1635.57
1233.27
1139
2107.21
1587.49
2182.37
1467
716.48
833.65
1116.13
1320.21
1774.24
1621.55
1165.48
981.04
2643.36
1374.77
787.34
765.42
622.78
781.71
1179.17
675.26
624.38
529.48
1046.51
640.7
555.79
1004.73
1056.94
917.99
1083.24
1105.43
922.41
1026.26
538.19
977.74
869.17
747.19
1840.17
614.09
491.38
1349.77
1057.63
1646.45
905.58
995.79
577.94
789.54
1211.82
965.84
602.97
882.85
744.96
777.71
818.29
820.93
806.46
614.4
1062.59
722.87
916.95
791.2
720.4
564.55
642.88
1264.53
703.45
1229.21
1196.21
864.26
1263.68
588.57
1240.63
820.22
764.71
529.21
683.17
1348.56
1346.37
796.36
816.6
750.69
881.67
815.87
875.34
561.11
470.75
717.45
443.59
469.38
1594.4
774.9
383.95
517.08
780.07
1448.03
1339.49
826.11
1514.26
1007.72
833.23
714.8
647.92
722.34
804.33
1580.14
960.63
1558.11
812.82
1523.9
2355.23
847.02
986.34
1350.3
695.07
861.75
714.81
963.32
1120.27
957.89
1420.55
1119.09
1305.04
851.1
1261.62
1548.71
1093.63
712.94
948.64
615.61
458.47
768.58
665.69
701.2
366.3
548.19
520.16
472.57
574.67
292.37
290.08
475.65
421.68
415.22
1293.02
2020.72
1695.54
1720.48
2618.9
1823.63
1311.29
1600.84
1310.79
879.82
1623.47
1511.68
1199.5
1341.1
1551.69
1344.39
452.04
399.65
764.5
599.56
393.72
621.99
425.87
491.63
363.87
596.6
509.5
601.31
494.58
619.15
331.19
460.27
1572.88
1866.56
929.88
1429.55
997.17
1161.7
627.28
1165.04
973.49
1286.11
1283.65
670.54
961.42
914.91
959.48
526.11
655.55
953.59
651.26
680.16
744.13
828.47
1107.85
739.55
736.78
1184.75
378.81
723.34
1431.18
902.99
688.11
1056.11
453.83
877.88
865.07
781.83
1398.6
1461.25
775.13
903.35
546.94
842.55
668.43
894.5
1296.09
858.83
1005.84
1110.14
1566.64
1557.23
1278.73
2368.01
763.6
1440.06
1339.87
2062.85
1395.06
1363.57
2073.12
1432.42
1321.49
1441.64
2834.71
1308.49
708.86
721.07
426.95
472.34
645.92
1071.75
529.05
496.63
936.36
612.5
1003.52
620.86
455.82
669.85
859.73
849.47
504.99
515.68
395.45
463.77
705.47
613.28
908.1
1106.27
515.65
501.6
684.19
1071.63
769.62
1046.92
572.52
1081.11
707.02
667.64
1103.25
999.09
822.46
1336.41
735.76
582.15
760.27
561.53
1103.97
662.72
989.37
624.57
469.13
1092.93
1394.55
855.35
1545.53
1418.66
635.86
798.88
1997.3
1501.07
1104.84
1279.87
1181.35
1177.81
541.86
1434.89
893.22
1199.97
1617.94
1341.91
1216.07
1364.33
1006.91
1829.23
575.14
1499.14
746.64
838.53
1531.92
1470.31
1428.94
973.58
1367.52
1295.6
1336.79
875.89
960.05
1080.71
794.27
979.11
501.74
1888.92
700.34
1045.77
896.81
819.76
826.24
1087.56
1120.8
869.36
1218.21
1195.4
1370.29
1051.93
1120.02
1413.43
936.85
578.03
1855.93
1345.25
1460.72
1459.13
1432.17
2087.65
1319.9
1328.18
950.19
718.08
1119.01
1011.06
1496.25
1088.28
1221.01
1059.08
773.43
996.8
1169.85
1079.01
1164.87
861.98
632.01
956.78
803.37
1199.53
807.92
524.48
896.12
937.91
939.08
776.5
745.32
655.61
436.36
850.83
677.03
908.14
922.47
991.75
718.85
1208.48
880.21
1302.71
1650.71
1491.29
1637.56
720.8
1363.34
1838.05
1404.16
1662.06
1170.5
1374.87
2068.47
1551.21
733.97
998.61
1143.28
721.63
727.6
1675.68
654.01
1189.24
1216.57
977.76
1340.24
1314.95
1036.72
1062.74
1430.63
1629.89
1041.76
857.88
487.35
514.93
654.9
551.68
810.73
726.94
482.44
910.54
395.55
577.29
789.38
951.7
522.2
645.9
1163.15
850.23
2630.81
1028.93
1727.63
1732.87
1168.16
1572.94
1460.56
1411.17
1784.32
2218.16
2416.5
1321.97
1637.63
1152.7
589.54
1072.58
546.48
1307.66
693.36
527.38
439.53
368.22
410.9
419.01
508.51
717.67
964.7
469.73
706.36
749.87
675.62
1077.46
601.88
855.48
1028.63
795.57
615.58
782.43
769.36
1086.79
648.4
693.62
506.83
915.14
798.5
706.13
858.58
614.58
862.68
863.31
736.47
574.17
1179.31
952.75
822.62
791.73
1172.53
1359.04
1293.14
953.49
1422.68
536.79
1906.11
1418.17
629.04
1436.25
1373.63
2083.17
1451.25
1364.59
628.53
1133.84
978.35
1122.86
1813.77
828.72
1021.68
1033.86
1130.94
1407.32
906.36
1456.92
1379.73
600.29
1725.58
741.34
1658.49
455.58
965.22
961.9
877.88
1391.69
1016.04
1842.03
1415.85
826.77
1113.37
1087.25
1701.62
998.46
450.5
1122.08
1341.33
1242.21
1226.39
2144.74
1606.13
1067.88
886.3
1092.38
1457.29
1814.43
1457.5
1095.84
1242.46
1614
1001.49
1719.97
2394.28
1237.7
877.4
831.42
1018.79
1429.96
1480.14
1434.84
731.68
727.68
530.89
650.62
857.6
562.85
597.11
486.2
590.81
782.76
407.76
925.75
338.33
327.13
540.42
679.12
2133.37
1220
742.97
1331.51
587.44
1034.35
522.25
483.26
1044
1277.17
905.35
718.25
1141.61
444.16
823.14
1026.94
1294.52
1877.47
1164.16
1272.22
1300.03
1026.34
994.93
1299.99
1621.5
2220.06
2019.07
1312.11
2799.7
1616.63
1510.81
1204.09
736.21
1297.63
1443.06
1440.25
2428.35
1864.17
967.46
1305.98
1161.91
1963.31
1118.37
1873.47
907.5
1316.94
1648.85
1634.34
1522.78
1516.78
671.5
1299.51
1183.26
575.9
1575.92
1246.05
1306.54
632.28
1033.01
1627.14
733.87
920.64
932.87
2756.69
558.35
603.03
497.63
413.16
576.39
644.36
427.51
663.68
635.49
927.32
489.33
660.92
457.87
1160.07
444.71
899.08
386.68
1321.98
398.46
775.79
683.82
875.92
706.37
546.22
927.59
1056.57
1193.08
762.68
1079.68
1130.68
944.68
800.65
1484.84
851.51
1067.07
1595.06
508.47
1639.87
1342.81
918.19
1473.68
964.57
964.01
1426.51
575.1
1510.35
1155.61
1818.93
982.15
1115.18
628.5
892.69
1296.38
1033.57
1079.97
1482.73
1561.79
987.98
1280.19
1246.68
1140.11
1078.4
943.64
1558.89
1093.53
1007.64
1451.24
1714.82
1319.25
1159.51
1161.85
2063.29
2817.46
1819.48
1804.51
808.36
860.32
1243.54
802.94
2636.1
996.06
968
521.12
564.77
1216.65
432.08
936.41
787.83
1385.47
587.57
1465.58
979.68
581.37
1643.47
1003.89
978.53
1272.61
1123.66
874.1
764.6
1057.86
1502.25
1965.79
1110.69
1400.76
1532.82
1013.89
1662.45
1905.46
1780.56
1150.73
826.09
810.25
981.44
903.21
1143.78
1624.26
742.2
986.97
745
716.55
700.15
715.91
821.14
748.71
633.22
635.88
1656.22
1398.31
1334.6
1352.24
971.32
1159.59
1397.74
1035.34
626.35
863.24
863.63
1050.72
1455.55
887.06
1683.05
935.5
1089.85
971.67
1140.44
1146.03
529.64
759.12
1040.99
1498.25
1041.46
618.9
425.55
975.37
1215.52
1082.43
939.83
842.13
1594.88
396.04
606.22
639.58
510.7
674.14
538.3
777.29
820.82
519.91
610.47
505.9
285.08
702.88
624.08
594.89
389.42
1582.81
1697.65
1554.89
1700.17
1121.21
1034.26
1809.82
1196.91
1390.06
1399.66
1133.7
2238.22
2010.57
1667.97
1280.08
1670.15
718.18
1098.27
553.08
1007.37
1309.97
796.65
435.04
757.63
950.36
1307.83
1028.99
591.22
727.45
801.73
662.37
637.07
1299.08
728.72
575.9
1163.13
825.8
971.52
1191.28
877.21
831.85
1216.85
655.52
784.72
901.41
1172.36
1709.34
940.63
767.45
514.27
747.24
1048.68
601.89
556.58
854.13
1052.73
720.49
404.41
1353.08
396.5
834.74
880.64
568.93
784.07
744.23
599.76
1155.76
1309.18
1131.9
1770.43
1158.88
1311.88
741.6
697.76
708.68
444.63
1226.59
821.94
712.53
958.8
560.34
723.2
799.48
583.79
737.92
929.89
1150.25
496.24
947.19
1101.34
693.47
1130.16
618.76
518.2
862.39
748.66
959.66
1005.31
870.65
635.87
467.32
896.09
1175.04
1380.26
1352.33
1105.5
1333.88
615.43
1085.22
2004.38
678.65
803.51
1528.12
780.94
1060.66
1356.83
1027.52
1537.6
1439.4
634.25
708.23
930.97
997.46
1235.55
1217.14
1273.09
1397.67
1080.65
1164.73
793.77
1343.5
1353.61
2278.27
1186.11
1409.41
1069.45
1324.88
1438.65
1648.23
1426.1
936.58
1311.65
2244.51
1615.43
620.13
508.3
797.38
616.14
856.88
444.78
421.59
591.02
733.79
455.38
1035.71
689.16
1068.39
596.08
698.05
795.12
596.3
600.81
756.27
766.07
728.48
1006.42
516.13
721.81
1088.12
394.92
575.04
807.68
691.62
707.52
787.49
1003.76
965.28
820.59
1463.81
1043.74
1612.83
1124.75
776.57
779.15
1145.17
789.15
888.98
1116.61
1073.67
613.52
890.87
1313.39
784.96
1368.29
1472.35
1911.99
1120.76
1092.28
1415.32
1664.81
1971.01
2103.06
1000.57
1463.84
1168.92
2765.73
2240.37
1287.71
598.31
997.07
781.55
426.2
644.55
1075.03
658.09
555.5
1351.64
880.1
569.76
784.29
542.92
1599.43
514.06
842.33
1619.3
1518.19
437.71
725.86
801.92
986.57
898.08
647.19
1168.43
1035.51
1012.01
855.71
1293.5
461.36
1035.3
485.72
795.51
978.26
917.54
1024.25
839.59
632.07
1228.31
1061.07
990.73
2010.56
987.89
1326.71
797.76
1202.6
2142.13
1210.4
1414.24
649.12
1409.24
851.37
1104.88
1381.8
806.29
1557.44
785.43
1011.91
1388.71
1170.46
880.8
912.3
947.01
782.55
667.82
1086.89
1036.93
501.24
1157.38
1399.56
584.38
960.87
844.52
711.25
821.94
1991.15
615.14
1191.23
1113.7
1131.64
791.42
1090.86
483.31
1035.12
1034.04
504.82
778.53
864.46
1682.05
1405.69
1040.52
365.37
810.67
690.8
1392.27
671.96
722.06
920.2
1325.27
1012.57
841.75
715.34
1002.2
1232.49
2228.9
751.43
877.91
669.79
1582.86
675.28
912.55
1081.64
1093.98
544.07
1174.78
1572.44
1426.49
1129.07
752.92
1604.42
1233.35
1217.18
1127.26
1218.72
1546.1
1314.81
1233.9
1270.09
1131.35
665.59
1458.37
1142.96
883.48
1242.63
1111.83
645.77
746
844.64
902.66
1429.67
947.4
1025.58
937.18
842.28
977.06
941.15
892.79
839.34
745.35
454.55
665.29
883.58
923.41
1135.01
551.55
773.63
1210.51
1794.49
331.07
697.51
538.33
1181.91
1652.62
859.11
829.94
566.22
1649.79
735.5
1746.45
1032.11
1088.98
989.63
1117.24
906.49
695.58
520.86
911.44
781.89
831.44
1083.64
1191.28
878.87
470.39
758.07
956.05
836.59
826.11
678.41
938.45
512.9
1180.09
635.39
2006.77
1170.83
1010.13
1609.54
1336.17
768.37
1517.18
1216.08
1539.65
1785.32
1229.13
389.43
1224.12
1556.82
1542.67
1735.68
1022.08
1465.7
732.78
1012.11
1945.63
728.25
1378.91
1433.5
624.88
656.36
949.07
1143.09
1638.39
1484.44
828.84
1277.45
764.55
1003
1321.04
1264.82
760.76
1080.51
603.5
1039.33
1316.32
1305.9
653.11
917.49
620.08
502.76
814.22
785.98
1375.86
846.98
679.15
1406.83
1691.15
1073.2
1633.37
983.49
1518.59
1094.27
922.54
549.68
905.54
526.47
1572.23
715.46
1229.09
1115.51
1965.52
1205.73
987.83
695.93
1778.86
1450.14
2195.92
1486.11
1333.06
1426.22
1147.13
858.23
2183.86
1506.67
962.59
1333.3
839.92
604.33
1117.78
1599.78
767.44
1384.63
483.54
1193.97
1084.92
623.56
669.89
880.79
941.71
752.08
1056.73
1411.04
1351.72
776.3
2533.02
1384.73
1039.31
1072.46
1362.31
983.5
1321.15
1847.18
761.49
936.94
1151.35
1628.87
513.04
958.5
377.68
889.62
670.5
607.97
365.78
593.82
472.52
498.66
502.19
542.29
591.27
460.07
411.62
793.22
1092.42
881.31
730.18
920.98
795.93
739.56
1004.5
768.33
1236.13
770.42
1175.92
766.8
1219.19
1425.16
1241.86
898.44
1960.65
1643.84
1767.03
1026.85
1514.53
1142.05
1159.94
1619.52
1720.55
1345.27
1674.03
1443.7
1260.15
2973.37
2006.69
1451.33
1221.36
1109.98
1914.11
1098.25
1377.14
1328.01
1676
899.96
1243.42
1665.34
1031.28
873.8
782.19
950.98
1227.47
1293.48
691.7
411.92
430.17
508.83
635.5
507.74
590.63
339.25
635.9
327.72
405.81
361.82
216.96
836.32
868.32
680.24
1041.34
1051.34
1114.09
990.33
1266.75
488.45
1368.63
628.35
1043.89
1335.19
918.94
886.1
963.12
612.61
877.43
1474.01
1569.75
1308.11
2417.46
938.79
1308.42
1663.59
1315.4
2047.79
1379.01
2407.74
2398.64
1418.21
1473.23
1129.84
1515.22
1243.78
1567.77
1446.59
952.07
889.31
945.49
974.75
601.6
480.45
975.36
901.39
581.62
878.36
792.82
764.69
1976.32
763.03
832.89
592.79
614.33
731.26
742.99
513.91
429.83
740.53
934.91
817.68
600.1
472.72
588.08
463.87
628.9
763.05
1034.37
1213.29
559.16
617.99
813.87
1136.55
892.54
874.35
813.29
641.6
1025.66
991.04
655.06
928.74
548.1
1053.06
969.08
881.52
1432.35
1320.27
1283.26
1854.57
1802.81
1565.89
997.12
1898.51
1185.36
1458.05
779.71
2108
1647.47
1638.22
1143.94
528.41
880.15
523.07
555.94
922.72
1000.89
1181.6
1481.43
499.89
950.67
1098.08
863.88
1064.46
841.94
848.21
1640.01
1457.01
1132.73
2377.67
1204.33
1577.1
853.93
1523.88
1734.23
1665.24
971.05
438.16
984.76
823.32
1593.72
1273.17
520.78
503.54
682.61
705.32
930.74
463.39
350.07
770.06
803.17
700.78
406.37
735.57
674.17
542.25
834.89
446.33
810.33
688.69
831.31
365.29
910.62
702
751.67
771.47
980.62
1018.79
563.65
1185.69
705.73
488.51
700.18
1131.73
1072.71
1434.88
1377.3
2658.63
838.81
2243.85
1800.27
1480.51
1372.36
3249.2
1032.19
1319.6
1927.26
3016.46
1970.59
1484.68
588.01
273.26
356.18
337.17
355.03
425.99
615.99
332.97
386.23
617.68
758.4
454.58
721.04
646.65
684.28
529.25
558.92
832.54
560.13
670.6
713.21
577.8
427.87
585.87
756.65
537.42
370.69
778.59
798.96
678.77
798.9
1106.54
801.1
748.74
368.13
590.93
729.52
380.18
757.85
472.81
595.43
1136.31
907.87
535.57
836.52
988.99
878.72
488.01
1200.29
867.16
1017.84
1484.72
668.87
1640.72
1489.33
864.24
1064.27
976.5
1096.97
1279.5
1199.09
1224.6
828.94
1027.54
1002.51
712.2
1353.47
972.12
849.21
980.5
687.37
987.69
1070.9
1420.58
676.46
301.8
720
1177.34
1654.83
461.04
675.59
1069.9
746.56
1124.56
1143.35
820.95
1008.56
785.99
521.59
1085.7
615.94
761.76
683.3
1293.6
1231.1
731.3
412.8
816.93
329.11
685.05
608.97
324.27
332.74
273.07
569.36
391.31
655.17
493.84
361.61
430.49
474.26
297.7
982.02
1302.1
737
468.26
639.61
828.23
1283.99
542.06
1168.86
624.03
970.74
919.85
748.89
621.35
858.77
668.81
991.88
1743.49
1139.14
822.36
1203.6
1411.38
1267.51
1219.82
469.85
1325.29
933.88
1572.03
1211.36
1095.4
987.47
1327.69
822.17
954.71
537.11
1219.11
988.39
822.46
936.98
1001.35
882.82
1315.81
723.46
988.27
1096.29
1043.31
575.87
649.95
664.05
454.81
899.93
649.33
1127.63
1110.31
977.47
809.4
636.31
1528.28
1682.06
865.66
929.57
750.53
1272.55
797.89
1198.3
2189.26
798.45
1212.98
1754.93
803.68
1366.08
2016.51
1051.66
919.05
858.28
1250.14
1109.57
1386.84
851.73
881.27
691.42
545.2
851.81
454.71
566.66
724.32
444.9
524.22
830.74
778.49
484.57
549.08
1035.55
958.97
797.5
345.34
711.62
867.94
1085.08
427.97
2350.06
1129.08
1019.16
1023.9
1797.65
531.31
1570.38
874.06
1076.71
1546.12
787.63
737.69
313.96
408.99
685.55
393.2
651.91
575.05
739.89
598.27
882.15
536.15
908.51
662.43
755.05
868.9
278.85
564.81
1370.28
1395.11
714.79
2479.25
1914.19
1444.64
1318.79
1724.67
1045.49
1555.07
1140.64
1765.41
1031.08
1108.5
1709.64
1142.73
1824.12
2010.95
1501.24
932.53
1606.34
1536.01
1837.31
1119.62
621.29
1701.3
971.15
1001.91
1472.36
802.1
808.5
1004.94
710.28
1152.41
1603.57
824.94
991.68
835.31
885.67
1052.87
945.46
1685.54
642.55
1274.39
1133.61
1552.14
1329.51
1330.99
1103.1
978
737.14
651.93
1584.86
1030.47
436.22
1216.34
950.1
1149.38
661.69
1032.12
1415.81
845.44
1164.96
1064.25
1125.76
1031.79
997.61
1704.71
1581.84
1953.47
967.68
1163.77
1790.48
1236.78
1479.78
1685.9
1452.81
1322.83
731.01
1015.85
769.93
608.86
932.36
928.78
393.07
1233.35
998.93
588.27
1097.93
739.54
650.53
475.42
802.75
602.36
492.03
347.61
821.97
1002.84
1073.03
1623.83
1403.27
881.81
917.83
1599.95
1284.58
1444.84
1188.32
879.38
1326.4
1463.32
1401.1
835.43
2130.06
1349.55
1969.79
1018.49
1352.62
1593.22
1316.96
990.5
1340.24
731.95
707.45
1616.79
2071.12
2012.16
1208.03
1272.1
800.06
487.18
849.7
612.19
715.56
589.29
673.8
771.31
1020.11
666.34
704.49
937.59
1522.01
1483.85
719.8
823.82
345.96
449.98
547.82
801.15
804.54
579.62
528.2
702.31
1005.17
641.39
896.87
514.47
899.62
945.14
528.19
702.66
1364.89
1672.82
1348.88
1849.73
1690.72
1174.29
2929.24
1107.65
1122.19
1180.74
923.07
1923.59
1765.8
1487.25
817.78
1937.29
954
1150.13
1146.1
975.34
1339.85
1067.97
842.64
1489.31
992.12
1484.57
916.12
915.16
889.98
829.99
1209.13
1181.88
525.12
951.45
502.77
603.9
820.61
936.99
440.55
1538.1
420.76
438.58
724.14
902.64
841.66
1281.21
485.08
1425.53
484.93
246.77
493.14
239.96
402.58
310.45
447.49
680.07
469.5
683.98
586.66
446.15
514.53
552.22
691.06
440.63
1083.15
1480.53
605.04
693.82
1330.45
947.23
1417.73
1979.33
593.98
816.25
1507.61
1089.32
1384.03
1438.97
525.44
800.09
640.21
520.19
517.87
834.52
497.57
1071.98
648.08
1163.36
1178.66
729.63
963.85
656.93
849.31
701.04
551.39
595.89
1700.37
728.68
879.64
990.44
1301.7
817.26
1117.62
1021.58
685.99
699.4
613.23
882.28
1109.54
776.66
840.37
755.81
596.01
545.16
1209.67
1686.86
1291.75
894.99
974.19
1272.84
1273.17
802.52
864.54
821.53
887.81
1585.47
1047.61
1107.43
1226.58
1612.65
1685.27
1304.83
1089.97
870.61
1055.41
664.75
830.45
1347.21
1554.88
732.65
1133.4
811.28
1080.27
1290
925.06
697.16
1115.38
1160.3
377.19
1103.01
1167.24
1196.22
710.29
1145.6
933.3
705.08
1289.69
1202.5
845.57
1571.33
901.44
731.32
441.14
1316.33
671.93
691.36
1329.73
1105.22
730.16
1081.63
993.55
418.46
367.33
1503.43
1363.67
995.75
643.04
812.75
658.92
1239.2
983.83
1899.21
1030.68
1278.16
756.41
1584.75
1100.75
507.04
684.52
1520.31
880.15
422
656.84
934.97
672.48
776.84
808.96
408.24
948.73
637.05
820.67
592.27
762.82
610.01
327.65
798.24
1089.55
721.26
624.49
916.82
434.52
898.48
445.55
998.57
722.63
919.6
597.51
611.7
1090.56
903.47
647.8
1063.6
929.02
1083.86
929.93
1149.7
1277.16
961.44
2111.15
867.65
1268.27
1007.65
682.32
594.53
862.18
1095.11
1218.97
1032.4
1644.13
1568.55
678.98
1622.4
1521.16
1355.27
2105.21
1307.07
1567.43
1261.84
1762.67
1615.74
1040.46
731.24
765.38
1350.56
2540.12
1166.44
1242.74
841.41
1036.98
326.1
624.74
1401.74
1200.02
932.27
730.16
1202.03
1721.85
812.06
805.82
582.23
644.5
1052.92
2245.1
1158.26
1298.07
855.27
868.07
1533.89
1109.82
1209.57
1156.26
1650.18
675.21
1781.37
1237.54
660.06
1516.92
813.05
1063.31
802.17
581.77
826.9
419.56
570.73
587.18
877.3
992.2
1089.72
680.72
1252.58
385.81
917.43
787.28
678.39
1170.57
1030.68
218.89
366.59
1259.31
980.04
1070
900.42
1573.94
1214.65
1342.2
1415.25
1411.71
1138.43
655.78
1300.32
765.59
798.63
1194.86
903.58
863.14
641.23
470.7
913.65
887.13
1104.84
1219.92
719.23
1225.92
995.64
578.25
1085.82
657.43
1044.45
703.13
817.3
1061.94
1060.49
1218.67
999.75
1294.76
738.57
1122.6
1094.73
539.38
972.9
705.57
662.62
2402.96
1573.82
1923.79
2902.42
2230.88
1940.34
2357.84
1922.24
2396.96
1575.52
1917.91
1901.42
1792.24
2612.51
1566.29
2239.34
518.76
355.05
286.82
346.49
400.16
557.36
372.04
296.74
430.51
546.96
278.36
419.76
603.28
200.03
370.8
735.64
310.47
842.64
869.92
757.85
981.38
657.55
725.68
473.17
763.76
664.03
864.4
885.31
1381.12
1373
698.26
1065.71
1158.2
1858.82
2725.2
1344.83
1609.25
1780.19
1116.89
1655.68
1825.42
1891.37
2411.67
1135.92
1973.9
1299.4
1919.7
1331.52
827.28
734.87
1363.21
1294.79
1047.33
938.07
1008.25
922.24
783.38
608.17
684.78
887.71
537.71
968.74
775.16
769.52
575.86
602.96
1168.82
430.05
667.4
793.93
835.2
770.78
905.22
626.11
868.05
716.68
1256.42
1362.38
464.58
717.28
1194.77
2158.31
1306.01
1755.65
1918.1
1174.91
1059.21
2296.56
1559.15
1231.28
1223.3
1231.4
1079.62
950.32
1089.13
1770.5
1573.19
730.62
1126.36
1249.2
1655.78
2209.42
1208.36
1008.69
812.06
1669.84
1259.41
1497.11
1067.27
587.82
2007.2
1156.54
409.91
907.39
771.91
1016.43
965.67
673.87
1008.01
1405.37
364.08
1363.51
1181.44
1081.56
441.67
895.81
1236.33
1041.32
949.8
1609.53
1038.51
892.4
1177.99
1025.14
860.63
1063.76
1268.6
454.41
955.08
1356.07
1286.3
679.44
759.88
965
683.75
921.19
583.44
1788.68
923.83
373.24
802.05
662.55
553.36
664.05
649.15
622.34
681.46
559.84
837.64
683.84
1106.72
939.68
1239.97
1296.91
873.04
905.43
1453.25
1496.22
623
695.92
1424.61
849.68
1098.45
493.54
1497.11
1212.13
1646.74
1351.49
1019.76
1072.35
917.08
1025.85
1278.95
807.65
765
1168.63
1027.82
785.38
1183.63
848.1
668.25
1982.94
1233.92
873.76
584.26
615.91
735.58
578.89
1304.59
1016.78
759.2
596.38
547.69
750.33
543.35
660.52
995.01
1066.77
699.78
786.01
792.75
699.73
559.43
509.19
571.36
772.88
654.95
1162.38
840.18
576.42
1053.22
1136.27
476.45
654.17
1275.25
1226.5
420.62
824.26
558.27
1069.43
1001.42
549.18
627.13
1367.95
883.94
835.98
572.53
933.97
837.37
1127.4
781.14
1022.82
1009.03
649.09
1028.15
592.85
715.53
570.98
527.54
531.74
1026.41
766.16
561.13
1158.66
630.78
885.92
1084.89
1143.41
2222.88
2044.1
1704.45
1757.13
901.52
1519.67
1439.09
1057.28
1463.64
2343.23
1962.94
1521.16
1281.43
2012.16
594.78
1125.99
364.55
403.95
479.65
528.16
968.56
466.5
864.84
1093.47
656.15
547.06
671.37
695.9
896.71
907.07
423.52
531.52
547.22
358.44
1254.55
447.51
612.13
354.01
718.16
474.21
814.59
679.52
618.54
496.01
797.28
875.38
656.03
852.02
1139.34
841.63
800.5
575.94
1198.23
595.63
624.78
675.71
817.42
828.39
642.61
1510.57
928.84
599.98
2856.93
3436.23
2327.64
1873.42
1840.69
1917.19
1696.64
1301.23
1308.83
1763.66
2202.42
663.55
1296.16
2723.24
2195.7
1508.45
1321.09
1232.73
1377.75
923.86
1690.86
936.18
967.92
1067.94
1050.78
724.74
788.81
1659.12
1209.99
1546.81
1483.37
1033.96
517.06
874.52
1247.89
604.7
663.42
831.94
1080.74
696.41
920.17
498.14
754.68
1306.99
731.37
798.07
810.89
257.04
716.43
578.24
884.85
789.16
1248.92
947.81
1236.82
862.15
870.26
771.69
1591.46
1322.13
1360.83
772.18
1647.99
771.61
1341.71
2033.84
1454.18
617.98
1149.31
1799.73
1140.71
1401.3
1860.83
542.14
1198.06
1183.26
1594.29
1134.78
1428.46
1698.04
1670.84
776.11
1230.56
859.71
801
1506.72
1583.87
839.78
833.66
1009
1462.11
1204.19
920.38
1636.07
878.5
992.8
584.46
1203.57
1259.51
989.34
983.78
494.95
711.51
1222.05
1157.02
813.3
743.64
499.56
905.42
607.14
966.12
981.15
551.67
602.32
416.14
373.03
539.56
517.24
134.1
634.03
316.93
607.29
473.26
410.99
632
242.76
324.57
458.24
364.32
425.99
371.56
597.02
996.19
1124.29
656.08
862.13
672.52
777.05
531.31
1111.18
795.34
1051.54
684.13
740.99
842.77
997.79
716.35
823.37
522.49
816.31
754.65
535.75
1263.47
703.46
762.65
732.07
717.02
475.48
784.88
902.56
1285.6
1377.24
1262.75
1633.7
621.7
1886.49
1710.66
1584.04
491.86
1556.44
904.95
2462.94
2151.69
2610.35
1267.81
1395.53
651.05
830.88
659.25
1409.74
1696.42
708.25
686.3
869.04
782.89
1380.6
663.72
1351.79
1034.08
997.56
1183.83
931.43
717.58
633.24
420.6
928.81
765.38
703.96
887.32
659.96
1016.5
645.15
691.24
1240.5
1048.85
856.16
658.51
466.99
1191.56
737.04
1023.73
428.26
544.33
1088.63
883.02
1264.81
738.02
803.38
783.73
1093.26
997.4
706.09
781.75
1261.06
1188.14
900.77
1544.61
449.86
574.63
1219.4
846.51
1028.07
941.79
1318.76
1091.37
532.01
1273.98
953.23
1068.62
756.64
1037.72
669.81
759.41
817.18
558.87
1549.09
1157.13
827.15
964.46
653.06
654.39
963.31
1023.4
902.95
710.11
413
1030.88
773.91
1261.17
951.62
923.66
571.71
820.46
935.24
785.62
1452.58
675.22
370.63
663.18
981.93
576.73
1135.31
692.39
721.99
669.7
473.93
426.4
657.03
654.51
714.35
696.54
457.05
751.72
834.67
920.1
901.63
694.9
1229.6
655.99
851.59
1424.28
861.39
1316.98
670.06
804.76
428.15
861.24
680.93
735.12
690.39
633
941.18
926.91
679.86
559.23
627.91
424.84
402.08
928.34
492.95
536.5
190.32
510.11
771.87
282.83
620.76
229.44
269.15
688.64
335.68
1458.54
1031.97
1120.08
1436.93
839.67
682.32
814.83
1390.86
913.48
1119.91
1043.23
1739.53
966.96
1712.85
1028.81
986.06
600.6
486.2
872.91
795.86
888.41
545.05
656.29
727.98
765.14
990.26
686.1
509.19
484.08
867.5
780.03
1057.74
424.58
538.36
998.55
670.03
589.53
490.26
809.17
877.89
913.13
596.38
915.93
1142.29
725.69
740.05
699.48
1061.78
1049.43
814.87
797.94
1079.26
483.29
909.44
636.78
1105.89
1167.06
767.31
1101.12
999.78
527
594.94
1426.65
734.45
930.16
1134.58
1079.2
914.84
1317.02
1583.02
961.29
1382.81
1290.26
1579.62
1737.39
1075.6
2435.71
880.68
1341.95
1588.94
796.61
498.44
712.48
594.8
610.16
717.73
798.02
1204.2
650.78
803.93
815.94
684.97
738.64
484.44
745.2
977.98
709.22
756.77
1011.16
825.71
562.92
1570.08
701.45
580.32
436.93
882.59
1063.47
939.2
799.21
788.29
986.72
620.26
1264.94
2753.92
1456.04
1747.43
1624.14
1561.05
3183.52
1779.19
2384.08
2475.59
1658.61
1571.92
2220.02
2188.52
1611.8
2307.03
876.32
414.59
898.9
459.53
591.55
320.37
1127.26
899
572.42
611.67
376.1
758.56
347.82
664.03
678.58
730.25
1162.45
1280.94
1511.39
1280.22
835.29
1103.82
765.32
1380.08
1205.57
953.79
860.61
1118.98
1314.96
1255.57
841.66
1067.64
1301.28
993.08
1030.62
997.98
1348.97
992.7
1751.68
1628.1
1690.24
1477.77
1287.71
886.72
643.55
1745.43
1070.09
966.31
963.86
810.36
784.5
657.6
839.78
400.19
525.89
590.11
647.9
686.69
430.88
574.96
596.38
672.48
948.98
669.64
782.58
1345.38
966.81
886.73
911.77
894.86
671.97
701.88
727.49
1063.24
784.25
1162.19
984.92
1485.86
962.76
1192.04
708.01
593.35
844.2
951.7
698.87
800.97
862.18
357.09
675.17
917.34
553.17
739.93
989.69
762.4
567.96
412
886.84
893.22
610.17
722.94
1855.42
793.37
731.26
970.22
1215.01
470.46
758.9
1031.98
671.11
874.78
859.98
683.72
580.07
825.15
582.63
691.01
635.11
1023.18
1105.05
1133.33
850.3
378.21
859.76
705.79
678.09
654.01
740.64
1140.06
991.58
1365.55
1251.63
1043.98
1132.91
941.82
697.75
702.08
825.54
635.58
1025.78
665.32
1571.37
1136.68
666.9
1973.17
499.39
318.69
343.94
334.63
604.33
297.36
286.53
352.84
327.6
349.56
384.28
488.58
430.96
269.6
319.24
423.47
715.6
712.93
783.41
709.48
576.95
1031.62
779.47
520.01
1029.65
685.01
777.55
506.37
795.22
803.91
734.73
995.27
679.72
1931.44
1407.18
1441.16
463.52
583.56
639.09
726.83
951.6
973.54
1173.43
1901.15
1039.03
1283.95
1174.19
1419.94
1650.19
982.38
318.95
698.68
597.71
885.42
721.04
594.93
973.47
959.86
691.6
1482.66
627.85
1234.56
793.03
749.73
882.39
869.25
644.8
728.89
1372.13
1007.56
753.14
652.43
671.42
421.22
923.35
657.92
1266.58
1092.04
1062.05
732.97
926.71
1638.51
544.32
1176.96
1374.98
688.75
779.98
1049.94
891.09
1170.28
1583.99
1209.64
1049.44
476.07
687.49
731.25
1468.21
1129.47
1561.51
798.04
714.95
980.84
934.82
1523.57
1345.49
1783.38
1841.84
722.31
2364.83
626.85
492.27
1891.23
1054.87
2000.34
533.89
1619.18
1050.45
1297.86
987.37
982.5
1127.24
1403.22
885.22
896.29
1482.92
1765.14
1572.26
1112.79
1431.11
1280.91
900.65
717.87
953.11
768.03
1277.41
865.92
1098.82
1381.53
1074.83
2027.31
1359.44
693.67
1177.25
977.36
1292.68
1414.28
1042.27
1026.36
1251.96
1562.22
700.04
1227.22
1150.21
847.62
927.21
915.49
650.46
904.04
1272.24
811
1183.53
1348.39
1565.94
1709.21
1071.33
1636.96
1300.13
981.48
1538.17
1267.11
1379.64
1160.3
980.47
2042.09
1136.83
1202.85
1289.56
1580.14
1638.85
1559.54
1529.16
1010.52
1125.45
1386.5
1461.13
2096.03
1025.61
1172.96
827.02
1479.16
1705.31
1631.02
1156.58
984.97
873.66
444.26
1239.35
1661.76
779.58
1322.91
1137.21
750.57
848.4
616.73
555.67
1835.37
745.55
1128.4
775.13
403.74
937.95
866.79
1281.84
1476.85
1242.9
1151.19
836.44
750.69
1944.32
1073.3
1017
780.61
738.39
1081.1
1275.97
887.44
1042.46
1393.54
954.66
966.96
811.51
864.11
657.5
897.87
899.7
780.67
655.08
508.74
549.61
920.76
972.41
965.48
1958.7
1406.64
2049.44
831.23
532.96
1966.77
1036.54
949.11
1292.66
1121.36
2035.54
805.67
1278.9
1612.86
816.41
926.72
614.45
480.8
343.34
771.87
864.38
480.15
912.65
875.63
688.34
440.36
908.02
1082.83
1063.74
643.12
548.25
1098.5
761.43
596.82
795.3
627.52
894.79
949.71
603.19
1503.91
603.33
567.34
577.69
914.65
934.69
540.38
1129.86
996.72
498.95
1165.32
483.98
474.02
485.33
662.73
1002.57
1042.56
653.61
1067.13
1053.16
900.9
549.91
692.55
711.91
541.93
555.74
510.74
712
1227.94
486.56
796.11
532.66
665.34
731.27
893.92
1006.38
964.82
381.25
601.28
745.15
1196.8
951.72
1493.57
844.12
809.99
1658.82
1216.79
2215.11
1936.65
1426.42
1303.6
378.34
712.41
916.28
1220.98
1024.52
1158.54
690.11
1355.76
1205.05
1644.49
953.89
970.88
1615.94
700.83
885.7
1358.99
988.57
1856.7
2248.74
732.17
463.28
631.1
405.99
299.01
546.58
374.69
495.09
263.19
338.88
237.64
600.52
602.87
248.88
275.93
626.52
202.32
1132.99
1326.74
1016.77
1570.31
2209.88
2010.35
533.67
2254.11
1762.76
1151.1
1375.1
1365.91
1296.38
1758.72
1073.9
1209.11
875.76
1177.42
432.62
976.02
1000.97
1033.56
650.59
579.43
832.16
556.23
1174.38
749.02
823.22
441.2
786.13
433.52
805.73
1170.2
1337.35
2069.7
1005.62
1858.56
1500.49
1588.89
1092.25
2249.77
1135.55
1054.4
1883.86
1191
1370.77
2332.56
473.78
600.36
363.07
667.1
413.51
792.28
449.48
587.16
354.47
722.89
461.7
645.74
370.21
386.19
610.54
491.45
1043.89
1566.18
1368.45
1120.45
930.5
569.55
1323.6
1687.94
656.33
719.64
812.79
803.75
1142.61
1464.97
1310.06
862.92
2256.3
923.38
3959.81
1305.48
1458.83
1865.43
2039.09
1840.16
1222.59
2074.41
1093.32
1137.44
1692.05
2368.48
1617.77
1720.31
1050.88
1452.31
1363.45
1519.04
877.8
2000.67
1747.51
1316.3
1723.45
1545.68
1693.84
1273.07
1872.12
933.87
1277.38
1856.36
897.3
727.37
1297.39
1297.4
960.96
654.41
1451.82
1302.67
546.04
830.57
576.21
812.83
1099.11
1485.97
1822.51
1601.1
1263.46
488.74
999.84
375.39
880.04
608.61
811.63
1068.77
745.05
539.16
1217.6
569.47
877.38
460.5
297.4
793.38
625.5
773.15
458.06
516.02
929.05
969.23
1171.17
1035.07
926.91
1014.89
1012.85
748.08
995.87
1179.08
572.57
844.9
762.6
1107.19
958.17
1498.66
962.35
1238.18
1050.67
972.36
1268.25
1146.77
1061.03
1335.17
1425.35
829.67
940.65
804.86
813.17
533.88
1210.26
1238.73
662.7
423.45
1846.38
938.27
1141.99
1366.34
686.72
806.99
1226.99
1034.74
653.99
926.23
213.76
294.81
513.87
172.19
378.53
302.66
232.51
375.94
267.82
381.91
156.18
443.95
323.14
252.54
432.32
233.77
694.18
944.81
605.98
1325.5
1073.46
889.6
965.02
2014.2
713.49
764.97
963.01
1081.63
1439.98
1716.16
959.37
810.18
633.7
907.66
805.41
1069.8
790.92
663.65
429.92
1292.31
516
1063.48
1267.38
1044.09
421.31
824.35
755.03
917.34
329.93
1003.4
474.26
451.78
1090.64
1496.02
1222.8
1035.45
891.2
583.58
871.45
793.2
754.76
439.66
820.51
844.22
635.98
576.88
639.26
696.63
958.74
415.03
756.33
464.92
863.11
867.74
513.88
710.8
257.7
661.3
462.83
358.16
1716.64
767.53
1459.41
1091.46
1435.01
1137.8
844.67
1498
680.38
847.78
1028.35
1156.28
723.72
1242.1
1502.21
981.6
300.94
668.45
413.05
1036.86
772.75
408.55
676.98
491.15
544.64
538.31
539.37
812.24
593.46
514.51
568.2
333.19
1747.87
782.84
2708.83
1909.86
1625.96
1519.87
1360.94
1920.63
1911.1
1843.86
2559.57
880.73
3074.64
1209.37
1534.65
940.78
1294.82
602.76
1117.74
814.95
599.17
1045.62
629.48
679.71
639.17
615.99
860.83
1147.73
1054.66
697.05
885.2
706.03
777.41
725.43
771.42
698.7
848.74
868.71
642.08
522.09
1480.33
600.46
697.1
757.68
1102.17
604.16
1130.42
913.63
