12	469103	42.8	140.7
2	98472	93.7	135.0
2	78928	78.8	120.0
4	228603	31.8	89.5
2	82084	101.8	151.5
4	111872	107.3	146.0
2	104222	93.0	140.0
4	329862	22.4	92.8
4	165629	63.5	129.0
4	138462	63.3	105.1
2	136634	25.0	61.7
4	89881	67.8	96.8
4	188173	59.6	118.5
4	173021	68.9	119.0
4	275475	34.5	110.3
2	54479	86.0	117.0
4	150979	76.9	131.8
4	143742	79.8	132.0
4	314438	17.8	55.7
6	459263	59.9	150.4
2	136634	25.0	61.7
6	231108	40.2	109.0
2	79576	86.0	129.0
4	280253	41.2	122.8
6	211874	30.7	67.8
6	318441	35.7	96.1
4	173163	59.5	105.0
4	307615	38.2	120.0
12	416178	48.0	131.0
4	111872	107.3	146.0
6	231108	40.2	109.0
4	152533	68.9	108.8
