2	54479	86.0	117.0
4	150979	76.9	131.8
4	126597	104.5	156.8
2	47927	82.0	138.0
4	307615	38.2	120.0
2	126976	20.8	47.4
4	137497	92.7	160.3
4	122114	79.3	150.3
4	122114	79.3	150.3
4	100845	93.5	130.0
2	104222	93.0	140.0
2	118486	75.2	117.0
4	275475	34.5	110.3
4	183767	48.7	95.0
4	143742	79.8	132.0
4	154045	69.0	134.5
2	98472	93.7	135.0
4	325650	38.3	121.5
2	37185	143.8	183.0
6	211874	30.7	67.8
4	173163	59.5	105.0
12	459729	40.5	134.7
4	119239	114.0	170.8
4	137497	92.7	160.3
6	211874	30.7	67.8
4	173021	68.9	119.0
4	121036	104.2	136.0
4	165629	63.5	129.0
10	556330	105.8	209.3
2	52303	105.0	169.0
4	280253	41.2	122.8
4	111872	107.3	146.0
