2	79576	86.0	129.0
6	203477	37.3	89.0
2	118486	75.2	117.0
2	78928	78.8	120.0
8	461606	135.6	241.5
4	173163	59.5	105.0
4	307615	38.2	120.0
4	122114	79.3	150.3
4	143516	77.5	130.0
2	21521	130.0	208.3
2	47927	82.0	138.0
6	231108	40.2	109.0
6	318441	35.7	96.1
2	54479	86.0	117.0
4	153377	58.0	105.7
2	126976	20.8	47.4
4	137497	92.7	160.3
4	183767	48.7	95.0
4	394356	21.4	102.0
6	231108	40.2	109.0
2	47927	82.0	138.0
4	121036	104.2	136.0
2	104222	93.0	140.0
4	226022	30.4	69.0
2	126976	20.8	47.4
12	416178	48.0	131.0
4	226022	30.4	69.0
2	52303	105.0	169.0
4	143742	79.8	132.0
4	122114	79.3	150.3
4	173163	59.5	105.0
4	188173	59.6	118.5
