4	251057	32.3	89.5
2	47927	82.0	138.0
12	416178	48.0	131.0
4	111872	107.3	146.0
8	461606	135.6	241.5
4	394356	21.4	102.0
2	104222	93.0	140.0
2	82084	101.8	151.5
4	173163	59.5	105.0
4	143742	79.8	132.0
12	459729	40.5	134.7
12	416178	48.0	131.0
4	111872	107.3	146.0
4	137497	92.7	160.3
4	412077	30.9	106.2
4	165629	63.5	129.0
4	169068	68.5	131.6
2	78928	78.8	120.0
2	118486	75.2	117.0
4	126597	104.5	156.8
6	318441	35.7	96.1
4	119239	114.0	170.8
4	153377	58.0	105.7
4	119239	114.0	170.8
4	275475	34.5	110.3
2	52303	105.0	169.0
4	173021	68.9	119.0
4	412077	30.9	106.2
4	329862	22.4	92.8
4	122114	79.3	150.3
4	126597	104.5	156.8
6	443655	37.2	126.1
