2	118486	75.2	117.0
4	188173	59.6	118.5
4	126597	104.5	156.8
12	469103	42.8	140.7
4	183767	48.7	95.0
12	469103	42.8	140.7
2	52303	105.0	169.0
4	161999	65.0	126.0
4	143742	79.8	132.0
4	150979	76.9	131.8
4	137497	92.7	160.3
4	89881	67.8	96.8
2	54479	86.0	117.0
2	79576	86.0	129.0
6	231108	40.2	109.0
4	138462	63.3	105.1
4	165629	63.5	129.0
4	325650	38.3	121.5
4	169068	68.5	131.6
12	459729	40.5	134.7
4	394356	21.4	102.0
6	459263	59.9	150.4
6	211874	30.7	67.8
2	126976	20.8	47.4
4	251057	32.3	89.5
4	307615	38.2	120.0
2	52303	105.0	169.0
6	211874	30.7	67.8
4	100845	93.5	130.0
4	314438	17.8	55.7
2	78928	78.8	120.0
6	231108	40.2	109.0
