
---------------------------------------------------------------
                   STATISTICS OF TRIALS                   	 
------------------------------------------------------------------

1	18.5		47.6667			60			2			818		21753
2	18.5		31.3333			220			9			1403		15875
3	18.5		32			280			12			1863		15747
4	18.5		36			100			4			648		15663
5	18.5		35.75			140			6			909		15595
6	18.5		36			100			4			612		15661
7	18.5		37.6667			20			0			0		15606
8	18.5		32			200			8			1280		15585
9	18.5		43.5			180			7			1102		15761
10	18.5		34.5			60			2			331		15706
11	18.5		47.6667			100			4			650		15703
12	18.5		41.8333			20			0			0		15703
13	18.5		43.5			20			0			0		15723
14	18.5		43.5			200			8			1271		15748
15	18.5		37.6667			60			2			324		15816
16	18.5		47.6667			20			0			0		15795
17	18.5		39.3333			60			2			318		15792
18	18.5		31.3333			60			2			329		15620
19	18.5		43.5			100			4			617		15507
20	18.5		31.3333			100			4			614		15721
21	18.5		47.6667			160			7			1041		15723
22	18.5		39.3333			80			3			466		15605
23	18.5		39.3333			60			2			325		15708
24	18.5		37.6667			80			3			471		15623
25	18.5		37.6667			40			1			166		15657
26	18.5		37.6667			40			1			167		15655
27	18.5		35.6667			20			0			0		15661
28	18.5		39.3333			240			10			1527		15690
29	18.5		37.6667			20			0			0		15552
30	18.5		32			60			2			322		15746
31	18.5		43.5			180			7			1088		15685
32	18.5		41.8333			20			0			0		15839
33	18.5		47.6667			100			4			619		15642
34	18.5		35.6667			320			13			2008		15655
35	18.5		43.5			180			7			1090		15800
36	18.5		35			40			1			165		15727
37	18.5		31.3333			80			3			475		15717
38	18.5		41.8333			80			3			525		15808
39	18.5		32			20			0			0		15603
40	18.5		34.5			100			4			616		15734
41	18.5		39.3333			20			0			0		15617
42	18.5		34.5			120			5			765		15639
43	18.5		43.5			20			0			0		15601
44	18.5		43.5			60			2			322		15721
45	18.5		43.5			80			3			473		15678
46	18.5		39.3333			100			4			608		15740
47	18.5		32			360			15			2276		15676
48	18.5		47.6667			80			3			474		15539
49	18.5		37.6667			240			10			1621		15651
50	18.5		43.5			60			2			322		15671
51	18.5		36			200			8			1243		15583
52	18.5		39.3333			60			2			317		15662
53	18.5		43.5			200			8			1243		15709
54	18.5		36			60			2			317		15684
55	18.5		35.6667			60			2			325		15787
56	18.5		41.8333			60			2			320		15645
57	18.5		39.3333			60			2			315		15744
58	18.5		34			80			3			469		15627
59	18.5		47.6667			20			0			0		15699
60	18.5		34.5			60			2			369		15705
61	18.5		39.3333			80			3			466		15726
62	18.5		35.75			60			2			319		17015
63	18.5		35.6667			40			1			218		18673
64	18.5		35.6667			20			0			0		15345
65	18.5		43.5			180			7			1075		15603
66	18.5		35.75			80			3			462		15507
67	18.5		47.6667			40			1			165		15631
68	18.5		34.5			80			3			471		15478
69	18.5		39.3333			20			0			0		15517
70	18.5		43.5			40			1			166		15751
71	18.5		39.3333			220			9			1432		15684
72	18.5		41.8333			200			8			1239		15663
73	18.5		47.6667			140			5			790		15573
74	18.5		35.75			20			0			0		15603
75	18.5		34			40			1			166		15595
76	18.5		47.6667			200			8			1268		15644
77	18.5		37.6667			60			2			320		15657
78	18.5		43.5			200			8			1238		15645
79	18.5		32			20			0			0		15588
80	18.5		39.3333			120			5			773		15565
81	18.5		41.8333			20			0			0		15576
82	18.5		37.6667			160			6			947		15686
83	18.5		34.5			60			2			336		15643
84	18.5		31.3333			80			3			466		15600
85	18.5		47.6667			20			0			0		15653
86	18.5		39.3333			80			3			488		15644
87	18.5		41.8333			60			2			322		15529
88	18.5		34.5			100			4			628		15570
89	18.5		34			120			5			767		15508
90	18.5		35.6667			220			9			1385		15677
91	18.5		47.6667			20			0			0		15653
92	18.5		37.6667			40			1			169		15500
93	18.5		41.8333			60			2			322		15741
94	18.5		41.8333			40			1			165		15603
95	18.5		34			20			0			0		15606
96	18.5		47.6667			80			3			468		15555
97	18.5		41.8333			160			6			942		15664
98	18.5		35			60			2			317		15558
99	18.5		47.6667			200			9			1349		15630
100	18.5		43.5			100			4			627		15630
101	18.5		37.6667			20			0			0		15522
102	18.5		31.3333			40			1			167		15631
103	18.5		43.5			280			12			1806		15434
104	18.5		41.8333			60			2			318		15627
105	18.5		34			60			2			319		15561
106	18.5		43.5			80			3			473		15536
107	18.5		47.6667			180			7			1083		15584
108	18.5		32			60			2			317		15546
109	18.5		35			80			3			482		15476
110	18.5		32			220			9			1377		15605
111	18.5		39.3333			100			4			627		15519
112	18.5		32			180			7			1086		15595
113	18.5		37.6667			100			4			609		15479
114	18.5		47.6667			80			3			465		15655
115	18.5		41.8333			60			2			323		15766
116	18.5		35.6667			100			4			659		15631
117	18.5		47.6667			120			5			774		15648
118	18.5		39.3333			80			3			466		15492
119	18.5		41.8333			20			0			0		15524
120	18.5		47.6667			80			3			469		15420
121	18.5		35.6667			120			5			760		15403
122	18.5		39.3333			220			9			1368		15557
123	18.5		31.3333			60			2			331		15713
124	18.5		31.3333			200			8			1237		15474
125	18.5		43.5			40			1			168		15589
126	18.5		31.3333			100			4			605		15550
127	18.5		47.6667			100			4			618		15481
128	18.5		43.5			140			6			913		15597
129	18.5		34.5			200			8			1234		15655
130	18.5		47.6667			40			1			177		15556
131	18.5		36			100			4			617		15546
132	18.5		32			120			5			769		15490
133	18.5		47.6667			160			6			935		15578
134	18.5		36			60			2			320		15621
135	18.5		36			180			7			1095		15544
136	18.5		43.5			80			3			509		15525
137	18.5		47.6667			220			9			1389		15505
138	18.5		35.75			20			0			0		15482
139	18.5		35.6667			220			9			1412		15603
140	18.5		32			100			4			617		15497
141	18.5		47.6667			20			0			0		15641
142	18.5		35.75			40			1			163		15988
143	18.5		36			40			1			172		15726
144	18.5		41.8333			220			9			1392		15547
145	18.5		35			120			5			755		15588
146	18.5		39.3333			20			0			0		15575
147	18.5		34.5			20			0			0		15666
148	18.5		47.6667			20			0			0		15660
149	18.5		47.6667			120			5			785		15718
150	18.5		34			80			3			474		15575
151	18.5		36			100			4			615		15593
152	18.5		37.6667			80			3			471		15704
153	18.5		37.6667			60			2			323		15541
154	18.5		43.5			80			3			473		15526
155	18.5		31.3333			100			4			620		15716
156	18.5		47.6667			80			3			469		15550
157	18.5		47.6667			80			3			470		15613
158	18.5		35.6667			60			2			321		15776
159	18.5		47.6667			60			2			327		15704
160	18.5		39.3333			100			4			613		15497
161	18.5		41.8333			180			7			1103		15692
162	18.5		41.8333			140			6			921		15711
163	18.5		39.3333			40			1			166		15676
164	18.5		34			220			9			1381		15654
165	18.5		32			240			10			1506		15515
166	18.5		41.8333			80			3			476		15756
167	18.5		35.75			60			2			322		15798
168	18.5		35.6667			20			0			0		15658
169	18.5		43.5			40			1			167		15663
170	18.5		37.6667			40			1			164		15598
171	18.5		35.75			100			4			650		15611
172	18.5		47.6667			180			7			1094		15884
173	18.5		35			20			0			0		15578
174	18.5		32			100			4			617		15642
175	18.5		47.6667			80			3			471		15573
176	18.5		37.6667			100			4			609		15584
177	18.5		43.5			60			2			324		15591
178	18.5		32			40			1			167		15667
179	18.5		31.8333			60			2			323		15572
180	18.5		47.6667			20			0			0		15669
181	18.5		39.3333			40			1			171		15575
182	18.5		36			40			1			167		15510
183	18.5		47.6667			140			6			906		15558
184	18.5		41.8333			40			1			164		15600
185	18.5		41.8333			80			3			469		15540
186	18.5		36			80			3			470		15661
187	18.5		35			60			2			333		15519
188	18.5		34.5			280			11			1705		15699
189	18.5		41.8333			160			6			946		18967
190	18.5		41.8333			80			3			622		17024
191	18.5		36			100			4			615		15584
192	18.5		32			80			3			478		15677
193	18.5		47.6667			60			2			324		15736
194	18.5		31.3333			20			0			0		15506
195	18.5		39.3333			80			3			465		15577
196	18.5		37.6667			80			3			472		15743
197	18.5		35.6667			100			4			627		15515
198	18.5		35.6667			80			3			467		15716
199	18.5		43.5			120			5			777		15792
200	18.5		34			140			6			926		15644
------------------------------------------------------------------
