2809716
3014059
2682002
2988516
2937431
2886345
2733088
2835259
3039602
3039602
2835259
2962974
2911888
2809716
3014059
2784173
2440492
2672920
2603192
2765892
2579949
2510221
2463735
2579949
2696163
2463735
2510221
2533464
2533464
2789134
2789134
2742649
942319
1011480
1002835
968254
933674
1011480
968254
994189
916383
933674
916383
1020125
950964
916383
1002835
933674
1207558
1196166
1355655
1332871
1355655
1264518
1332871
1332871
1253126
1321478
1321478
1230342
1332871
1241734
1355655
1275910
631730
609168
631730
620449
676854
676854
654292
631730
654292
654292
631730
603528
631730
654292
631730
665573
1727682
1727682
1565251
1580017
1757215
1624317
1742449
1742449
1771982
1698149
1609550
1742449
1757215
1771982
1609550
1565251
3032347
2773172
2980512
2721337
2980512
2850925
3032347
3110100
2902760
2850925
2799090
3006430
2902760
2825007
3084182
2954595
666641
636612
654630
642618
636612
702676
642618
702676
708682
636612
636612
654630
642618
696670
702676
642618
1181651
1312946
1225416
1225416
1203534
1269181
1214475
1214475
1148828
1247299
1192592
1225416
1148828
1280122
1170710
1269181
2941528
2785341
2941528
2785341
3123747
2967560
2915497
2759310
3123747
2889466
2915497
2967560
3019622
2733279
3123747
3071685
1503612
1489427
1631277
1702202
1631277
1688017
1574537
1588722
1531982
1588722
1659647
1645462
1673832
1588722
1588722
1503612
963514
963514
858256
866353
906837
850159
874450
947320
923030
971611
955417
866353
858256
947320
947320
858256
1696208
1667938
1554857
1554857
1667938
1498317
1639668
1667938
1597262
1667938
1568992
1512452
1611397
1597262
1639668
1526587
217035
234792
236766
213089
220981
207170
220981
219008
211116
226900
224927
207170
220981
226900
207170
226900
1838251
1838251
2006898
1787657
1973168
1821386
1770792
1905709
1888845
1922574
1838251
1990033
1804521
2023762
1956304
1905709
2304573
2344653
2224414
2384732
2124215
2364692
2404772
2204374
2324613
2404772
2324613
2384732
2104175
2204374
2304573
2124215
1853722
1853722
1973871
1973871
1973871
1836558
1888051
1888051
1991035
2042527
2025363
2059692
1956707
1802230
2042527
1973871
1150497
1221766
1109771
1130134
1221766
1211585
1201404
1119952
1079227
1170859
1069045
1211585
1170859
1119952
1089408
1109771
318565
301798
335331
332537
321359
321359
301798
293415
301798
304592
304592
332537
321359
335331
321359
335331
2470452
2243993
2326342
2182232
2449864
2264581
2161645
2243993
2429277
2470452
2182232
2243993
2202819
2161645
2285168
2223406
341480
330097
321560
338634
327252
313023
307332
332943
335789
338634
315869
315869
332943
321560
338634
341480
437236
400182
415003
400182
433530
411298
396476
437236
411298
403887
444646
437236
418709
396476
418709
392771
137745
126965
125767
128163
130559
142537
129361
136548
140141
142537
132954
131756
137745
143734
143734
129361
2415553
2525351
2415553
2635149
2327715
2371634
2393594
2371634
2349675
2569270
2525351
2327715
2371634
2305755
2569270
2393594
1689529
1748295
1762987
1571996
1557305
1762987
1689529
1630763
1601380
1718912
1571996
1689529
1630763
1689529
1630763
1586688
1255328
1223681
1128740
1265877
1213132
1149838
1255328
1160387
1170936
1160387
1160387
1118191
1244779
1223681
1181485
1265877
1324508
1289344
1230737
1289344
1324508
1406557
1359671
1265901
1242458
1242458
1336229
1242458
1324508
1324508
1406557
1301065
1289715
1434356
1422303
1337929
1313822
1422303
1434356
1313822
1398196
1398196
1386143
1265609
1313822
1446410
1446410
1265609
1342403
1272968
1261395
1377120
1365547
1365547
1330830
1272968
1226678
1249823
1365547
1353975
1226678
1342403
1365547
1319258
139928
142427
134930
132432
139928
144925
146175
133681
142427
139928
139928
138678
149923
142427
149923
138678
1629558
1492620
1520008
1574783
1520008
1478927
1437845
1588477
1574783
1643252
1506314
1437845
1574783
1574783
1561089
1451539
942696
926158
909619
868273
992312
876542
909619
934427
950966
967504
967504
942696
934427
934427
901350
975773
1365129
1436978
1353154
1436978
1329205
1425003
1341179
1293280
1281305
1401053
1401053
1353154
1413028
1436978
1377104
1269330
2139166
1905476
2121190
2067261
2139166
1905476
2121190
2121190
1959404
1887499
1941428
2013333
2067261
1995357
2085238
1923452
2603414
2603414
2652076
2700738
2603414
2749400
2749400
2773731
2919717
2603414
2871055
2822393
2554752
2871055
2579083
2798062
190497
177245
180558
193810
187184
175589
192154
183871
178902
183871
188841
173932
195467
198780
180558
175589
1824119
2045742
1790024
2045742
1926407
1841167
1926407
1807072
1909359
1841167
1875263
1994598
1875263
1994598
1994598
1807072
1818533
1917725
1901193
1868129
1768936
1785468
1967322
1950790
1950790
1851597
1950790
1802001
1917725
1735872
1934258
1818533
2545556
2306230
2415014
2567313
2610826
2284473
2458528
2480285
2567313
2306230
2393257
2458528
2502042
2523799
2458528
2415014
230837
241235
243315
243315
239156
245395
249554
224598
247474
224598
241235
220439
218360
218360
218360
224598
61202
66869
61202
68002
64602
64602
64035
61769
65736
62335
60635
62335
60069
67436
62335
62335
2403326
2403326
2471992
2677991
2471992
2723769
2586436
2677991
2449103
2540659
2746658
2426214
2700880
2677991
2677991
2449103
2240408
2324952
2494039
2303816
2536311
2430631
2282680
2430631
2388360
2430631
2388360
2240408
2219272
2451767
2346088
2261544
214011
214011
238469
234392
220125
232354
236431
222163
242545
222163
240507
228278
242545
234392
222163
228278
1425000
1377100
1425000
1413025
1269327
1293277
1377100
1401050
1257352
1436974
1317226
1329201
1353151
1389075
1365126
1436974
415648
442341
446154
457594
453781
430901
434715
404208
430901
415648
415648
453781
446154
400395
453781
438528
2410484
2301904
2345336
2301904
2323620
2323620
2410484
2410484
2301904
2301904
2367052
2497349
2497349
2432200
2605929
2453917
1230553
1187376
1284525
1284525
1154993
1154993
1144198
1133404
1208964
1219759
1262936
1241347
1262936
1241347
1133404
1208964
2569286
2498572
2781429
2569286
2545715
2781429
2828572
2710715
2781429
2498572
2475001
2569286
2757858
2734287
2475001
2805001
1102917
1083396
1132198
1044355
1112677
1171239
1054115
1024834
1141958
1102917
1171239
1102917
1141958
1034594
1132198
1063875
2289088
2485295
2310889
2441694
2289088
2398092
2485295
2376291
2463494
2332689
2572499
2572499
2332689
2463494
2572499
2485295
2959541
2933350
2802397
3142875
2750016
3064303
3011922
3064303
3116684
2750016
2959541
2854778
2907159
2854778
3090494
3090494
2698389
2604532
2745318
2698389
2463747
2510675
2557604
2792246
2651461
2581068
2721854
2463747
2768782
2581068
2651461
2721854
819346
790083
782768
790083
812030
819346
841292
870555
819346
775452
826661
833977
819346
855924
804714
775452
2711702
2882710
2736132
2711702
2687272
2784991
2907140
2882710
2907140
2711702
2858280
2662842
2565123
2589553
2662842
2687272
2727973
3065722
2935819
2857877
2753954
2961799
2935819
3065722
3117684
3039741
2805915
2831896
2909838
2727973
2961799
2753954
1334961
1358178
1230486
1218877
1253702
1242094
1346569
1393003
1242094
1288527
1358178
1276919
1311744
1276919
1358178
1230486
2195684
2236725
2318807
2216205
2441929
2277766
2339327
2339327
2400889
2154644
2154644
2195684
2400889
2400889
2195684
2154644
2453078
2453078
2228212
2391751
2289539
2269097
2371309
2371309
2350866
2269097
2146443
2330424
2309982
2166885
2289539
2248655
1644988
1780813
1795905
1750630
1810996
1660080
1735538
1780813
1720446
1675172
1795905
1810996
1780813
1795905
1795905
1629897
1704589
1532697
1504049
1589995
1532697
1575670
1575670
1604319
1618643
1604319
1632967
1589995
1547022
1618643
1718913
1618643
1902524
1902524
1935901
1919213
1952590
1869146
1785702
1752325
2002657
1919213
1902524
1902524
1919213
1819080
1802391
1835769
482175
486767
509728
482175
551058
482175
509728
523505
518912
514320
505136
551058
523505
482175
486767
486767
704916
737856
783972
783972
724680
698328
691740
777384
731268
737856
764208
711504
711504
790560
704916
711504
310378
313009
297227
276184
297227
302487
297227
289336
310378
289336
315639
310378
276184
281445
310378
299857
1667741
1652717
1592618
1682766
1667741
1742865
1667741
1667741
1607642
1682766
1652717
1787939
1727840
1727840
1772914
1682766
1636446
1681903
1651598
1681903
1787969
1636446
1803121
1742512
1772816
1772816
1681903
1712207
1651598
1803121
1606141
1621293
2872256
2972160
2747375
2722399
2897232
2847279
2947184
2797327
2847279
2622494
2697423
2922208
2772351
2897232
2822303
2672446
1325789
1288962
1436272
1313513
1313513
1313513
1338065
1473099
1399444
1460823
1387168
1374892
1313513
1473099
1301237
1423996
2338888
2256096
2463077
2400983
2256096
2256096
2297492
2235398
2256096
2276794
2421681
2173303
2235398
2276794
2297492
2338888
1191233
1281994
1338719
1247958
1316029
1304684
1361409
1338719
1236613
1225268
1191233
1293339
1338719
1247958
1338719
1338719
1806140
1922131
1988412
1988412
1806140
1756430
1888991
1789570
1922131
1888991
1739860
1905561
1855851
1988412
1955271
1938701
3058578
2875587
2875587
3032437
3058578
2771020
3110862
2901728
2849445
3032437
2954012
2927870
2771020
3006295
2901728
2823303
1039402
1029778
1029778
1020154
1039402
1145267
1087523
1135643
1116395
1058651
1020154
1039402
1097147
1126019
1068275
1145267
1077331
1144664
1019617
1067712
1009998
1058093
1086950
1067712
1038855
1106188
1009998
1144664
1019617
1058093
1019617
1135045
2107448
2144748
2219348
1995548
2014198
2032848
2107448
1958248
2088798
1995548
1958248
2182048
2144748
1958248
2144748
2144748
2751790
2776360
2923777
2899208
2579803
2678082
2579803
2628942
2579803
2653512
2874638
2628942
2604373
2727221
2800929
2628942
2678381
2726640
2895547
2678381
2678381
2847288
2799028
2533603
2702510
2871417
2533603
2823158
2871417
2533603
2533603
2557733
998126
955472
989595
955472
895755
989595
912817
972534
904286
998126
904286
955472
998126
1015189
964002
981064
2840710
2866535
2840710
3021482
2866535
3073132
2763236
2918184
3047307
2840710
2866535
2969833
2814885
2840710
2763236
2737411
2203331
2084232
2381979
2282730
2203331
2104081
2104081
2163631
2183481
2381979
2302580
2362129
2223180
2282730
2223180
2302580
2836424
2940513
2940513
2888468
2758357
2810401
3096646
2784379
3018579
2836424
3070624
3122668
2940513
2836424
2914490
2758357
1244933
1302040
1347726
1359147
1336304
1302040
1313462
1290619
1324883
1256355
1244933
1359147
1222090
1279197
1324883
1336304
686306
729980
742458
729980
692545
686306
673828
729980
661349
711263
717502
729980
705023
680067
680067
748698
2362912
2429161
2539578
2561661
2561661
2627911
2362912
2561661
2627911
2583744
2429161
2627911
2583744
2340828
2583744
2583744
1867204
1917669
1934490
1816739
1816739
1867204
1934490
1884025
1951312
1900847
1968134
1833560
1984955
1934490
1968134
1816739
1320642
1229563
1297872
1229563
1229563
1297872
1343412
1206794
1354797
1206794
1366182
1252333
1240948
1343412
1206794
1206794
1469577
1553553
1581545
1497569
1553553
1609537
1581545
1609537
1567549
1525561
1469577
1609537
1511565
1679517
1483573
1539557
2566611
2543489
2543489
2450998
2682225
2682225
2427876
2474121
2450998
2612857
2774715
2566611
2728470
2543489
2682225
2474121
393841
415324
429645
408163
418904
418904
375939
429645
404582
429645
375939
426065
418904
397422
422484
408163
1539335
1511347
1581317
1679275
1497353
1525341
1511347
1525341
1497353
1539335
1623299
1595311
1609305
1679275
1511347
1539335
2187300
2111876
2093020
1979884
2187300
2130732
2149588
2111876
2262724
2093020
2225012
1979884
2168444
1998740
1998740
2149588
308538
305901
303264
305901
308538
313812
316449
292715
305901
287441
295352
311175
303264
287441
311175
290078
1375896
1307101
1364430
1284169
1352964
1261238
1352964
1295635
1295635
1249772
1307101
1203909
1364430
1249772
1375896
1249772
1022279
1004804
1004804
969854
952379
978592
952379
961117
1048491
1022279
996067
934905
987329
1039754
952379
996067
517106
549425
526340
484787
507872
554042
544808
554042
498638
507872
521723
554042
554042
549425
489404
544808
2982935
2751500
2700070
3060080
2957220
2700070
3085795
2931505
2725785
2725785
2957220
2700070
2957220
2957220
2828645
2957220
2796235
2796235
2553084
2577399
2723290
2626029
2844865
2844865
2698974
2626029
2747605
2698974
2917810
2626029
2601714
2698974
95622
87586
95622
93211
86783
85979
86783
96426
93211
87586
92408
93211
91604
85979
92408
94818
2460544
2599820
2646245
2460544
2530182
2530182
2506969
2553394
2599820
2553394
2739096
2553394
2739096
2692670
2692670
2785521
1982477
2094693
2001180
2150801
2225611
2113396
2132098
2188206
2094693
2150801
2057288
2169503
2169503
2113396
2132098
2001180
189981
206265
217122
202647
197219
206265
213503
202647
191791
209884
191791
193600
195409
213503
195409
191791
2518125
2518125
2428192
2630541
2428192
2585574
2630541
2540608
2608058
2495641
2630541
2428192
2585574
2405708
2428192
2675507
2059873
2176470
2137604
2079306
2254201
2079306
2098739
2273634
2098739
2234768
2137604
2234768
2215335
2079306
2079306
2312499
2499506
2686385
2779824
2709744
2663025
2499506
2476146
2709744
2733104
2709744
2616305
2639665
2686385
2733104
2709744
2639665
2495045
2429957
2386565
2386565
2343173
2343173
2429957
2495045
2321477
2560133
2560133
2299781
2538437
2278085
2321477
2451653
1616227
1466827
1589063
1561900
1507573
1507573
1466827
1507573
1466827
1534736
1602645
1616227
1480409
1480409
1507573
1453246
843680
784475
836280
851081
799276
843680
828879
873283
880684
784475
880684
888085
806677
814078
858482
821478
1692001
1722216
1707109
1646680
1782644
1722216
1692001
1722216
1722216
1707109
1767537
1737323
1737323
1601358
1797752
1692001
922777
993084
1001873
940354
966719
931566
1019449
949142
1054603
957931
993084
984296
1037026
1010661
949142
940354
2136086
2136086
2258148
2420897
2278492
2359866
2197117
2359866
2400554
2237804
2420897
2380210
2319179
2319179
2258148
2258148
2471332
2558813
2624424
2383851
2340111
2602553
2361981
2493202
2536943
2383851
2449462
2427592
2493202
2471332
2493202
2493202
2508231
2352854
2441641
2619215
2486034
2330657
2530428
2552625
2330657
2375051
2508231
2419444
2574821
2397247
2508231
2441641
1090884
990046
1035882
962545
980879
999213
1054216
990046
1035882
990046
1100052
980879
1072550
1100052
990046
971712
1759670
1701014
1642359
1613031
1627695
1642359
1569039
1642359
1642359
1759670
1745006
1583703
1745006
1539711
1730342
1686350
1958583
2046019
1871146
1871146
1923608
1871146
2080994
1923608
2063507
2063507
1836171
1993557
2098482
1923608
1888633
1958583
1882034
1999661
1999661
1949250
1814819
1814819
1982857
1898838
2016465
2016465
1764407
1982857
1898838
1966053
1798015
1814819
1629513
1797033
1629513
1675201
1644742
1736117
1751346
1797033
1736117
1781804
1736117
1659971
1827492
1614284
1705659
1797033
2020230
1984787
2091115
2073394
2073394
2126558
1896181
1860738
2037951
1860738
1984787
2073394
2020230
2002509
1860738
1860738
2162805
2318682
2318682
2201774
2162805
2201774
2143320
2123835
2279713
2279713
2338167
2201774
2240743
2318682
2065381
2338167
1238556
1226980
1319583
1238556
1389034
1342733
1389034
1261706
1319583
1215405
1215405
1354308
1308007
1250131
1377459
1342733
741246
696898
741246
728575
665221
747581
677892
696898
760252
665221
690562
696898
760252
734911
665221
715904
198775
197091
193722
193722
200460
192037
193722
176876
181930
200460
190353
188668
197091
181930
183614
200460
1003901
1041082
1059673
1031787
1115445
1096854
1106150
1078264
1050377
1013196
1059673
1041082
1059673
1106150
1031787
1078264
2004592
2021873
1970030
1970030
1849063
1987311
1918187
1952749
1831782
1987311
2073716
1866344
1900906
1970030
2021873
1883625
2796014
2702813
2702813
2632913
2772714
2656213
2563013
2656213
2632913
2702813
2632913
2469812
2656213
2679513
2679513
2772714
1532922
1722712
1620517
1591319
1664315
1576720
1620517
1562120
1576720
1562120
1722712
1708113
1678914
1737311
1532922
1562120
931394
867160
939423
907306
899277
907306
963511
859130
851101
963511
939423
915335
915335
939423
867160
963511
2329795
2245839
2476719
2371773
2497708
2224849
2518698
2350784
2203860
2245839
2287817
2518698
2392763
2371773
2497708
2245839
117660
110796
102952
109816
105894
103933
102952
111777
103933
117660
113737
116679
102952
116679
113737
106874
498549
461158
469467
494395
465312
490240
490240
448694
469467
477776
486085
494395
436230
452849
457003
481931
1405647
1335365
1311937
1311937
1335365
1370506
1347078
1370506
1323651
1300224
1288510
1347078
1241655
1288510
1300224
1382220
2854753
2984514
2750943
3114276
3088323
3088323
2828800
3010466
2906657
3036419
3010466
2880705
2984514
2802848
2724991
2776896
2888536
2888536
2888536
2760725
2811849
2709600
2684038
2786287
2684038
2990785
2837411
2735162
2862974
2684038
2965223
2786287
1016987
1071959
962015
1071959
1007825
1035311
1062797
1081121
1062797
1099446
1053635
962015
1099446
1026149
1026149
998663
77710
69739
75053
75053
78374
72396
79038
79702
75717
71068
71068
71068
77710
69739
79702
75053
2520635
2475623
2453118
2475623
2498129
2475623
2655669
2453118
2475623
2430612
2475623
2610657
2520635
2543140
2430612
2633163
2035046
2035046
1915337
1983742
1795629
1864034
1898236
1932438
1846932
1846932
1966641
1949540
1812730
1864034
1949540
1795629
1549951
1591842
1522024
1466170
1647696
1647696
1633733
1563915
1535988
1494097
1466170
1480134
1619769
1480134
1508061
1466170
2030330
1810377
1945733
1996491
2013410
1894975
1945733
1996491
1810377
1894975
1996491
1810377
1776539
1911894
2013410
1945733
180896
177666
184127
182511
169590
192202
190587
169590
187357
192202
182511
185742
169590
174436
187357
182511
75895
68938
67040
75895
72100
70835
70203
75895
75895
69570
75895
70203
75262
75895
72100
68938
1786483
1786483
1886660
1869964
1970140
1853268
2003533
1953444
1836572
2003533
1786483
1753091
1986837
1903356
1953444
1786483
1631034
1489205
1602668
1645217
1588485
1489205
1560120
1489205
1489205
1645217
1687766
1673583
1673583
1631034
1560120
1659400
2716420
2975127
3000997
2742291
2871644
3000997
2897515
3104480
2975127
2975127
3104480
2923385
2716420
2897515
3104480
2716420
2840318
2670385
2864595
2621832
2718937
2767490
2864595
2621832
2694661
2767490
2913147
2573280
2767490
2646109
2767490
2767490
1865109
1750585
1766945
1717864
1832388
1734224
1930551
1865109
1865109
1897830
1963273
1848748
1799667
1832388
1963273
1881470
1992922
1923603
1888943
1906273
1836954
1906273
2027581
2079571
1975592
2062241
1854284
2027581
1958262
1940933
1923603
2044911
2015797
2167933
2148916
1996780
2091865
2129899
2072848
2129899
2263018
2015797
2148916
1996780
2091865
2015797
2282035
2091865
3015314
3120195
2989094
3015314
2779333
3041535
2831774
3146415
3015314
3015314
2779333
3015314
3067755
2831774
2753113
2962874
1987266
1970425
2004107
2004107
1785171
1835695
1768330
1936742
1869377
1852536
1869377
1886218
2004107
1970425
1936742
1785171
450733
426369
466975
462915
475097
430429
462915
483218
466975
462915
466975
434490
446672
487279
479157
430429
2974280
2794798
2794798
2717877
2794798
2922999
3025561
3051201
2999920
2794798
2897359
3076842
2794798
2794798
3051201
2922999
2636072
2836915
2962443
2661177
2887126
2836915
2811810
2811810
2761599
2736494
2761599
2786704
2836915
2811810
2761599
2912232
1145283
1105098
1175422
1185469
1145283
1125191
1064913
1105098
1155330
1165376
1095052
1125191
1095052
1185469
1064913
1145283
1134488
1066612
1018130
1163577
1037523
1115095
1037523
1047219
1076309
1076309
1027826
1144184
1115095
1037523
1018130
1095702
2260470
2127501
2222479
2146497
2051519
2089510
2184488
2203483
2165492
1994532
2127501
2013528
2051519
2127501
2051519
2013528
63205
61497
60358
63205
64913
66622
62066
67760
61497
63205
60358
67760
61497
62066
62066
63205
803263
747384
789293
747384
768339
733414
803263
831203
817233
838188
782308
831203
824218
803263
810248
747384
980857
939645
972615
881947
898432
956129
947887
873705
923160
914917
964372
865462
881947
964372
890190
914917
1057059
983524
992716
1020292
1103018
1103018
983524
1066251
992716
1075442
974332
1066251
1093826
1075442
992716
1084634
460236
443500
443500
497892
468604
472788
464420
460236
481156
485340
485340
476972
456052
443500
497892
481156
2924632
2792892
3056372
3161764
3135416
3056372
2845588
2924632
2819240
3030024
2766544
3109068
2819240
3109068
3109068
2950980
539386
514868
559000
559000
539386
588421
544289
524675
529579
573710
549193
568807
583517
544289
524675
563903
2316869
2425134
2468440
2381828
2555052
2533399
2576705
2555052
2316869
2490093
2381828
2360175
2598358
2446787
2511746
2511746
2619518
2596739
2460069
2551183
2596739
2733410
2414512
2733410
2642296
2528404
2460069
2687853
2619518
2505626
2505626
2391734
1979975
1927410
2015019
2032541
1892366
2032541
1839800
1857322
1874844
2032541
2032541
1857322
2015019
1892366
1962453
1944932
1253237
1311257
1380881
1230029
1253237
1218425
1218425
1357673
1392486
1241633
1357673
1311257
1311257
1311257
1322861
1288049
685026
729019
716450
722734
747873
729019
685026
716450
691311
729019
697596
716450
691311
741588
722734
672457
2557079
2822436
2774189
2822436
2557079
2846560
2750066
2605326
2677696
2653572
2605326
2894806
2846560
2605326
2750066
2725943
2132632
2059093
1930399
2114247
2114247
2114247
2077477
2059093
2059093
1967169
2206171
1967169
2187786
2040708
2206171
1967169
2546229
2413383
2413383
2413383
2590512
2413383
2634794
2457665
2568371
2413383
2568371
2413383
2346959
2656935
2612653
2413383
2686135
2640990
2528127
2528127
2618418
2528127
2460410
2640990
2640990
2415264
2618418
2392692
2415264
2618418
2708708
2573272
2260744
2218878
2323543
2386341
2386341
2470072
2407274
2511938
2428207
2491005
2197946
2281677
2239811
2491005
2323543
2302610
2741530
2716607
2716607
2891068
2666761
2841222
2965837
2766453
2940914
2691684
2915991
2616915
2990760
2965837
2990760
2915991
2502704
2356713
2315001
2231578
2377569
2440136
2481848
2231578
2377569
2335857
2502704
2315001
2419280
2252433
2210722
2189866
964137
1025492
946608
1025492
999197
920313
920313
929078
937843
1034257
946608
946608
999197
972902
964137
964137
686568
742742
717775
717775
655360
692809
661602
711534
705292
692809
736500
724017
699051
711534
692809
680326
2764750
2791081
3080722
3107053
3159715
3107053
2843743
2870074
2896405
3107053
3080722
3133384
3159715
2764750
2896405
2870074
2804579
3031977
2981444
3006711
2678246
2981444
2956178
2652980
2678246
3031977
2855112
2981444
2754046
2981444
2804579
3031977
1972424
2177110
2158502
2214325
2232933
2177110
2139894
2084071
2139894
2121286
1953816
2065463
2232933
2084071
2195718
2046855
1257157
1213429
1224361
1289952
1213429
1169702
1289952
1191566
1268088
1246225
1246225
1213429
1180634
1191566
1169702
1147839
858920
866261
822214
829555
866261
807532
858920
807532
851579
880944
814873
836896
807532
785508
851579
792849
512809
541564
531979
555942
536772
541564
517601
527187
546357
565527
560735
503224
522394
527187
522394
531979
1306659
1356437
1468436
1443548
1493325
1356437
1493325
1356437
1368881
1331548
1343993
1331548
1418659
1493325
1393770
1480881
1769678
1724302
1754553
1709176
1633549
1724302
1724302
1799929
1588173
1648675
1694051
1769678
1648675
1769678
1694051
1678926
2771080
2771080
2771080
2698156
2649541
2916926
2892618
2916926
2844003
2698156
2600926
2746772
2625233
2819695
2722464
2649541
1351654
1250280
1182697
1284072
1227753
1306599
1295335
1272808
1182697
1250280
1351654
1295335
1306599
1340391
1340391
1205225
2340714
2279652
2137174
2422130
2198236
2218590
2177882
2279652
2381422
2422130
2177882
2157528
2259298
2259298
2300006
2300006
1984459
1948378
1984459
1930337
2074662
2020540
1966418
2002499
2164864
2002499
1912297
1966418
1930337
1894256
2110743
2020540
1005100
1119969
1148686
1072107
1033818
1043390
1072107
1091252
1033818
1024245
1033818
1091252
1014673
1024245
1052962
1139114
202601
202601
215855
219642
217749
223429
223429
198814
210175
210175
219642
221535
208281
219642
210175
202601
461560
470108
512845
495750
478655
508571
478655
478655
461560
448739
474381
500024
461560
504297
461560
478655
1095497
1163966
1105278
1173747
1115060
1056372
1066154
1154185
1163966
1163966
1027029
1056372
1036810
1056372
1163966
1173747
1067957
1067957
1047995
1167766
1187728
1167766
1047995
1057976
1067957
1177747
1157785
1057976
1177747
1147804
1197709
1137823
1274269
1371356
1298541
1407764
1359220
1334949
1359220
1407764
1432036
1322813
1395628
1347084
1383492
1310677
1371356
1419900
1221326
1242753
1135619
1253466
1167759
1146332
1221326
1178472
1232039
1189186
1285606
1135619
1124905
1167759
1178472
1146332
1072596
1035926
980921
999256
1045093
1008423
1008423
1008423
1090931
971753
1100098
1072596
1063428
1063428
962586
1054261
2866955
2842658
2866955
2551104
2866955
2721177
2599696
2842658
2891251
2794066
2599696
2696881
2769770
2745473
2672585
2696881
1285357
1196712
1307519
1185631
1241035
1185631
1307519
1307519
1263196
1252115
1329680
1285357
1274277
1185631
1307519
1163470
63973
68158
71745
71745
62777
66962
65766
69951
66962
68158
71147
65168
68756
64571
71745
67560
2795931
2899484
2718266
2925372
2847707
3080701
2821819
2925372
3028925
2925372
2770042
3003037
2873595
2744154
3003037
2977148
2334367
2250246
2250246
2460549
2208185
2292307
2355398
2208185
2376428
2313337
2250246
2397458
2439519
2397458
2271276
2376428
478844
483404
501646
538129
529008
487964
524448
492525
533569
510767
483404
497085
542689
478844
524448
492525
1793174
1624585
1777848
1731869
1716543
1670564
1747195
1777848
1777848
1823827
1762522
1655238
1839153
1685890
1731869
1685890
1900374
1815536
2019147
1849471
1781601
1951277
1985212
1798568
1900374
1968245
1883406
1917342
1968245
1798568
1883406
2002180
1789016
1823092
1959398
1789016
1993475
1857169
2027551
1874207
1806054
1976436
1942360
1874207
1823092
1891245
1789016
1942360
2066748
1894519
2049525
1946187
1894519
1963410
1911741
1894519
1860073
1911741
1911741
2066748
2066748
1963410
1860073
1946187
1504897
1365789
1391082
1378435
1492251
1327851
1504897
1365789
1403728
1365789
1466959
1365789
1479605
1517544
1391082
1517544
2403954
2426213
2671060
2492990
2426213
2337178
2537507
2626543
2470731
2470731
2470731
2626543
2448472
2337178
2626543
2448472
1321551
1310352
1198356
1299152
1265553
1209555
1287952
1231954
1209555
1198356
1343950
1321551
1310352
1243154
1332751
1343950
2905876
3011544
2958710
3170047
2958710
2853042
2958710
2958710
3143630
2853042
2773791
2932293
3037961
2879459
2800208
3090796
2394680
2456612
2456612
2415324
2374037
2229530
2188242
2270818
2332749
2208886
2394680
2188242
2374037
2270818
2167599
2415324
294336
299688
294336
297012
294336
315743
291661
305040
283633
297012
280957
318419
318419
297012
321094
294336
878262
933153
909629
933153
917470
878262
933153
925312
901787
886104
839054
846896
823371
909629
893945
933153
2757906
2960321
2808509
2859113
2859113
2859113
2960321
2732604
2935019
2859113
2985623
2935019
2732604
2935019
2909717
2682000
96018
101505
98761
101505
106991
104248
106077
97847
109735
107906
99676
103333
99676
104248
99676
96932
30924
28525
27991
30391
29858
28525
31990
31191
29858
28525
30924
27991
29058
28258
31724
28258
652765
619573
647233
597446
597446
636169
597446
591914
591914
625105
625105
580850
658297
647233
619573
586382
2402924
2491921
2491921
2625417
2402924
2580918
2536420
2536420
2536420
2669916
2425173
2447423
2336176
2603168
2625417
2625417
533626
501425
510625
496824
524426
524426
524426
524426
524426
496824
492224
552027
496824
529026
506025
533626
1488862
1582755
1435210
1462036
1448623
1435210
1569342
1542515
1488862
1462036
1555928
1488862
1488862
1542515
1542515
1529102
1129981
1079081
1160521
1201241
1180881
1211421
1221601
1068901
1170701
1221601
1160521
1191061
1180881
1068901
1099441
1140161
2170728
2134246
2152487
2116004
2170728
2116004
2006556
2006556
2043039
2097763
2134246
2188970
1933590
1970073
1951831
2006556
1088594
1050730
1069662
1116992
1098060
1012866
1069662
1116992
1041264
1107526
1126458
1050730
1079128
1060196
1050730
1116992
2127101
2185645
2107586
2107586
2283218
2302733
2049042
2205159
2205159
2322248
2205159
2283218
2205159
2107586
2127101
2146615
2859801
2960145
2985231
2659113
2884887
2759457
2985231
2859801
2809629
2809629
2909973
2734371
2935059
2759457
2684199
2634027
2236075
2374593
2137134
2236075
2295440
2255863
2156922
2097557
2315228
2275652
2255863
2275652
2236075
2156922
2354805
2295440
2619579
2790953
2839917
2668543
2766471
2595097
2888881
2693025
2741989
2693025
2864399
2570615
2937846
2644061
2913363
2815435
1551294
1621808
1480781
1480781
1621808
1480781
1607705
1579500
1650013
1692321
1537192
1650013
1480781
1692321
1551294
1593602
1580877
1567010
1469939
1469939
1483806
1650214
1650214
1594745
1650214
1567010
1580877
1664082
1580877
1622479
1483806
1567010
1049525
1040399
976515
1022146
1086030
1013020
994767
967388
1013020
985641
1049525
1076904
985641
1086030
994767
1049525
814755
750432
779020
850490
843343
843343
814755
786167
843343
857637
786167
857637
764726
814755
793314
843343
233212
209293
237199
213279
221252
229226
229226
223246
211286
223246
219259
233212
213279
225239
227232
219259
2560156
2628125
2582812
2605468
2582812
2469531
2446875
2537500
2560156
2537500
2673437
2514843
2696093
2650781
2537500
2673437
1315286
1227600
1282404
1216639
1249522
1161836
1271443
1172797
1304325
1216639
1205679
1238561
1260482
1238561
1205679
1150875
696887
703524
743346
783168
796442
789805
756620
723435
769894
703524
696887
736709
756620
756620
763257
703524
392843
407128
392843
382129
421413
378557
392843
385700
392843
385700
389271
407128
410699
399985
428556
424984
1837112
1804596
1820854
1804596
1853369
1788339
1820854
1837112
1820854
1902142
1950915
1885885
1755824
1707051
1820854
1755824
2727747
2521447
2658981
2475603
2567292
2567292
2636058
2498525
2521447
2636058
2681903
2636058
2750670
2498525
2567292
2498525
190658
187453
176238
192260
168227
190658
174636
173034
184249
185851
190658
185851
192260
171432
171432
173034
2364468
2263422
2182586
2243213
2182586
2142167
2324049
2202795
2283631
2223004
2162376
2202795
2142167
2243213
2384677
2404886
2363164
2520708
2475696
2385670
2363164
2633240
2475696
2700759
2633240
2633240
2363164
2363164
2633240
2543215
2610734
2678253
3123288
3149534
3123288
3149534
3070796
2992057
2939565
2913319
2939565
3070796
2834580
2808334
2887073
2755842
2965811
2782088
708808
721579
727965
753507
715193
683265
747122
696036
715193
696036
747122
676879
721579
676879
708808
689651
1147581
1117644
1067749
1187497
1187497
1087707
1077728
1187497
1157560
1157560
1177518
1197476
1147581
1177518
1117644
1147581
190752
190752
192411
187435
179141
179141
197387
180800
174165
190752
180800
174165
197387
194070
184117
195728
2026927
2080268
2098048
2080268
1991367
2115828
1920247
1973587
2080268
2044708
2133608
1884687
2115828
2026927
1866907
1991367
304228
273549
296558
268436
291445
270993
278662
273549
304228
299115
304228
273549
281219
294002
268436
278662
27874
29467
31325
28405
29732
31059
29201
29467
30263
31059
28670
28405
31325
28936
28405
29998
168337
166847
165357
156419
162378
169826
156419
178765
159398
157909
157909
162378
172806
171316
171316
157909
2233153
2156147
2136896
2213901
2233153
2059891
2117645
2233153
2117645
2271655
2117645
2252404
2290907
2021388
2040639
2021388
263531
276080
288629
268550
283609
291139
268550
296158
268550
266040
286119
268550
278590
283609
268550
271060
2695596
2463217
2486455
2509693
2463217
2532931
2695596
2672358
2486455
2765310
2509693
2718834
2439979
2579406
2672358
2579406
2021509
2148992
1966874
1948662
2167204
2167204
2130780
2167204
2039721
2003298
2148992
2094356
2185416
2112568
2003298
2021509
873127
888580
919488
849946
819039
849946
842220
919488
911761
904034
834493
826766
849946
904034
834493
904034
1409213
1528864
1595336
1488980
1595336
1435802
1422508
1409213
1462391
1555452
1502275
1449097
1409213
1422508
1395919
1582041
1995726
1843510
1894249
1843510
1978813
1775858
1826597
1928075
2012639
1792771
1860423
1792771
1928075
1978813
1961901
1860423
110428
103821
109484
100989
113259
112315
104765
113259
108540
110428
106652
104765
110428
109484
101933
111371
1256328
1361022
1349389
1233063
1372655
1302859
1233063
1291226
1349389
1221430
1302859
1291226
1291226
1221430
1233063
1314491
328407
319368
328407
340458
349497
331420
349497
355523
355523
355523
343471
322381
346484
349497
343471
328407
1656283
1518259
1463050
1559666
1573469
1559666
1559666
1449247
1601073
1490654
1614876
1587271
1614876
1504457
1532061
1601073
1181364
1088099
1098462
1222816
1212453
1088099
1139913
1233179
1088099
1181364
1171002
1160639
1160639
1119187
1129550
1212453
1668602
1640079
1697125
1525986
1668602
1597294
1711387
1525986
1611556
1525986
1554510
1668602
1554510
1611556
1497463
1668602
1695092
1582086
1638589
1497331
1539708
1680966
1638589
1680966
1624463
1624463
1582086
1497331
1539708
1553834
1483205
1596212
1566827
1514161
1566827
1448328
1527327
1487828
1461494
1579994
1553661
1395661
1540494
1408828
1500994
1500994
1435161
1553661
2660042
2908644
2660042
2660042
2759483
2834063
2908644
2858924
2684902
2709762
2883784
2858924
2858924
2933504
2809203
2709762
1926321
1890648
1961994
2122520
1926321
2086848
1890648
2051175
1961994
2033339
1961994
2015503
1944157
2086848
2104684
2069011
1625613
1701576
1640806
1807925
1823118
1762347
1807925
1747154
1625613
1671191
1823118
1792732
1671191
1716769
1625613
1777540
2456630
2566301
2325025
2610169
2500498
2303091
2588235
2390827
2412762
2434696
2303091
2390827
2566301
2610169
2478564
2500498
252512
241138
266162
270711
252512
272986
238863
259337
250237
250237
241138
272986
270711
252512
266162
254787
1825193
2029887
1859308
1978714
1910482
1978714
1961656
1978714
2012829
2046945
2012829
1808135
1825193
2029887
1876366
1791077
830892
875404
830892
808636
786380
860566
853148
793798
816054
778961
860566
875404
860566
793798
786380
830892
1086512
1041241
986915
1059349
1059349
1086512
995969
986915
1086512
1086512
995969
1014078
986915
959752
977861
1032186
2145502
2183476
2107529
2107529
2240436
2259423
2107529
2278410
2221449
2259423
2107529
2088542
2050569
2240436
2221449
2164489
2157201
2157201
2195723
2137941
2176462
2041637
2176462
2195723
2311287
2214983
2080158
2080158
2022376
2118680
2022376
2022376
2535148
2464728
2629043
2511675
2488201
2652516
2675990
2488201
2699464
2535148
2629043
2511675
2769884
2558622
2464728
2652516
206614
216180
227658
227658
221919
223832
218093
229572
208527
227658
216180
220006
210441
229572
204701
229572
2083358
1853835
1853835
1995080
2065702
2012736
1995080
2101014
1959769
1977424
1942113
1995080
1889147
1977424
2012736
1889147
2143281
2388227
2449464
2347403
2367815
2408639
2388227
2408639
2408639
2143281
2326990
2306578
2163693
2408639
2204517
2184105
256915
259149
259149
241277
243511
256915
239043
252447
261383
234575
268086
247979
236809
263617
245745
261383
2427989
2281472
2386127
2365196
2407058
2448919
2323334
2365196
2260541
2302403
2469850
2427989
2218679
2239610
2323334
2490781
1106149
1115444
1003899
1031786
1078262
994604
1059672
1096853
1050376
1087558
1022490
1087558
976013
1031786
1022490
1013195
579434
621961
632593
579434
558170
595381
595381
568802
563486
627277
584750
611329
590066
595381
627277
621961
1370514
1468408
1394988
1358278
1431698
1443935
1394988
1309331
1407225
1407225
1309331
1321567
1346041
1407225
1284857
1394988
948988
899475
882971
874719
924231
973744
957240
899475
891223
924231
866467
981996
990248
915979
990248
981996
673056
705106
698696
705106
756387
698696
762797
685876
679466
673056
762797
679466
730746
692286
698696
724336
1485931
1556690
1514235
1584993
1669904
1514235
1485931
1613297
1570842
1570842
1514235
1669904
1655752
1485931
1684055
1514235
2352260
2352260
2287519
2373840
2568064
2524903
2524903
2395421
2417001
2352260
2373840
2460162
2330679
2395421
2481742
2546483
1959649
1894327
1780014
1731023
1780014
1845336
1861666
1812675
1731023
1910657
1829005
1894327
1747353
1959649
1877997
1763684
686044
661322
698405
686044
686044
723127
741669
723127
723127
673683
698405
673683
741669
698405
667502
735489
280308
285141
280308
263393
282724
282724
263393
256143
263393
273058
275475
265809
260976
265809
260976
282724
2013661
1976371
2106886
2218756
2162821
2106886
2237401
1976371
2013661
2088241
2013661
2069596
2050951
2125531
1976371
2050951
2956145
2879693
2752273
2981629
2956145
2777757
2854209
2905177
2777757
2828725
2701305
2930661
2956145
2701305
2981629
2879693
212622
230507
214610
236468
236468
232494
236468
228519
208648
228519
238455
230507
228519
214610
238455
236468
2612757
2369195
2435621
2524189
2634899
2657041
2546331
2391337
2524189
2590615
2413479
2568473
2634899
2391337
2457763
2546331
2928206
2780566
2829779
2706745
2878993
2657532
2755959
2657532
2731352
2755959
2805172
2755959
2755959
2805172
2755959
2903600
670842
677112
727268
677112
695921
702190
752347
739808
727268
664573
702190
689651
658303
664573
708460
670842
293982
271748
259396
259396
281630
296452
296452
276689
269277
271748
284100
269277
261866
279159
286571
271748
372662
347181
343996
347181
363107
334440
369477
350366
375847
382218
375847
334440
353551
343996
350366
347181
1953841
1917991
1971766
2043467
1935916
1971766
2097242
2025541
2097242
2061392
1953841
1953841
2043467
1882140
1971766
1989691
1845571
1863148
2109224
1863148
1898301
1986186
1863148
1915878
1880725
1845571
2091647
2091647
1915878
1898301
1915878
1845571
1861724
1829063
1861724
1731077
1763739
1714746
1878055
1796401
1959710
1829063
1878055
1763739
1927048
1763739
1861724
1763739
1967630
1899780
2018517
1933705
1831931
1933705
1814969
2018517
1865856
1831931
1814969
1967630
2001554
2018517
1865856
2018517
2065810
2102700
2121145
2028921
1992031
2010476
2121145
1992031
2102700
2194924
2102700
2084255
2213368
2047366
2010476
1936697
936135
953002
927701
969869
953002
953002
936135
995170
927701
910834
978303
986737
1003604
944568
885533
919267
482768
448590
508402
487041
448590
487041
452862
499857
452862
469951
499857
478496
491313
512674
491313
487041
152748
155630
165717
159953
154189
168599
172922
171481
151307
172922
162835
157071
152748
171481
159953
151307
1110202
1139676
1090552
1169151
1139676
1178976
1031604
1100377
1100377
1178976
1041428
1070903
1178976
1031604
1031604
1100377
1940948
1940948
1958755
2012176
1905335
2029983
2012176
2083403
2012176
1923141
1958755
2083403
2029983
2012176
1940948
2012176
1416000
1452939
1465252
1342122
1465252
1391374
1477566
1452939
1391374
1452939
1465252
1366748
1317496
1379061
1403687
1428313
549067
539916
544491
489584
517038
535340
498736
539916
489584
489584
526189
535340
507887
485009
549067
535340
2725483
3085453
2982604
2931180
3034028
2802619
2905468
2802619
3085453
2725483
2699771
3085453
2982604
2931180
2854044
2854044
2240592
2203248
2109890
2016532
2203248
2128562
1979189
2091219
2109890
2053876
2053876
2184577
1960518
2203248
2128562
2184577
74204
77488
76831
73548
78144
78801
77488
77488
75518
77488
72234
76174
73548
78144
78144
71578
1420525
1332528
1407954
1420525
1319957
1382812
1395383
1345099
1332528
1319957
1420525
1407954
1407954
1357670
1420525
1483380
486197
532501
551023
504719
495458
504719
504719
500088
555654
546393
518610
500088
504719
486197
490827
541762
2002266
1984702
2107648
2072521
1967138
2019830
1844192
2002266
1932011
2090085
2019830
1844192
2037393
2054957
2002266
2002266
2360165
2100147
2200154
2260158
2300161
2380166
2240156
2300161
2180152
2400168
2320162
2180152
2360165
2160151
2340163
2300161
2055078
2245363
1997992
2188277
2283420
2150220
2226334
2188277
2264391
2093135
2264391
2093135
2074106
2188277
2017021
2036049
2843685
2644128
2793796
2843685
2619184
2669073
2818740
2793796
2694017
2619184
2743907
2968408
2893574
2818740
2918519
2818740
121593
117436
124711
117436
122632
115357
118475
112240
112240
121593
112240
117436
112240
117436
120554
115357
2185896
2165842
2306221
2266113
2246059
2386437
2366383
2185896
2145788
2346329
2205951
2406492
2326275
2406492
2246059
2406492
2038337
2020137
2129334
2129334
2129334
1910941
1947340
1929140
2056536
2020137
2129334
1947340
1983738
2183932
2020137
1929140
1767372
1629056
1782741
1613688
1798109
1705899
1721267
1752004
1828846
1613688
1736635
1767372
1844215
1844215
1629056
1752004
2545794
2737930
2617845
2833997
2713913
2785963
2882031
2833997
2833997
2858014
2569811
2569811
2569811
2737930
2665879
2593828
203910
200202
200202
196495
202056
211325
202056
205764
205764
207617
207617
207617
222447
215032
218740
207617
1024343
963577
1041705
1033024
1015662
937535
980939
920173
1006982
954896
928854
920173
989620
1006982
1006982
980939
2171893
2133110
2171893
2327029
2133110
2094326
2094326
2268853
2249461
2036150
2249461
2094326
2055542
2113718
2133110
2094326
1993962
1993962
2069206
2144450
2088017
2163261
1975151
2106828
1975151
2088017
2144450
2031584
2031584
2200883
2069206
2182072
1151429
1151429
1270917
1292642
1303504
1238329
1173154
1260054
1238329
1151429
1140566
1205741
1281779
1249192
1151429
1270917
1710937
1710937
1497070
1511327
1696679
1554101
1582616
1696679
1497070
1710937
1568359
1639648
1568359
1639648
1696679
1625390
859181
866462
815494
866462
808213
844619
815494
793650
837337
779088
822775
808213
837337
771807
830056
764526
761195
733515
747355
816555
726595
802715
726595
795795
795795
781955
761195
809635
816555
795795
830395
788875
1890360
1824032
1757703
1973271
1940106
1873778
1840614
1774285
1807449
1774285
1906942
1890360
1989853
1757703
1790867
1807449
2467870
2384917
2281225
2260486
2239748
2322701
2488609
2260486
2260486
2467870
2219009
2405655
2198271
2219009
2219009
2447132
1735830
1879155
1815455
1831380
1672130
1879155
1815455
1767680
1719905
1767680
1815455
1672130
1783605
1672130
1847305
1895080
110198
106331
115031
110198
115031
112131
115031
112131
106331
107298
110198
112131
102464
107298
115998
112131
2906094
2906094
2803223
2751788
2906094
2700353
3086118
2803223
2880376
3060400
3086118
2983247
3008965
2828941
3086118
2803223
2635394
2830608
2708599
2806207
2733001
2562189
2879412
2708599
2708599
2586590
2684198
2733001
2757403
2806207
2855010
2733001
680277
622134
645391
657020
697720
686092
622134
657020
651206
645391
680277
680277
645391
627948
691906
680277
197099
180107
178408
185205
203895
202196
200497
193700
188603
200497
188603
200497
198798
200497
192001
185205
2366596
2264587
2427801
2448202
2325792
2386997
2244185
2244185
2182980
2264587
2346194
2284989
2264587
2386997
2386997
2325792
2627570
2650618
2719765
2558423
2512325
2581472
2765863
2535374
2420130
2650618
2627570
2512325
2604521
2489276
2489276
2420130
2745075
2842245
2769367
2696489
2599318
2575026
2575026
2793660
2720782
2817953
2745075
2550733
2817953
2550733
2575026
2672197
955780
947610
923103
898596
914934
972118
882258
963949
939441
972118
923103
972118
898596
963949
857751
906765
2113537
2000312
1981441
2056924
2151279
2245633
2113537
2245633
2264504
2056924
2151279
2264504
2094666
2245633
2038053
2151279
1848754
1967481
1831793
1848754
1967481
1916598
1797871
1899637
1950520
1780910
1831793
1848754
2035326
2001403
1814832
1882676
153129
148876
168726
154547
157383
170144
170144
148876
160219
150294
150294
154547
150294
151712
155965
160219
868880
900765
892794
860909
892794
916708
860909
956565
932651
924680
948594
876851
956565
836994
844966
884823
18537
21186
20479
20303
19950
20832
19597
21009
19420
20303
19067
18537
19243
20479
19420
20126
1663343
1617979
1663343
1693585
1799434
1814556
1648221
1648221
1769192
1738949
1738949
1617979
1602857
1693585
1602857
1784313
2823963
2875779
2772147
2953502
2772147
2979410
2746239
2979410
3057134
2720331
2772147
2798055
3108950
2953502
2746239
2772147
1467836
1379259
1341298
1404567
1353952
1366606
1353952
1353952
1328644
1467836
1341298
1328644
1353952
1467836
1366606
1328644
2428479
2557425
2492952
2578916
2364006
2364006
2406988
2364006
2342515
2385497
2385497
2514443
2514443
2449970
2364006
2535934
1240764
1355650
1286718
1344161
1252253
1332672
1206298
1344161
1332672
1206298
1229275
1332672
1355650
1206298
1298207
1321184
814813
814813
807198
860504
845273
906194
875734
913809
875734
913809
906194
875734
906194
814813
830043
875734
300309
330615
305819
327860
297554
297554
292043
294798
311329
289288
294798
325105
330615
297554
294798
305819
739451
682570
707851
707851
676250
688890
739451
695211
688890
745771
669930
707851
720491
663610
714171
707851
357684
348017
377018
354461
364128
348017
341572
348017
348017
344794
348017
348017
364128
354461
341572
338349
2350348
2372732
2484653
2686112
2529422
2484653
2663728
2551806
2574191
2574191
2417501
2618959
2439885
2395116
2663728
2551806
2292194
2371923
2112805
2332059
2371923
2232398
2371923
2351991
2252330
2092873
2192534
2371923
2172602
2252330
2172602
2332059
504005
461292
486920
461292
474106
495462
482648
508276
499733
469835
482648
478377
469835
512547
448479
465564
2360123
2136318
2339777
2136318
2217702
2360123
2339777
2238047
2278739
2156664
2339777
2421160
2380469
2400815
2197356
2197356
2549990
2372599
2572164
2439121
2505642
2616511
2350425
2594338
2416947
2549990
2328252
2594338
2439121
2638685
2439121
2483468
889420
930219
897580
873100
930219
946539
979178
979178
979178
979178
971018
889420
856781
897580
905740
979178
1188749
1208898
1168601
1077934
1208898
1057785
1057785
1168601
1118230
1138378
1178675
1067859
1168601
1077934
1198823
1118230
419278
404820
412049
422892
397591
386748
426507
422892
404820
386748
390362
422892
379519
412049
422892
397591
1293012
1212914
1212914
1201471
1212914
1235799
1270127
1327340
1315897
1247242
1212914
1247242
1293012
1281570
1373110
1212914
1353205
1404756
1366093
1391868
1546520
1417643
1430531
1494969
1443419
1366093
1366093
1494969
1430531
1353205
1533632
1546520
1445991
1312328
1445991
1360933
1397386
1300177
1312328
1373084
1360933
1433840
1421689
1336630
1324479
1336630
1288026
1397386
736369
797734
811370
756824
811370
750006
729551
818188
770461
729551
790915
729551
756824
797734
763642
797734
211773
202566
202566
206249
220981
202566
213615
220981
197041
198883
211773
213615
219139
204407
208090
217298
836122
836122
857934
777957
857934
807039
850663
792498
836122
770686
836122
828851
821581
872475
799769
807039
1731613
1829629
1715277
1764285
1813293
1731613
1731613
1878637
1731613
1878637
1960317
1764285
1796957
1780621
1780621
1960317
203422
216856
216856
222613
220694
203422
226451
201503
201503
201503
213017
214936
205341
203422
213017
218775
1599015
1488738
1571446
1571446
1612800
1474954
1488738
1488738
1599015
1654154
1626585
1543877
1474954
1654154
1516308
1612800
826171
854660
776316
790560
854660
840416
762072
854660
754950
776316
819049
847538
790560
854660
854660
847538
16922
17242
19158
18838
17721
18519
17082
17242
17401
18679
18519
18359
17721
18679
17561
18679
2449633
2513536
2470934
2236621
2407031
2513536
2428332
2279224
2300525
2385729
2236621
2300525
2279224
2364428
2300525
2556139
2657546
2860026
2758786
3037196
2784096
3037196
3011886
2758786
3037196
3037196
2682856
2758786
2885336
2809406
3011886
2986576
1560288
1586960
1520281
1480273
1600296
1440266
1573624
1533616
1466938
1480273
1546952
1493609
1400259
1520281
1453602
1546952
94542
104446
99044
96342
99044
94542
105346
108048
96342
101745
105346
108048
95442
94542
106247
107147
1233614
1168687
1244435
1136223
1190329
1190329
1136223
1168687
1222793
1147045
1201150
1298541
1147045
1276899
1222793
1147045
1733121
1843411
1859166
1890678
1843411
1717365
1748877
1670098
1764632
1811899
1764632
1811899
1717365
1811899
1748877
1685854
1514320
1374341
1425242
1450693
1501594
1412517
1412517
1488869
1476144
1437967
1514320
1501594
1501594
1450693
1374341
1348890
2205478
2370374
2308538
2205478
2308538
2432210
2432210
2452822
2452822
2246702
2452822
2452822
2205478
2287926
2390986
2452822
2679409
2772605
2469716
2679409
2632810
2562913
2656109
2632810
2562913
2562913
2446417
2516314
2446417
2539613
2702708
2469716
1102839
1074318
1121854
1083825
1007767
1007767
1140868
1007767
1017274
1017274
1007767
1055303
1026781
1064810
1112347
1026781
2752004
2497617
2613248
2613248
2474491
2543869
2682626
2775130
2590122
2451365
2428239
2590122
2566995
2705752
2497617
2775130
158625
141441
144084
141441
148050
155981
149372
146728
138797
150694
150694
154659
152016
141441
144084
140119
1222055
1277103
1155998
1178017
1155998
1321141
1266093
1277103
1288112
1200036
1321141
1222055
1310131
1211046
1288112
1310131
2680901
2656078
2705724
2705724
2755370
2705724
2631254
2606431
2829840
2854663
2829840
2680901
2879486
2780193
2854663
2680901
2505206
2712058
2758026
2551174
2643108
2666091
2597141
2758026
2413272
2689075
2505206
2758026
2505206
2528190
2758026
2620124
2369891
2433942
2284489
2241788
2412591
2391241
2497993
2348540
2540694
2476642
2562044
2327190
2476642
2497993
2391241
2348540
2568454
2883453
2907684
2762299
2568454
2544223
2689607
2762299
2810761
2786530
2859222
2592684
2738069
2641146
2616915
2810761
2891777
2743481
2965926
2644617
2743481
2694049
2842345
2669333
2941209
2792913
2694049
2965926
2694049
2792913
2916493
2941209
1524568
1483731
1429283
1633466
1606241
1606241
1483731
1619854
1579017
1633466
1633466
1551793
1510956
1551793
1592629
1510956
684035
689784
661043
666791
620805
643798
620805
655294
655294
626553
684035
609309
666791
678287
689784
649546
1831485
1927879
1702959
1927879
1719025
1702959
1863616
1799353
1895747
1911813
1702959
1863616
1847550
1879682
1815419
1686894
2752617
2703463
2580578
2801771
2850925
2703463
2924655
2900078
2777194
2629732
2605155
2924655
2654309
2801771
2629732
2728040
804370
776633
804370
818239
790502
818239
783567
790502
735028
783567
769699
741962
790502
832107
818239
818239
575017
590017
545016
525015
585017
550016
580017
570017
565016
525015
590017
580017
575017
545016
595017
585017
268746
273588
256640
266325
283273
283273
266325
290536
280852
280852
290536
263904
261483
259061
273588
283273
463175
476161
506462
493476
458846
463175
506462
454517
506462
476161
519448
480490
458846
471832
467503
519448
1892832
1909732
2028034
1977333
1825231
1825231
1808331
1808331
1977333
1859031
1994234
2028034
1774530
1859031
1960433
1892832
2717919
2717919
2812455
2836089
2694285
2812455
2647016
2741553
2481578
2694285
2576114
2505212
2765187
2765187
2836089
2599748
2757582
2517792
2517792
2541771
2685645
2685645
2757582
2877477
2637687
2805540
2853498
2709624
2565750
2613708
2589729
2613708
468300
451869
484732
439545
484732
488840
447761
460084
468300
472408
480624
435437
455976
451869
480624
435437
1842023
1907810
1726897
1907810
1809130
1907810
1891363
1842023
1842023
1809130
1792683
1743343
1957150
1907810
1776237
1825577
623349
607088
617929
645031
579986
623349
639610
590826
617929
601667
574565
585406
607088
623349
585406
623349
1862579
2004490
2004490
1951273
2057706
1898056
1880318
1933534
1951273
2057706
1951273
2004490
2022228
1933534
1933534
2128662
2203084
2109733
2184414
2072393
1997712
2072393
2016382
2147074
1997712
2147074
2184414
2053723
1979042
1960372
2053723
2240425
2545795
2545795
2503365
2291215
2291215
2503365
2460935
2291215
2227570
2376075
2333645
2312430
2418505
2524580
2376075
2376075
161442
158453
168916
164432
176391
168916
167422
174896
159947
168916
170411
173401
165927
173401
177885
165927
2694116
2815473
2548488
2864015
2718387
2766930
2669845
2645573
2694116
2791201
2669845
2645573
2597031
2864015
2645573
2645573
1013890
996257
1057972
1057972
987441
1005074
960991
925726
1031523
960991
996257
996257
943359
934542
1005074
1013890
33298
34746
32429
32429
30692
30692
30692
32719
30692
30981
33877
34456
31850
30402
32429
33587
473137
452385
481438
448235
485588
464836
481438
489738
452385
448235
435784
468987
468987
493889
468987
493889
1959965
2015436
2107887
2089397
2200338
2070906
1978455
1959965
2052416
1959965
2218828
2070906
2033926
2126377
2200338
2033926
1974219
1824908
1874679
1874679
1907859
1924449
1907859
1907859
1841498
1858088
1858088
1808318
1874679
1775138
1907859
1891269
1992071
1889913
1906940
1855861
1958018
1787756
1787756
1940992
1821808
1804782
1855861
1940992
1787756
1889913
1906940
2026123
1667251
1625569
1597782
1569994
1569994
1639463
1556101
1514419
1667251
1486632
1500526
1625569
1583888
1639463
1569994
1542207
554623
521998
540641
498694
503355
512677
545301
498694
559284
545301
498694
540641
549962
503355
545301
503355
1968266
2133821
2189006
2078636
2133821
1968266
1931476
2041846
2005056
1931476
2023451
1931476
2023451
2097031
2133821
1986661
635847
635847
603516
603516
598127
608905
592739
614293
587350
625070
625070
630459
614293
592739
587350
646624
3133545
2872416
3081319
2950755
3029094
2924642
2898529
2820191
2741852
3029094
2767965
3002981
2741852
2820191
2976868
2820191
426696
458303
442499
446450
438548
474106
458303
474106
442499
434597
426696
474106
434597
430647
438548
434597
2181847
2219144
2014013
2069957
2088606
2163199
2069957
2163199
2200495
2032661
2144551
2163199
2125902
2088606
2125902
2107254
2951284
2872931
2768461
2899049
2872931
3134107
2742343
2925166
2872931
2951284
2768461
2951284
2872931
2951284
2899049
2951284
2809719
2937433
2911890
2733090
2758633
2835261
2962976
2937433
2988519
2809719
2886347
2911890
3065148
2886347
3065148
2860804
2175311
2061816
2118564
2023985
2156395
2080732
2250974
2156395
2042901
2156395
2156395
2042901
2194227
2023985
2232058
2061816
3006539
3032457
3006539
2773273
2902865
2902865
2928783
2773273
2825109
3032457
2876946
2851028
2799191
2773273
3084294
3110212
1029001
965817
1065106
947764
1056080
1019975
1010948
1047054
974843
947764
947764
1010948
1056080
974843
1083159
1083159
2338522
2218598
2378497
2298547
2298547
2118661
2258572
2338522
2178623
2378497
2278560
2258572
2318534
2318534
2098673
2258572
848719
827501
749701
820428
799210
792137
820428
785065
777992
770919
756774
848719
785065
820428
834573
806283
2195215
2274322
2333652
2333652
2135885
2175439
2333652
2076555
2214992
2155662
2195215
2353429
2234769
2234769
2116109
2096332
1702884
1687403
1749327
1764807
1671923
1764807
1702884
1857692
1702884
1625480
1671923
1733846
1764807
1671923
1857692
1718365
1298304
1321082
1332470
1218584
1275527
1309693
1298304
1321082
1207195
1286916
1207195
1321082
1218584
1207195
1343859
1343859
452137
507069
502844
507069
498618
494392
502844
456362
494392
502844
460588
494392
498618
477490
447911
485941
466385
450575
474290
418956
454528
458480
434766
458480
474290
458480
466385
466385
466385
458480
415004
415004
1084085
1037757
1093351
982163
1047022
1084085
1000694
1037757
1084085
1111882
1111882
982163
1009960
982163
1056288
1084085
2394001
2312849
2292560
2231696
2211408
2373713
2251984
2150543
2272272
2353425
2272272
2353425
2231696
2333137
2191120
2150543
2810139
2810139
2785489
2859440
2711538
2588286
2637587
2588286
2588286
2834790
2834790
2834790
2760839
2736188
2760839
2933391
1657301
1809347
1763733
1824552
1642096
1718119
1733324
1626892
1672506
1687710
1611687
1642096
1642096
1763733
1642096
1733324
2731367
3069536
3095549
2861432
3121562
2887445
2991497
3121562
3043523
2887445
2757380
2939471
3095549
2913458
2913458
3121562
1093425
1183708
1073363
1113488
1173677
1183708
1173677
1093425
1193740
1203771
1063331
1153614
1123520
1073363
1193740
1133551
18270
17624
18594
18917
18594
17624
17139
17300
17462
18270
17462
17785
19402
18594
19241
17947
1649075
1678262
1707450
1692856
1678262
1576107
1532326
1649075
1619888
1736637
1634482
1546920
1546920
1751230
1663669
1605294
1813635
1779735
1864484
1864484
2000083
1779735
1779735
1813635
1983133
1864484
2000083
1915334
1983133
1813635
1813635
1830584
682338
676651
608418
619790
608418
614104
608418
631162
602731
619790
619790
608418
614104
619790
665279
670965
789567
743509
789567
730350
763248
717190
730350
750089
710610
750089
736929
730350
776408
763248
697451
690871
20097
19757
19757
19927
19075
19757
19586
18224
19757
18735
18224
18905
18224
18224
19416
17883
835890
777231
784563
821225
791895
879884
857887
857887
806560
769898
835890
813893
865219
843222
835890
791895
2285636
2285636
2285636
2393449
2436574
2371887
2522825
2371887
2544387
2350324
2415012
2285636
2501262
2436574
2350324
2264074
1240884
1359064
1240884
1359064
1335428
1311792
1311792
1276338
1335428
1240884
1335428
1370882
1288156
1299974
1359064
1406336
521921
476537
508306
499229
508306
517383
540075
476537
499229
540075
535537
530998
481075
535537
481075
530998
1059869
1069249
1125525
1069249
1012973
1125525
1106766
1003593
1088008
1125525
1078628
1116146
1078628
1078628
1041111
1012973
2836983
2576926
2576926
2624209
2529643
2529643
2813342
2789700
2671492
2671492
2766059
2766059
2742417
2553285
2506002
2529643
70023
65797
68816
69419
70627
68816
65797
72438
71834
67608
72438
71230
71230
63383
65797
65797
2154938
2314563
2374422
2134984
2194844
2294609
2254703
2174891
2394375
2294609
2234750
2134984
2294609
2234750
2134984
2194844
2846306
2797652
2919289
2919289
2700342
2554378
2627360
2821979
2627360
2821979
2919289
2894961
2870634
2603032
2894961
2700342
1535577
1548591
1522564
1457497
1366403
1483524
1418457
1470510
1483524
1496537
1548591
1509550
1366403
1548591
1379417
1392430
2159906
2010947
2178525
2141286
2010947
1973707
1955087
2066806
2104046
2122666
2159906
2085426
2197145
2197145
2048186
2122666
994788
978208
920178
961628
911889
911889
945048
986498
978208
986498
978208
936758
978208
936758
986498
986498
940131
883884
875848
956201
940131
964237
859778
964237
932095
924060
940131
883884
948166
851742
940131
843707
918143
902313
886483
902313
838993
902313
878568
886483
886483
878568
831078
838993
878568
886483
949803
894398
1515767
1372030
1450432
1554968
1541901
1450432
1554968
1437365
1450432
1489633
1450432
1463499
1515767
1554968
1528834
1450432
2133559
2133559
1920203
1902423
2133559
2009101
2044660
1884643
2009101
1973542
1884643
2133559
1973542
2133559
1937982
1991321
2047068
2259500
2143628
2182252
2105004
2220876
2027756
2201564
2317436
2124316
2220876
2201564
2220876
2105004
2278812
2201564
1645483
1676530
1738624
1800717
1645483
1785194
1645483
1800717
1645483
1785194
1661007
1707577
1723100
1676530
1723100
1707577
904951
904951
991137
904951
939426
965282
956663
965282
973900
948044
999756
939426
913570
904951
973900
922189
1851645
1919595
2021520
1953570
1902607
1783694
1817669
1817669
1953570
1851645
1919595
1902607
1851645
1970558
1919595
2004533
2186079
2384814
2245699
2126459
2285446
2285446
2086712
2384814
2305320
2364940
2345067
2205952
2106585
2345067
2384814
2186079
27467
29464
28465
29464
27966
28216
28465
26218
29214
27217
26967
29214
27467
28715
27966
29464
1223092
1351226
1362874
1258038
1351226
1397820
1386171
1292983
1292983
1374523
1351226
1374523
1234741
1386171
1281335
1292983
919692
827722
850715
843051
835386
919692
843051
835386
843051
904363
858379
858379
843051
850715
881371
820058
179010
174215
169420
185403
175814
177412
172617
182207
171019
174215
171019
174215
185403
188600
183805
177412
2855962
2956171
2780805
2730700
2855962
2805857
2830909
2680596
2931119
2855962
2680596
2981223
3006276
2906066
2830909
2755753
1359386
1334670
1384102
1359386
1396460
1297596
1347028
1433534
1482967
1309954
1433534
1433534
1408818
1482967
1396460
1458251
1084950
1055889
1026828
1123698
1104324
1114011
1162447
1036515
1114011
1017141
1026828
1143073
1133386
1055889
1026828
1162447
1685619
1857303
1654404
1701227
1716834
1826088
1810480
1716834
1654404
1732442
1638796
1685619
1748050
1779265
1872910
1654404
2269177
2409746
2309340
2329421
2269177
2369583
2329421
2349502
2329421
2309340
2188852
2168771
2128609
2289259
2309340
2389665
1386954
1300269
1312653
1486022
1386954
1486022
1411721
1325036
1374570
1325036
1300269
1300269
1424104
1436488
1424104
1362187
924770
957798
908256
949541
966054
966054
941284
949541
949541
899999
916513
982568
982568
883486
957798
933027
1142611
1025420
1044952
1064484
1084016
1162143
1152377
1162143
1074250
1103547
1103547
1084016
1035186
1093781
1035186
1074250
1564917
1691803
1480327
1579016
1649508
1508524
1593114
1593114
1607213
1691803
1579016
1635409
1607213
1607213
1579016
1494426
683309
658233
702115
708384
733460
658233
658233
708384
658233
658233
733460
733460
708384
745997
689577
664502
1306953
1353630
1306953
1271946
1365299
1271946
1295284
1236938
1318622
1271946
1376969
1353630
1295284
1260276
1295284
1248607
726288
732495
695250
701457
720080
651796
713872
664212
701457
720080
682834
695250
732495
689042
689042
676627
1190890
1140428
1140428
1190890
1110151
1100059
1190890
1069782
1089967
1190890
1089967
1110151
1100059
1110151
1110151
1180797
663432
717712
711681
723744
633276
675494
711681
699619
705650
681525
633276
705650
675494
651369
699619
687556
384087
405426
391200
376975
398313
419651
423208
391200
398313
384087
391200
423208
380531
380531
412538
426764
919165
895393
919165
903317
887470
935013
847850
935013
895393
919165
903317
839927
863698
950860
911241
847850
549593
510684
520411
559320
549593
525275
530138
544729
525275
515547
564184
520411
544729
515547
549593
544729
1654238
1669698
1777919
1777919
1808839
1669698
1700618
1824300
1685158
1762459
1654238
1716078
1762459
1762459
1777919
1808839
227465
229611
257508
240340
253216
246778
246778
227465
255362
229611
225319
238194
227465
233903
255362
255362
1447584
1420527
1542286
1623459
1434055
1609930
1542286
1555815
1555815
1596401
1555815
1488171
1434055
1447584
1528757
1461113
2759592
2806365
2759592
2806365
2619274
2619274
2478956
2525729
2759592
2595888
2455569
2572501
2806365
2689433
2619274
2689433
2511498
2399377
2466649
2556346
2444225
2376953
2646042
2466649
2668466
2511498
2511498
2376953
2578770
2690890
2399377
2444225
815553
846329
854022
884798
877104
854022
892492
807859
830941
877104
846329
846329
900186
807859
900186
869410
1924604
2144559
2162889
2071241
1979593
2144559
2199548
2052911
2162889
2034582
2089570
1979593
2126230
2089570
1942934
2162889
227009
222919
216783
222919
220874
237235
224964
231099
218828
237235
214738
231099
241325
233144
224964
220874
2229040
2114730
2248092
2286195
2171885
2286195
2114730
2152834
2248092
2000421
2038524
2076627
2248092
2209989
2248092
2114730
206129
217687
227319
208055
223467
225393
229246
219614
217687
221540
217687
204202
208055
229246
213834
229246
1845319
2031544
2014615
1828390
2014615
1811460
1913038
1845319
1777601
1896108
1980756
1794531
1963826
1980756
1845319
1896108
2113805
2248319
2171454
2305969
2036939
2171454
2036939
2094588
2190670
2171454
2152237
2229103
2209887
2017723
2152237
2229103
265869
261363
259109
263616
245591
236578
250097
238831
247844
238831
256856
243338
270375
270375
247844
265869
846627
876596
809166
884089
824150
816658
816658
861612
831643
809166
839135
876596
861612
884089
869104
876596
1543867
1489216
1489216
1598517
1639504
1625842
1475554
1461891
1502879
1584854
1461891
1448229
1516541
1489216
1516541
1502879
2640224
2732863
2478105
2547584
2640224
2732863
2756023
2593904
2640224
2570744
2454945
2640224
2524424
2663383
2709703
2732863
2026371
1867785
2026371
2061612
1955888
1973509
2008750
2079233
2096853
1991130
2079233
2096853
1938268
2026371
1850165
2114474
