84121
86415
88709
91768
87180
84886
88709
83356
82591
87945
87945
81062
88709
84886
81827
87945
365144
337528
322186
331391
346733
362075
337528
340596
331391
337528
346733
355939
325254
322186
362075
368212
241588
223469
235549
221456
225482
215416
217429
229509
237562
239575
235549
241588
231522
223469
211390
215416
547338
547338
547338
542174
562829
547338
547338
547338
562829
598974
593810
573156
552501
578319
583483
604137
2818544
2997906
2946659
2690428
2690428
3023529
2741674
2716051
2716051
2921036
2869790
2716051
2792921
3023529
2921036
3074775
2020701
1877642
1913407
1895524
1877642
2038583
2020701
2145877
2038583
2074347
1913407
2074347
1967054
1913407
2038583
1931289
1334650
1410196
1473151
1322059
1385014
1510924
1485742
1385014
1435378
1473151
1410196
1359832
1435378
1334650
1410196
1510924
1587972
1722800
1647895
1617933
1632914
1662876
1692838
1647895
1752761
1647895
1572991
1767742
1587972
1587972
1647895
1617933
325167
322364
333577
313955
330774
319561
336380
325167
308348
302742
322364
302742
305545
313955
311151
336380
1973751
1973751
1786585
2024796
2041812
2024796
1939721
1820615
1854645
1956736
1905691
1990766
1820615
1820615
1837630
1905691
1425179
1477964
1491160
1438375
1425179
1543944
1583533
1398787
1504356
1477964
1425179
1517552
1398787
1557140
1438375
1557140
688622
744963
744963
701142
726183
682361
701142
713662
726183
701142
738703
694882
732443
688622
688622
744963
89393
92799
98758
101313
90245
90245
101313
97056
102164
89393
93650
90245
97056
102164
94502
99610
1151650
1092591
1122121
1151650
1141807
1161494
1063062
1102435
1092591
1053219
1053219
1141807
1063062
1063062
1171337
1181180
1833165
1801829
1864501
1692152
1864501
1864501
1786161
1817497
1786161
1660816
1817497
1833165
1645148
1723488
1786161
1864501
913853
930621
980925
913853
997693
980925
997693
939005
880317
913853
989309
947389
880317
980925
955773
964157
78795
75981
76684
80905
73870
78795
84423
80905
73870
75277
83720
81609
83720
76684
84423
78091
1488154
1555798
1434040
1542269
1434040
1474626
1542269
1515212
1623441
1488154
1501683
1623441
1461097
1515212
1542269
1488154
2158720
2240181
2199451
2219816
2280912
2260547
2199451
2423469
2362373
2423469
2301277
2362373
2321643
2219816
2280912
2342008
66333
63498
64632
59529
66333
65199
65199
62364
64632
61230
65199
61230
67467
68034
62931
64632
2103012
2295949
2025837
2045131
2160893
2160893
2141599
2218774
2122305
2160893
2141599
2238068
2199480
2103012
2064424
2045131
970900
1099132
998378
1025857
1044176
1099132
1007538
1035016
1080813
1099132
1062495
1062495
989219
1044176
1099132
980060
1946835
1895602
1998067
2049300
2015145
2049300
1861447
2049300
1980989
1861447
1998067
1878525
1895602
1912680
2032222
1963912
2202007
2239972
2088110
2088110
2069127
2145058
2031161
2050144
2012178
2277938
2145058
2012178
2031161
2012178
2239972
2183024
2978404
2953375
2828232
2953375
3003433
2903318
2878290
2778175
2678061
2653032
2828232
2953375
2878290
2803204
2953375
2803204
2997320
3074174
2817993
2689902
2715520
2971701
3048556
2894847
2741138
2894847
2792375
3022938
2843611
2997320
3048556
2843611
1055159
1045653
1093183
1121700
1064665
998123
1026641
1064665
1140712
1140712
1140712
1131206
1007629
1064665
998123
1036147
2087879
2124508
2197767
2179452
1959676
2161138
1959676
2142823
2014620
1923046
1959676
2197767
2124508
2087879
1996305
1977990
272186
295516
279963
298108
272186
279963
303293
305885
279963
298108
295516
295516
285147
285147
292924
292924
469837
418938
454175
434599
446345
450260
458091
450260
418938
411107
418938
454175
411107
465921
465921
422853
2491784
2750365
2515291
2562306
2656336
2632828
2726858
2468277
2491784
2515291
2750365
2820888
2797380
2656336
2585814
2515291
324787
321723
327851
349299
337043
330915
343171
355427
367683
321723
340107
346235
352363
361555
324787
327851
377903
374499
357476
398331
381308
384713
377903
377903
405140
360881
357476
357476
384713
398331
364285
384713
1988803
1988803
2189508
2153016
2098278
2153016
2134770
1952311
1988803
2171262
2171262
2153016
2153016
2025294
1970557
2098278
2945041
2787271
2918746
2945041
3023926
3050221
2918746
3023926
3102811
3102811
2945041
3050221
3076516
2918746
2760976
2866156
1536689
1712311
1639135
1756216
1595230
1536689
1639135
1756216
1580595
1697676
1551324
1551324
1580595
1653770
1712311
1697676
1718181
1517727
1617954
1603636
1632272
1718181
1675227
1517727
1603636
1689545
1646590
1574999
1646590
1560681
1589317
1589317
480260
468152
427794
468152
435866
476224
484296
435866
464116
423759
464116
468152
443938
476224
468152
447973
2766233
2897958
2924303
2976994
2897958
3135064
3082374
2818923
2766233
2950648
2845268
3135064
2845268
3003339
3108719
3082374
452804
494346
440342
436187
473575
486037
477729
469421
494346
461112
456958
469421
440342
486037
448650
452804
1030267
1049891
1177448
1128388
1059703
1049891
1108763
1089139
1089139
1079327
1089139
1030267
1108763
1138200
1049891
1098951
1516299
1702260
1559213
1673651
1587822
1544908
1687955
1516299
1630736
1516299
1716565
1544908
1530603
1630736
1645041
1559213
752956
719931
733141
719931
706722
706722
779375
746351
792585
759561
752956
766166
766166
739746
752956
713327
1679240
1785138
1603598
1739753
1815394
1709496
1603598
1800266
1709496
1664111
1770009
1633855
1754881
1664111
1724625
1739753
1870150
2046579
1958365
2011294
1976008
1852507
2081865
1923079
1976008
1993651
2081865
1940722
1958365
1905436
2046579
1958365
1509661
1392532
1457603
1535689
1405546
1379517
1561718
1548704
1418560
1561718
1392532
1418560
1470618
1483632
1444589
1483632
2318723
2362473
2340598
2449972
2493721
2603095
2559345
2471846
2406222
2449972
2406222
2515596
2340598
2537471
2624970
2340598
2464426
2255576
2276461
2443541
2443541
2443541
2422656
2318231
2360001
2276461
2464426
2255576
2255576
2213806
2506196
2213806
247893
230797
228660
243619
230797
250030
226523
245756
224386
250030
250030
239345
252167
245756
256441
254304
2591308
2731379
2497927
2591308
2731379
2567963
2544618
2801414
2684688
2801414
2614653
2521272
2591308
2778069
2614653
2754724
1773935
1853842
1821879
1757954
1678047
1901786
1710009
1837860
1805898
1725991
1789916
1853842
1885805
1885805
1678047
1853842
2118199
2156365
2060951
2175448
2175448
2289945
2080033
2137282
2156365
2137282
2251779
2289945
2022785
2003702
2156365
2099116
2358315
2401193
2358315
2572707
2251119
2272558
2422632
2444072
2551268
2486950
2293997
2379754
2572707
2486950
2315436
2315436
2117062
1991474
1883827
2081180
1901768
2081180
2027356
1901768
2045297
1919709
1973533
1991474
2081180
2045297
1883827
2099121
654299
689040
677460
660089
660089
665879
671670
613767
694831
677460
625348
683250
694831
607977
631138
636928
1786248
1833671
1833671
1738826
1659788
1833671
1738826
1675596
1738826
1817863
1849478
1817863
1659788
1817863
1738826
1865286
2417122
2329227
2526991
2570939
2373174
2614886
2526991
2373174
2483043
2395148
2526991
2548965
2329227
2307253
2329227
2417122
435222
404410
442925
454480
412113
435222
450629
431371
408262
462183
412113
419816
442925
404410
415965
404410
356934
337981
363251
369569
366410
331664
334823
356934
356934
356934
379045
334823
356934
350616
363251
360092
788252
893353
840803
893353
855817
833295
855817
900860
803267
803267
840803
878338
803267
900860
900860
833295
2775473
2750010
2953714
2928251
2877325
2877325
2877325
2902788
2979178
2979178
2979178
2800936
2699084
2902788
2699084
3055567
1355355
1294303
1367565
1440828
1379776
1379776
1367565
1404197
1355355
1294303
1428617
1306513
1379776
1440828
1440828
1379776
216326
220296
214342
234188
212357
234188
210372
238158
210372
214342
214342
226250
208388
210372
208388
232204
1025066
989411
980498
953757
962670
1042893
1007239
1016152
953757
962670
1069634
935930
1025066
1051807
1060720
962670
1947216
1964297
1913055
1861812
1947216
2015540
1964297
1844731
1964297
1810570
1947216
2049702
1878893
1810570
2049702
1913055
2767153
2767153
2912793
2670060
2815700
2767153
2912793
2888520
2791427
2815700
2912793
2839973
2694334
2694334
2670060
2670060
1538484
1621645
1469183
1635505
1566204
1649366
1621645
1510763
1524624
1621645
1524624
1566204
1510763
1635505
1663226
1593925
2042175
2042175
2007853
1904886
1922047
1922047
2007853
2025014
1819080
1973531
1853403
1887725
1819080
1819080
2007853
2059336
2607673
2401804
2401804
2470427
2607673
2447553
2516176
2653422
2630547
2584799
2653422
2539050
2584799
2561924
2561924
2653422
2377070
2438546
2295102
2397562
2336086
2336086
2254118
2438546
2192642
2192642
2397562
2459038
2295102
2377070
2418054
2438546
1673691
1705571
1721511
1673691
1880910
1801210
1864970
1864970
1689631
1769331
1801210
1801210
1864970
1785271
1753391
1673691
1336928
1268368
1325501
1245514
1234087
1256941
1279794
1211234
1222661
1302648
1256941
1359782
1279794
1336928
1359782
1268368
2852350
2749562
2878047
2980834
2878047
2878047
2698169
2878047
3083622
3006531
3057925
3006531
3006531
3032228
2800956
3083622
1657483
1761076
1761076
1701880
1553890
1716679
1716679
1583488
1731478
1687081
1613086
1598287
1701880
1657483
1761076
1716679
2665117
2617525
2807891
2807891
2617525
2736504
2807891
2593730
2736504
2855482
2546138
2736504
2736504
2665117
2807891
2593730
476039
434644
451202
434644
459481
459481
476039
459481
471899
434644
476039
488457
480178
480178
496736
480178
660608
614249
625839
672197
660608
666403
689582
689582
631634
677992
637429
695377
683787
614249
637429
614249
2435228
2324536
2457366
2656612
2479505
2568059
2457366
2368813
2545920
2390951
2435228
2324536
2324536
2634474
2479505
2435228
467693
493438
514892
471984
497729
450530
506310
489147
489147
467693
489147
497729
514892
510601
510601
471984
1698330
1585108
1613413
1528497
1556802
1585108
1684177
1500191
1613413
1599260
1556802
1500191
1556802
1514344
1528497
1670024
2678761
2778901
2879042
2703796
2904077
2678761
3004218
2678761
2854007
2753866
2904077
3004218
2929112
2753866
2954147
2828971
319380
327711
313825
294385
291608
324934
324934
316603
297162
302716
297162
316603
319380
313825
313825
311048
1246144
1235018
1223891
1190513
1223891
1190513
1335154
1223891
1301775
1246144
1301775
1335154
1201639
1324028
1212765
1301775
1806837
1626153
1641210
1806837
1686381
1611096
1791780
1806837
1580982
1671324
1716495
1791780
1596039
1671324
1611096
1701438
246331
244028
269352
255539
269352
250935
269352
269352
248633
273957
276259
260144
264748
255539
253237
241726
416813
412989
428285
439757
451229
432109
447405
447405
447405
458877
428285
447405
455053
458877
447405
409165
1611168
1597514
1556552
1611168
1624822
1556552
1597514
1583860
1474628
1542898
1624822
1570206
1611168
1570206
1570206
1447320
13165
12384
13165
12942
12161
12830
12495
12718
13053
12272
11937
11826
12718
12384
11826
12161
99352
99352
102838
94994
92380
96737
100223
97609
98480
91508
94123
101966
94123
94994
101966
92380
490790
495021
490790
461173
444249
469635
469635
452711
490790
486559
461173
469635
456942
507714
490790
503483
785561
763740
771014
858298
792835
872846
807382
807382
851025
821930
807382
814656
807382
821930
858298
792835
91722
97837
94343
95216
96090
101331
103078
91722
95216
93469
101331
103078
91722
103952
103952
104826
1848673
1721178
1721178
1848673
1816799
1896483
1816799
1768989
1864610
1737115
1673368
1705241
1705241
1912420
1816799
1705241
420824
455892
424720
448099
428617
444203
432513
467582
467582
463685
467582
416927
444203
463685
424720
444203
711435
698137
744680
751329
704786
771275
771275
797871
731382
718084
764626
731382
791222
771275
791222
704786
2982025
2982025
2902150
3088526
3035276
2875524
3168402
2848899
2848899
3195027
3061901
2955400
3088526
3115151
2928775
2795649
425434
448024
436729
410375
429199
395315
395315
395315
444259
406610
414140
421669
425434
417905
395315
410375
2372244
2462615
2440022
2440022
2620764
2575579
2372244
2643357
2394836
2485208
2552986
2598172
2620764
2507800
2620764
2620764
2161347
2321447
2141335
2361472
2121322
2381485
2281422
2161347
2201372
2241397
2321447
2401497
2261410
2361472
2241397
2341460
1450546
1424644
1372838
1476449
1541205
1450546
1424644
1411692
1437595
1424644
1541205
1515303
1463498
1411692
1463498
1528254
1721882
1506647
1693184
1592741
1607090
1678835
1721882
1621439
1607090
1520996
1564043
1693184
1650137
1693184
1693184
1592741
1941252
2082434
2064786
1923604
2029491
1853013
2047138
1958900
1905957
2047138
1941252
2082434
1870661
1958900
1923604
1994195
2360625
2319571
2216935
2360625
2319571
2442734
2360625
2401680
2360625
2278516
2381152
2340098
2155353
2463261
2299044
2237462
928596
971192
954153
1022307
996749
971192
962672
971192
1013788
979711
894519
894519
988230
1022307
920076
954153
455328
405586
428544
443849
405586
451502
409413
436197
413239
432370
405586
436197
420891
432370
455328
424718
2960096
2728436
3088796
2754176
2728436
2728436
2779916
3063056
2960096
2754176
2857136
2805656
2908616
2831396
2882876
2934356
1327597
1272280
1261217
1161647
1205900
1261217
1250154
1294407
1272280
1183774
1272280
1272280
1316533
1294407
1194837
1272280
1985023
2021783
2187202
1948264
1948264
2168822
2187202
2113682
2187202
2150442
2132062
2058543
2187202
2205582
2205582
2205582
2607957
2469481
2746433
2515640
2446402
2677195
2446402
2515640
2561798
2631036
2584878
2723353
2423323
2769512
2561798
2723353
289374
297266
297266
297266
276221
310420
305158
310420
284113
299897
305158
276221
313050
305158
278852
315681
2879282
2682408
2953110
2583971
2879282
2707017
2583971
2707017
2903891
2903891
2854673
2583971
2731626
2756236
2657799
2731626
954532
937931
904730
996033
996033
904730
913030
962832
904730
929631
962832
904730
946231
946231
879829
996033
1950708
2147569
2022294
2147569
2022294
2040190
2111776
1879123
1897019
1897019
1950708
1968605
2147569
2075983
1968605
1968605
1719578
1866971
1834217
1965232
1719578
1948855
1768709
1768709
1883348
1785086
1801463
1883348
1866971
1768709
1752332
1752332
19458
21661
20559
19274
21477
21477
21477
20926
21477
19825
19641
20926
21477
21110
19274
19458
1438473
1414297
1365945
1269241
1341769
1341769
1353857
1365945
1390121
1450561
1378033
1450561
1426385
1365945
1402209
1317593
1969322
1969322
2109988
1934156
1969322
1846240
1916573
2004489
1863823
1846240
1881406
1986906
2039655
1969322
1916573
1881406
2395857
2686942
2507813
2485422
2507813
2507813
2530204
2395857
2373466
2463030
2507813
2619769
2351074
2530204
2619769
2351074
1181238
1138284
1202715
1191976
1267146
1127545
1256408
1256408
1191976
1159761
1170499
1181238
1267146
1138284
1245669
1277885
670938
664947
629004
694900
676928
676928
646976
676928
640985
718862
694900
670938
634995
688909
652966
629004
205127
210878
210878
210878
222381
212795
212795
220464
210878
205127
203210
205127
220464
205127
228132
228132
672307
620145
643328
672307
614349
672307
608553
608553
625941
625941
631736
631736
683898
643328
689694
666511
884378
876754
808138
884378
838634
853882
861506
861506
861506
899626
861506
838634
846258
800514
884378
808138
2936608
2885977
2860661
2810030
2885977
2784714
2885977
2708768
2936608
2936608
2784714
2734083
2784714
3037870
2911292
2708768
559021
584664
553893
584664
594922
538507
569279
600050
559021
600050
605179
548764
543635
543635
569279
548764
1574207
1517479
1560025
1602571
1503297
1588389
1645117
1588389
1645117
1687663
1545843
1588389
1602571
1489115
1645117
1545843
2246481
2286597
2346770
2146192
2406944
2326712
2106076
2246481
2306655
2406944
2386886
2286597
2406944
2286597
2366828
2366828
1686541
1776892
1746775
1746775
1761833
1626308
1776892
1761833
1761833
1776892
1761833
1671483
1716658
1791950
1701600
1626308
1041193
1021912
1118318
1127959
1127959
1031552
1156881
1021912
1156881
1012271
1050834
1108678
1118318
1147240
1108678
1060474
864107
826861
797064
879005
856657
819412
789615
834310
849208
864107
811962
834310
856657
849208
834310
789615
130076
125302
125302
132462
126496
143203
127689
136043
140816
128882
130076
127689
143203
130076
139623
138429
2106388
2185874
2285232
2285232
2106388
2225618
2364719
2185874
2126260
2364719
2245489
2106388
2086516
2344847
2324976
2106388
2399725
2377709
2575852
2531820
2443757
2333677
2575852
2575852
2531820
2509804
2531820
2487788
2619883
2619883
2311662
2377709
846828
825298
810945
767886
803769
839651
854004
789416
810945
760710
818122
825298
782239
775063
789416
825298
1660383
1660383
1631254
1689513
1645819
1704078
1602124
1602124
1543865
1733207
1543865
1616689
1602124
1602124
1616689
1660383
185835
182546
179257
180901
195702
189124
180901
197347
195702
190768
182546
175967
182546
192413
184190
185835
1837420
1726541
1679021
1805740
1758221
1805740
1821580
1900779
1789900
1694861
1742381
1805740
1900779
1679021
1742381
1789900
2523177
2369592
2457355
2610939
2347651
2325711
2435414
2457355
2588999
2501236
2347651
2588999
2610939
2303770
2303770
2325711
1092521
1072657
1142181
1162045
1162045
1092521
1052793
1102453
1152113
1072657
1112385
1122317
1181909
1052793
1082589
1112385
2648386
2721953
2942652
2648386
2869085
2623864
2820041
2574820
2599342
2918129
2623864
2574820
2893607
2623864
2820041
2869085
1533835
1604846
1690059
1548037
1604846
1505431
1533835
1590644
1548037
1562239
1519633
1661655
1619048
1562239
1661655
1619048
1748794
1556130
1630231
1615411
1704333
1733973
1615411
1630231
1570950
1719153
1615411
1600591
1645052
1689513
1763614
1704333
2818187
2818187
2921607
2921607
2844042
2999171
2921607
2921607
2869897
3102591
2714767
2947462
2869897
3102591
2844042
3102591
171392
174626
182710
184327
174626
174626
184327
194029
184327
174626
187561
185944
176243
189178
184327
184327
175472
169091
183448
169091
180257
188233
185043
177067
185043
173876
180257
185043
188233
191424
188233
169091
1455652
1443316
1480324
1406308
1319956
1418644
1480324
1344628
1430980
1344628
1443316
1455652
1381636
1393972
1406308
1418644
471057
504704
445822
483675
445822
475263
471057
479469
479469
475263
471057
441616
441616
487880
471057
441616
1342337
1405063
1354882
1480334
1392518
1367427
1405063
1442699
1317247
1392518
1480334
1329792
1354882
1430153
1417608
1417608
2814613
3127348
2814613
3101287
2736430
2944920
2788552
2892797
2892797
2762491
3049165
3127348
2866736
2762491
2970981
2892797
1472798
1324281
1410916
1324281
1336657
1299528
1423292
1311904
1386163
1336657
1460422
1311904
1398539
1435669
1448045
1423292
240057
223062
235808
223062
229435
237932
240057
242181
240057
240057
223062
248554
225186
225186
242181
240057
1539424
1419986
1473069
1473069
1433257
1486340
1459799
1552695
1552695
1419986
1592508
1393444
1473069
1459799
1446528
1552695
1020702
1065470
1038609
958027
975934
966981
1029655
1002795
1011748
966981
1056516
949074
993841
975934
1029655
1056516
2881341
3145685
3092816
3066382
2934210
2960644
2960644
3039947
3013513
2934210
3092816
2854907
2987079
3013513
2881341
2881341
896177
834372
919354
811195
818921
927080
911629
873000
919354
811195
927080
888452
880726
811195
903903
919354
2603242
2626486
2719459
2719459
2487026
2603242
2533513
2696215
2765945
2719459
2765945
2719459
2463783
2789188
2765945
2556756
54926
53064
53064
53064
49340
54461
51668
51202
51202
54926
55857
53064
51668
52599
53995
55857
2048273
1892049
2082990
1892049
1892049
2048273
1978840
1961482
1857332
2013556
1978840
1961482
1961482
2065631
1892049
1892049
1703134
1796032
1780549
1765066
1765066
1734100
1641202
1780549
1656685
1811515
1842481
1796032
1656685
1687651
1687651
1672168
2857635
2831176
2804716
2937014
2884095
2831176
2937014
2937014
3175150
2804716
2937014
2937014
3175150
3016393
3148691
2857635
579396
579396
584862
590328
579396
628590
606726
628590
573930
595794
639522
601260
623124
579396
590328
655920
2237488
2136700
2177015
2257645
2297960
2358433
2358433
2116542
2378590
2116542
2378590
2136700
2197172
2338275
2116542
2197172
436345
440241
428553
432449
409073
463616
420761
409073
448033
444137
424657
459720
412969
412969
463616
409073
2619736
2597535
2397725
2575334
2464328
2553133
2464328
2464328
2486529
2353322
2442127
2530932
2641938
2619736
2397725
2641938
954878
1033721
1016200
1016200
972398
1024960
1042481
919836
1024960
1024960
946117
1016200
1042481
989919
1042481
954878
1213569
1111588
1223767
1152380
1131984
1152380
1213569
1152380
1131984
1182974
1172776
1182974
1080994
1203371
1223767
1121786
1434512
1488645
1542777
1502178
1610443
1556311
1461579
1569844
1610443
1542777
1583377
1475112
1542777
1461579
1596910
1461579
1184114
1134361
1144312
1164213
1144312
1054757
1064707
1084608
1064707
1154262
1094559
1114460
1154262
1074658
1184114
1124411
2657431
2703647
2726755
2564999
2426350
2634323
2680539
2495674
2680539
2726755
2449458
2472566
2541891
2564999
2541891
2611215
1142626
1083525
1063824
1172177
1122926
1093375
1172177
1113075
1073675
1172177
1162327
1113075
1142626
1083525
1083525
1073675
1283954
1318971
1389004
1365660
1318971
1400677
1272281
1342315
1225592
1318971
1365660
1272281
1307298
1248937
1225592
1283954
58598
62396
65109
59141
59141
59683
65109
58056
63481
63481
59141
59141
62396
60226
64567
56970
2033454
2125051
1996815
2033454
2015135
1941857
2180009
2125051
2015135
2070093
2125051
2033454
1996815
1923538
2070093
2033454
26469
26224
26714
26714
27695
28675
26959
26959
28920
25979
27695
27204
27204
28185
28675
25734
2828950
2633850
2609462
2609462
2828950
2609462
2682625
2902112
2804562
2926500
2731400
2828950
2560687
2877725
2731400
2755787
1097918
1108276
1097918
1201495
1201495
1097918
1160064
1128991
1118633
1201495
1128991
1211853
1191137
1139349
1242926
1128991
576572
612608
586868
597164
592016
576572
617756
592016
602312
586868
550832
602312
545684
597164
545684
566276
2952366
2632526
2927762
2804747
2730938
2706335
2927762
2952366
2804747
2632526
2878556
2657129
2706335
2657129
2952366
2927762
2553891
2446584
2253433
2296355
2575352
2489507
2403662
2274894
2360739
2489507
2425123
2468046
2575352
2317817
2339278
2360739
2370285
2414179
2392232
2304444
2392232
2480021
2611703
2589756
2545862
2611703
2611703
2523915
2458074
2633650
2304444
2480021
2098403
2230735
2174022
2003881
1984976
2155117
2079499
2098403
2268544
2136213
1984976
2098403
2230735
2230735
2174022
2117308
662260
662260
685703
656399
703285
668120
668120
621235
644678
638817
685703
697424
615374
679842
703285
668120
1858604
1909759
1960913
1807450
1892707
1858604
1909759
1858604
1807450
1841553
1841553
1909759
1960913
2046170
1858604
1841553
749253
749253
697580
768630
716957
762171
697580
678203
691121
755712
729876
716957
755712
710498
723416
742794
1013673
1041069
1041069
995408
1077598
1022805
1068466
1031937
1004540
977144
1059334
1077598
958879
1050201
977144
995408
2024847
2137339
2193585
2081093
2174836
1987350
2249830
2024847
2156087
2137339
2081093
2174836
2193585
2212333
2043596
2062344
834908
856879
798289
798289
820261
820261
834908
768994
834908
871527
878851
812937
849556
776318
834908
783642
2985070
2736314
2885568
2835817
2985070
2935319
2661688
2960195
2860692
2910444
2736314
2611936
2835817
2910444
2786066
2786066
890288
829413
897897
913116
798976
890288
859850
905506
890288
844632
844632
814195
852241
882678
905506
859850
1249990
1329535
1295444
1227263
1261354
1329535
1272717
1284081
1306808
1227263
1329535
1318171
1363626
1352262
1227263
1238626
2457292
2150131
2395860
2395860
2375383
2272995
2354905
2170608
2334428
2170608
2354905
2191086
2252518
2416337
2191086
2375383
972733
989220
890298
890298
989220
989220
865567
865567
948002
964489
882054
989220
972733
882054
923272
873811
826468
755829
748765
755829
798212
833531
805276
826468
777021
819404
812340
798212
819404
755829
741702
833531
2002906
2019738
1817764
1767270
2019738
1851426
1935582
1901919
1767270
1986075
1969244
1952413
1784101
2019738
1834595
1901919
1787341
1741117
1617852
1787341
1664076
1756525
1694893
1679485
1756525
1694893
1725709
1848974
1694893
1679485
1679485
1741117
2394573
2457040
2457040
2227994
2477863
2269639
2352928
2352928
2332106
2415396
2227994
2394573
2207172
2332106
2498685
2457040
2105298
2160218
1958842
2160218
1995456
2141911
2141911
2123605
2123605
1922228
2086991
2123605
2032070
2178525
2013763
2105298
2644285
2620026
2644285
2692804
2595766
2862621
2789842
2741323
2547247
2814102
2620026
2547247
2620026
2571507
2620026
2814102
441072
406553
410388
425730
425730
421895
410388
444907
418059
441072
414224
444907
441072
448742
433401
414224
447677
498357
460347
498357
460347
460347
498357
489910
468794
460347
506804
456123
460347
485687
456123
447677
2037064
2128005
2146193
1982500
2182569
1909748
1946124
1964312
1982500
2018876
2128005
2018876
2164381
2018876
1982500
2073441
1080014
1023171
1032645
1108435
1117909
1127383
1136857
994750
1070540
1089488
1117909
1117909
1127383
1061066
1070540
1042119
2737232
2861651
2637696
2612812
2662580
2811884
2811884
2687464
2911419
2687464
2986071
2861651
2986071
2961187
2762116
2936303
682153
682153
759378
707895
720765
701459
701459
688588
759378
675718
759378
752942
759378
701459
746507
701459
1312065
1219176
1288843
1335288
1230787
1242398
1323676
1230787
1370121
1346899
1288843
1393344
1242398
1393344
1254009
1242398
2776542
2753012
2753012
2800072
2517712
2705952
2823602
2705952
2658892
2658892
2682422
2658892
2635362
2800072
2564772
2517712
1039786
1157498
1108452
1128070
1177117
1167307
1029977
1039786
1118261
1049596
1029977
1118261
1167307
1079024
1059405
1167307
1254315
1180532
1148911
1127830
1254315
1254315
1138370
1254315
1254315
1148911
1159451
1180532
1138370
1159451
1222694
1243775
1490749
1411594
1477556
1569903
1569903
1503941
1503941
1503941
1398401
1477556
1477556
1517134
1530326
1517134
1583096
1517134
558346
521123
539735
539735
502512
493206
488553
549041
525776
497859
502512
511817
488553
530429
488553
511817
1074443
1074443
1001599
992494
1083548
1047126
1092654
1083548
1065337
1028915
983388
965177
1083548
956072
1083548
965177
2720542
2557775
2604280
2464765
2534522
2743795
2767047
2581027
2488017
2511270
2557775
2650785
2604280
2697290
2557775
2581027
1441273
1532165
1402320
1467242
1519180
1493211
1519180
1558134
1519180
1532165
1480227
1519180
1493211
1389336
1363367
1428289
453074
406605
410477
456946
441457
460819
441457
429839
445329
453074
406605
418222
464691
441457
445329
414350
1930469
1913969
1913969
1732472
1814971
1748972
1765472
1798471
1979968
1814971
1913969
1880970
1765472
1847970
1748972
1930469
189192
194447
192695
190944
197951
187440
210213
203206
190944
204958
204958
203206
192695
201454
203206
192695
1480537
1352904
1467773
1480537
1480537
1506063
1480537
1352904
1442247
1455010
1531590
1340141
1531590
1403957
1467773
1455010
1600518
1730290
1600518
1514004
1557261
1643776
1643776
1687033
1614938
1614938
1586099
1730290
1557261
1701452
1701452
1730290
1132043
1081050
1213632
1193235
1121844
1111646
1121844
1070851
1152440
1193235
1081050
1203433
1203433
1091249
1132043
1203433
1839815
1977372
2028955
1822621
1977372
1977372
2063344
2063344
1960177
1908593
1977372
1925788
1822621
2046150
2028955
2028955
318445
330131
309681
347660
347660
306759
306759
312602
315524
333053
306759
333053
347660
341817
344739
330131
997891
1062570
1108768
1034850
1025611
1053330
1016371
979412
979412
1007131
1053330
997891
1016371
1081049
970172
1081049
955711
859337
947680
883430
947680
947680
915555
883430
851306
891462
859337
851306
955711
915555
875399
923586
2018828
2002004
1850592
1884239
2002004
1833769
1934710
1917886
1783298
1833769
1766474
1867416
1816945
1783298
1985181
1951534
1050069
1040776
1068654
1077947
975728
1105825
985020
1096532
985020
994313
1022191
1003606
1059362
1003606
985020
1022191
324950
324950
327851
327851
345259
333654
333654
339456
345259
324950
330752
345259
319147
345259
319147
307542
767965
715899
767965
722407
728916
728916
728916
748440
683358
774473
702883
715899
702883
741932
774473
696375
2287284
2203347
2287284
2476142
2245315
2413189
2413189
2371221
2371221
2224331
2455158
2224331
2245315
2266300
2245315
2245315
2095687
1972411
1919579
1901968
2095687
1919579
2113298
1937190
1990022
1972411
1972411
2025244
1954801
1937190
1990022
2007633
2081403
1867925
1992454
1921295
1939084
1903505
1939084
2116982
2010244
2010244
2134772
2134772
1903505
1956874
1903505
1939084
645863
622161
663639
705116
669564
628087
645863
639937
675489
705116
705116
693265
711042
693265
699191
657713
390465
380453
377116
360429
353754
353754
380453
370441
400477
360429
380453
367104
397139
400477
367104
350417
2604442
2802875
2902092
2654050
2926896
2902092
2728463
2802875
2827679
2753267
2976505
2753267
2827679
2902092
2951700
2778071
1350467
1290712
1398271
1362418
1266810
1422173
1422173
1290712
1386320
1302663
1362418
1386320
1314614
1410222
1422173
1374369
2899828
2926190
3110725
3005277
2847104
2794380
2952552
3137087
2978915
3110725
3137087
2873466
3058001
2873466
3058001
2820742
2881297
2907023
2726942
2855571
3087104
3061378
2829845
3009926
2726942
2984200
2752668
3035652
2932749
2881297
2829845
2701216
2767004
2694188
2815548
2888364
2572828
2645644
2621372
2718460
2645644
2864092
2864092
2718460
2742732
2742732
2597100
2791276
676582
670375
657961
713825
726240
707618
744861
726240
682789
670375
695204
676582
726240
657961
695204
701411
62416
69351
60682
67039
60682
65306
68773
64150
68195
67617
66461
68195
68195
67039
69351
61838
2701956
2566858
2476793
2476793
2589374
2409244
2386727
2634407
2521825
2521825
2656923
2701956
2701956
2364211
2566858
2454276
1769013
1882619
1915078
1850160
1850160
1769013
1720324
1736554
1752783
1785242
1801472
1898849
1882619
1850160
1833931
1833931
162631
153064
161264
143498
154431
143498
159898
144864
150331
163998
153064
159898
148964
146231
158531
163998
2307878
2245503
2328670
2328670
2245503
2370253
2287087
2224711
2266295
2328670
2328670
2411837
2203920
2495004
2224711
2432628
852735
949271
844690
876869
965360
868824
901003
876869
949271
957315
892958
965360
868824
852735
868824
876869
1090450
1053486
1044245
1081209
1071968
1071968
1071968
970316
970316
1071968
1108933
1090450
1081209
1025763
979557
979557
235287
256873
228811
250397
259032
237446
235287
237446
259032
259032
243921
226653
226653
226653
243921
239604
1926474
1845530
1829341
1748396
1716019
1942663
1780774
1877907
1716019
1910285
1942663
1813152
1829341
1861718
1780774
1942663
1612670
1640962
1556085
1499500
1640962
1527792
1640962
1612670
1556085
1584377
1541939
1527792
1570231
1640962
1655108
1598523
3090834
2985165
2932330
3011582
3170086
3170086
3011582
2853078
3090834
3170086
3170086
3170086
2879495
2905912
3143669
2800243
1502307
1451381
1476844
1527770
1489576
1425919
1438650
1464113
1464113
1438650
1502307
1336799
1400456
1336799
1515038
1464113
592089
670290
614432
614432
603261
614432
597675
636775
592089
625604
614432
586503
597675
603261
597675
631189
2466947
2443891
2743614
2559169
2466947
2605280
2513058
2674447
2605280
2490002
2536113
2513058
2466947
2536113
2513058
2766669
1641287
1670595
1626632
1714558
1538706
1626632
1670595
1582669
1597324
1611978
1670595
1582669
1670595
1626632
1611978
1553361
5407
4853
5176
4991
5269
4899
5315
5037
5130
5407
4899
5500
5453
5361
5361
5269
415607
387431
390953
412085
412085
394475
380386
376864
401519
387431
408563
401519
380386
383908
419129
376864
1815930
1749290
1832590
1965869
1815930
1999189
1899229
1749290
1999189
1799270
1815930
1982529
1765950
1882569
1899229
1899229
2347515
2262151
2304833
2347515
2560926
2411538
2496902
2304833
2432879
2411538
2496902
2390197
2347515
2304833
2454220
2518243
763547
756790
804090
763547
804090
790576
716248
777061
810847
729762
763547
743276
783818
810847
723005
743276
424699
414081
414081
399925
403464
396385
417620
371611
382229
421160
375150
382229
378690
375150
417620
371611
2369780
2073557
2251291
2192046
2271039
2211795
2231543
2132802
2113054
2172298
2113054
2172298
2172298
2172298
2093306
2290787
1296216
1262693
1285042
1217996
1217996
1251519
1251519
1307390
1184473
1217996
1251519
1206822
1262693
1329739
1217996
1318565
2266274
2145941
2346497
2346497
2145941
2206108
2226163
2165997
2306385
2186052
2366552
2105830
2366552
2346497
2125886
2186052
197416
195605
210094
210094
202849
208283
217339
197416
193794
199227
210094
201038
211905
199227
208283
208283
2814439
3106504
3159607
2973747
3159607
3159607
3053401
3186158
2947196
2920645
2840991
2947196
2920645
2840991
2973747
3133055
1194100
1247408
1204761
1279393
1140792
1236746
1162115
1204761
1172777
1215423
1226085
1151453
1268731
1151453
1183438
1194100
1358624
1268049
1335980
1256727
1335980
1290693
1347302
1188796
1256727
1290693
1335980
1313336
1268049
1188796
1313336
1222761
1346727
1346727
1222240
1244874
1222240
1346727
1301459
1210923
1358044
1346727
1346727
1233557
1222240
1278825
1199606
1290142
238155
244709
262189
260004
260004
229415
246894
233785
249079
238155
238155
244709
233785
255634
235970
253449
1726162
1758731
1905292
1807585
1905292
1905292
1726162
1807585
1742446
1791300
1954146
1758731
1840154
1954146
1889007
1937861
3066996
2734738
2939204
2913646
2888087
2990321
3015879
3041437
2913646
2811413
2939204
2683621
2862529
2862529
2709179
2785854
2790760
2866872
2892242
3044466
2917613
2841501
3019095
2765389
2866872
2740019
2866872
2740019
2790760
2866872
2714648
2740019
539128
549112
529144
594039
584055
544120
529144
559096
564088
544120
574071
529144
574071
549112
524152
544120
2013439
1828873
1761759
1845652
1845652
1963103
1845652
1812095
1828873
1912767
1895988
1761759
1929545
2013439
1879209
1828873
187595
206881
187595
194608
194608
187595
185842
184089
208634
185842
205127
208634
198114
189348
210387
198114
842079
762909
856473
798895
827684
842079
755712
770106
784501
856473
770106
755712
849276
798895
791698
784501
430521
407862
419191
407862
407862
453180
445627
419191
400309
430521
434297
445627
415415
453180
396532
411638
2252332
2252332
2443568
2337326
2528561
2464816
2401071
2379823
2464816
2316077
2337326
2422319
2294829
2549810
2528561
2422319
705848
758133
699312
731990
692776
712383
784275
705848
771204
699312
777739
738526
705848
731990
784275
699312
1419352
1470964
1548384
1548384
1354836
1406448
1483868
1432255
1432255
1393545
1432255
1367739
1458061
1496771
1470964
1496771
946405
929505
971755
1014006
946405
980205
954855
887255
904155
1005555
963305
980205
929505
912605
980205
887255
37993
36396
35758
34161
37035
34161
35119
35758
37673
36716
36077
37993
37993
37035
34800
34481
1051804
1111340
1061726
1151030
1071649
1051804
1190721
1190721
1041881
1041881
1111340
1041881
1041881
1190721
1041881
1091494
1069160
1135392
1078622
1125930
1107007
1002929
1059699
1059699
1021852
1059699
1012391
1002929
1116468
1107007
1088084
1059699
898501
837586
875658
814742
890887
799514
837586
868043
829971
883272
845200
822357
898501
822357
837586
814742
838578
862537
878510
878510
910456
886497
926429
902469
854551
894483
902469
958375
950388
854551
854551
958375
1686946
1613601
1701615
1554924
1730953
1716284
1745622
1598931
1598931
1642939
1613601
1628270
1686946
1672277
1701615
1745622
2980717
3165363
3007095
2901583
2822449
3165363
3059851
3086229
2954339
2796071
2796071
3138985
2927961
3059851
3007095
3007095
1728465
1680452
1696456
1872504
1872504
1856499
1744469
1888508
1696456
1824491
1728465
1712461
1872504
1728465
1920517
1760474
2834087
2760792
2858519
2858519
2687496
2882951
2711928
2614201
2589769
2565337
2785224
2809655
2809655
2736360
2638633
2589769
672690
691376
703834
697605
747434
654005
691376
654005
734977
728748
697605
722519
747434
722519
697605
697605
1709558
1680582
1535704
1738533
1695070
1724045
1637119
1622631
1550192
1738533
1724045
1666094
1709558
1521216
1666094
1695070
1564091
1469706
1496674
1483190
1469706
1564091
1429256
1577575
1415772
1618026
1618026
1618026
1537124
1550608
1456223
1618026
2359542
2399876
2137705
2420043
2137705
2137705
2157872
2117538
2218373
2238540
2258707
2379709
2399876
2178039
2157872
2399876
427702
405955
384207
431327
380583
384207
405955
420453
391456
416828
427702
427702
398706
405955
420453
427702
1489499
1596850
1516336
1556593
1462661
1408985
1489499
1516336
1516336
1476080
1543174
1529755
1422404
1596850
1543174
1516336
626310
599994
621046
557889
610520
589468
578942
615783
615783
626310
594731
621046
621046
584205
578942
563152
729387
709126
736141
763155
790170
729387
763155
722634
803677
749648
742894
749648
736141
729387
803677
783416
458162
466889
501796
458162
484342
510523
506160
471252
488706
479979
484342
514887
493069
497433
484342
523614
2079667
2061739
2151380
2007955
2043811
1882457
2133452
1990026
1936242
2079667
2079667
1972098
2007955
2007955
2079667
2043811
246465
252784
246465
244358
235932
235932
248571
242252
227506
221186
223293
248571
250678
244358
229612
227506
2593629
2760193
2855372
2760193
2760193
2593629
2665014
2855372
2783988
2712603
2522245
2855372
2569835
2688809
2783988
2546040
2216184
2062015
2062015
2196913
2042744
2100557
2216184
2042744
2196913
2235455
2062015
2023472
2062015
2042744
2042744
2062015
926738
887470
918885
887470
871762
832494
824640
903177
832494
942446
918885
903177
856055
832494
911031
879616
381573
362005
355482
348960
378311
362005
352221
375050
352221
342437
342437
352221
375050
348960
381573
375050
1475175
1450382
1400796
1487571
1326418
1462778
1437985
1487571
1301625
1314021
1437985
1450382
1326418
1363607
1437985
1351210
259592
243511
243511
250403
252700
248106
257295
268781
245808
254998
261889
264187
245808
241214
266484
266484
639705
706721
694537
731091
670167
718906
688444
700629
706721
670167
670167
731091
688444
645797
664074
682352
731273
705837
705837
731273
763068
737632
763068
737632
743991
686761
699479
680402
756709
712196
737632
731273
1160271
1214489
1301239
1279551
1257864
1149427
1290395
1247020
1138584
1171115
1214489
1225333
1290395
1138584
1257864
1257864
1590567
1633946
1720704
1633946
1619486
1677325
1720704
1648405
1561647
1532728
1677325
1720704
1605026
1561647
1677325
1619486
476192
493352
484772
493352
489062
484772
506222
514802
506222
497642
493352
489062
459032
506222
489062
506222
263633
272724
261360
261360
268178
268178
263633
240906
238633
263633
259087
249997
268178
259087
240906
270451
260893
287714
273085
282838
275523
273085
268208
285276
277961
273085
258455
268208
273085
258455
277961
275523
678206
753562
741003
734723
703325
753562
697045
703325
697045
747283
747283
703325
734723
665647
665647
659367
1506587
1506587
1574451
1438723
1574451
1560878
1465868
1479441
1601597
1520160
1628743
1588024
1520160
1628743
1425150
1438723
843220
945668
937787
890504
835340
937787
922026
890504
835340
937787
827459
945668
922026
866862
898384
945668
3006557
2954720
2721453
2799208
2851046
3084313
3110232
3032476
3084313
2876964
2928801
2721453
2825127
3032476
3006557
2954720
1463149
1610806
1463149
1557113
1597383
1583960
1489996
1570536
1409455
1557113
1583960
1570536
1543689
1597383
1436302
1530266
2338510
2464916
2254239
2443848
2317442
2254239
2464916
2254239
2422780
2464916
2317442
2317442
2528119
2338510
2233171
2212104
2486992
2272596
2379794
2444113
2272596
2401234
2508432
2422673
2529871
2486992
2315475
2465552
2422673
2529871
2444113
2551311
1637418
1740679
1622667
1622667
1681673
1666921
1593164
1563661
1622667
1637418
1593164
1770182
1593164
1681673
1696424
1563661
2893808
2652657
2749117
2869693
2628542
2604427
2749117
2604427
2845578
2580312
2676772
2749117
2580312
2821463
2869693
2628542
1489872
1436662
1423360
1463267
1396755
1396755
1489872
1410057
1476569
1463267
1529779
1410057
1596291
1423360
1489872
1436662
448553
476587
424523
420518
440543
444548
448553
436538
444548
460568
476587
476587
480592
456563
444548
448553
998671
937349
954870
963630
1051233
919829
989911
928589
928589
1024952
937349
954870
1007432
981151
1016192
972391
946640
938034
920822
998275
912216
972457
903611
938034
998275
1024092
972457
955246
912216
972457
955246
903611
1554054
1540053
1652057
1638057
1540053
1666058
1624056
1610056
1484051
1582055
1526053
1680058
1666058
1568054
1680058
1484051
2961288
2961288
2689836
2788546
2911933
2739191
2887255
2788546
2936610
2689836
2763868
2763868
2936610
2837901
2689836
2837901
1003530
950713
1029939
924304
977121
1029939
994727
977121
941910
941910
1056348
1047545
950713
1056348
977121
1021136
2013272
1946163
1979717
1979717
1879054
1946163
1862276
1962940
1912608
2013272
1979717
1912608
1879054
1979717
1761613
1828722
1733760
1898879
1849344
1931903
1898879
1948416
1832832
1948416
1799808
1783296
1783296
1832832
1816320
1733760
1981440
1832832
3195039
2848910
3088538
3061912
3141788
2902160
3141788
3115163
2928786
3195039
3061912
3008662
3088538
2955411
2955411
3061912
1462481
1424981
1437481
1387482
1499980
1487480
1312483
1387482
1374982
1437481
1449981
1362482
1462481
1412481
1374982
1449981
802730
788890
802730
781970
761209
809650
795810
754289
781970
816570
830410
733529
781970
761209
768129
809650
783045
854884
862068
754309
854884
840516
840516
804596
833332
847700
790229
761493
833332
804596
818964
754309
2166444
2166444
2227759
2227759
2452579
2146006
2391264
2452579
2432141
2391264
2350388
2350388
2329950
2166444
2350388
2350388
1010754
993623
933663
967926
899400
1010754
942229
933663
959360
967926
916532
985057
976492
959360
950794
993623
1680581
1695194
1665967
1695194
1651353
1709808
1709808
1578285
1724422
1651353
1534443
1549057
1695194
1607512
1622126
1636740
2849102
2825160
2681508
2873044
2825160
2873044
2777276
2657566
2705450
2705450
2561798
2849102
2561798
2825160
2801218
2537856
2212754
2212754
2098301
2269980
2060150
2155528
2231829
2231829
2117377
2060150
2174603
2136452
2250905
2269980
2212754
2174603
1880732
1813563
1964693
1863939
1981485
1880732
1779978
1779978
1914316
1813563
1981485
1863939
1763186
1931108
1796770
1863939
2456177
2608329
2282288
2304024
2347496
2325760
2608329
2412704
2586593
2282288
2282288
2586593
2412704
2499649
2543121
2456177
1246807
1202278
1168882
1257939
1280204
1335865
1235675
1202278
1180014
1180014
1324732
1269071
1213410
1168882
1191146
1246807
809307
824022
875523
831379
772520
868166
794592
831379
816664
882880
794592
868166
853451
838736
787235
772520
1850433
1834617
1660645
1882064
1787170
1866249
1723908
1897880
1660645
1692276
1866249
1850433
1834617
1771355
1708092
1818802
1384861
1292537
1361780
1361780
1304077
1211753
1350239
1384861
1269456
1234834
1361780
1234834
1384861
1223294
1223294
1373320
1300357
1278684
1267848
1235339
1257011
1148648
1202830
1300357
1170321
1213666
1213666
1148648
1267848
1278684
1191994
1246175
1040250
1030528
1079138
1030528
1127748
1040250
1030528
1040250
1156914
1108304
1079138
1079138
1059694
1166636
1020806
1108304
1201044
1147900
1179786
1201044
1222301
1264816
1116014
1243559
1275445
1201044
1275445
1222301
1232930
1169158
1126643
1243559
130972
114601
116784
121149
123332
121149
114601
120058
130972
129881
118966
121149
130972
129881
129881
129881
84444
82909
84444
88283
83677
88283
85212
82909
85980
85980
83677
91353
88283
89050
85980
82141
2296540
2556526
2339871
2339871
2339871
2296540
2339871
2448199
2469864
2404868
2513195
2599857
2383202
2513195
2426533
2534861
1375682
1225398
1260079
1236958
1271639
1260079
1225398
1213837
1387243
1352562
1341001
1213837
1260079
1387243
1225398
1236958
2151967
2336422
2336422
2192957
2459391
2172462
2151967
2192957
2459391
2172462
2274937
2274937
2213452
2397906
2254442
2315927
1564094
1564094
1550252
1550252
1536410
1660984
1605618
1550252
1577935
1453361
1550252
1591777
1494886
1467203
1564094
1564094
1295085
1365090
1400092
1353423
1318420
1260083
1306753
1400092
1236748
1225081
1283418
1225081
1260083
1341755
1341755
1388425
2794893
2924286
2743135
2976043
2769014
2769014
2924286
3001922
2820771
2769014
2846650
2872529
3105436
2950164
2769014
2924286
1343358
1420121
1458503
1356152
1381740
1368946
1471297
1496885
1381740
1535266
1522472
1458503
1432915
1394534
1509679
1509679
355117
340320
322564
316646
325524
352157
319605
322564
313686
346239
325524
355117
331442
328483
352157
322564
2771397
2604158
2628049
2747506
2723615
2843071
2628049
2675832
2651940
2628049
2795289
2651940
2843071
2604158
2723615
2747506
2877230
2682164
2706547
2730930
2877230
2828463
2852847
2804080
2804080
2779697
2584630
2925997
2877230
2828463
2925997
2730930
1953448
2025135
2043056
1989292
2132664
2096821
2043056
2150586
1917605
2043056
1989292
1935527
2096821
2078899
1935527
1899684
789710
872441
842357
902526
819794
789710
879962
895004
849878
797231
879962
797231
842357
804752
797231
789710
1695336
1594765
1508562
1695336
1508562
1709703
1551664
1609133
1680969
1724071
1609133
1609133
1508562
1666602
1637867
1623500
301059
326148
303847
295484
314997
292696
328935
331723
309422
298272
314997
309422
323360
323360
323360
323360
2122831
2104687
2122831
1923249
1941393
1923249
1923249
2140975
2068400
2104687
1941393
2177263
2140975
2104687
2086543
1905105
457369
437989
465121
453493
422485
430237
418609
449617
461245
422485
437989
437989
410857
410857
457369
414733
1205021
1291869
1194165
1215877
1161597
1139885
1291869
1205021
1172453
1172453
1291869
1139885
1205021
1172453
1291869
1226733
1794724
1703467
1733886
1733886
1627419
1749095
1809934
1627419
1825143
1809934
1597000
1597000
1809934
1597000
1764305
1673048
1308583
1344599
1272567
1440642
1332593
1392620
1344599
1380615
1428636
1320588
1380615
1308583
1272567
1392620
1332593
1356604
2332756
2271368
2332756
2271368
2169054
2169054
2414608
2230443
2312294
2209980
2332756
2312294
2373682
2435070
2394145
2230443
38158
35503
36167
37162
39485
39817
37494
36830
36499
37162
37162
38821
38821
38821
35503
37494
664829
647334
629838
676493
699820
612343
647334
618175
664829
635670
658997
635670
635670
641502
647334
670661
2498203
2370090
2263330
2519556
2241977
2540908
2412795
2241977
2455499
2263330
2434147
2498203
2327386
2348738
2412795
2327386
14184
14818
13424
14438
14818
13804
13678
14944
13931
14184
14438
13298
13424
14944
13424
13804
200654
195465
200654
183356
190275
181626
205843
202384
193735
183356
188546
204114
205843
183356
181626
186816
1700195
1700195
1685787
1613745
1642562
1541703
1512886
1700195
1671379
1671379
1700195
1628153
1599336
1556111
1599336
1729012
148038
158804
161496
154767
141309
157458
154767
144000
142654
148038
158804
150729
145346
142654
153421
160150
1051609
990265
1034082
1051609
1016555
981501
937684
1016555
1034082
990265
981501
1042845
1042845
1016555
920158
972738
1285057
1261692
1355151
1378516
1366833
1320104
1261692
1366833
1343469
1273375
1366833
1261692
1390198
1250010
1296739
1390198
1102177
1082669
1160699
1141192
1063162
1170453
1111930
1024146
1024146
1131438
1170453
1072915
1121684
1072915
1053408
1141192
628448
628448
617226
645282
673338
673338
634059
594781
600393
600393
622837
645282
639671
667726
606004
589170
1325517
1313244
1300970
1325517
1399157
1350064
1350064
1411430
1472797
1386884
1325517
1386884
1411430
1362337
1399157
1399157
2095802
2152445
2190207
2152445
2265732
2076921
2095802
2114683
2133564
2114683
1982515
2209088
2209088
2209088
2227969
2171326
602222
602222
546083
576704
576704
602222
561393
540979
566497
581808
581808
592015
556290
576704
546083
551186
1257433
1138193
1246593
1170713
1224913
1257433
1203233
1192393
1138193
1159873
1138193
1235753
1300792
1289952
1268272
1138193
617732
590874
601618
564016
580131
574760
612361
623104
601618
569388
580131
569388
639219
564016
628476
644590
1789389
1886113
1724907
1918354
1853872
1869993
1902234
1708786
1773269
1692666
1853872
1789389
1724907
1757148
1757148
1757148
605174
674337
645519
633992
610938
662810
680101
680101
616701
657046
685864
628229
651283
633992
685864
628229
1276023
1147349
1265301
1168795
1211686
1233132
1276023
1243855
1179517
1136626
1125903
1286746
1265301
1233132
1190240
1276023
2054348
2054348
2015949
2246343
2227144
2265543
2150346
2169545
2035149
2227144
2150346
2015949
2111947
2131146
2035149
2188745
3073714
2867077
2763759
3099543
2789589
2841248
2867077
2815418
2892907
2867077
2944566
2841248
3022055
2789589
2970395
2789589
511640
579859
545750
550623
540877
584732
511640
536004
511640
511640
550623
545750
545750
555495
565241
579859
841308
833993
848624
841308
833993
841308
768151
855940
833993
782783
790098
841308
841308
797414
855940
833993
2260675
2387442
2429698
2493081
2281803
2366314
2345186
2239547
2281803
2366314
2324059
2514209
2535337
2408570
2408570
2239547
2668338
2507318
2599329
2737347
2760350
2737347
2484315
2530321
2714344
2530321
2530321
2438309
2760350
2461312
2438309
2737347
1214958
1362570
1305796
1237667
1192248
1294441
1283086
1351215
1305796
1260377
1260377
1305796
1226313
1192248
1249022
1226313
1391532
1248811
1296384
1343958
1343958
1343958
1415319
1391532
1379639
1391532
1296384
1284491
1320171
1320171
1427212
1272598
2459160
2459160
2436599
2662210
2662210
2504283
2662210
2594527
2481722
2504283
2391477
2414038
2639649
2684772
2391477
2549405
3033959
2677023
2779005
2855491
2906482
2931977
2753509
2829996
3008464
2829996
2753509
2702518
2728014
2677023
2829996
2855491
2460378
2597065
2688191
2619847
2414815
2574284
2688191
2392034
2505940
2642628
2733753
2619847
2619847
2528722
2414815
2483159
817588
840298
878150
794877
825158
878150
908431
802447
855439
840298
794877
810017
855439
855439
810017
825158
2983906
3061747
2802277
2828224
2932012
3009853
2932012
2776330
2906065
2724436
2854171
3061747
3035800
3035800
2932012
2854171
2892857
2818681
2868132
2670330
2917583
2843407
2769231
2942308
2744506
2917583
2892857
2793956
2868132
2719780
2596154
2868132
492695
483897
466301
501493
510292
488296
510292
492695
514691
488296
492695
483897
497094
514691
519090
475099
159717
159717
151311
149910
148509
152712
147108
161118
161118
152712
159717
151311
158316
166722
161118
161118
1799654
1848293
1799654
1880719
1767227
1718588
1799654
1913145
1702375
1864506
1799654
1913145
1751014
1702375
1815867
1718588
941497
907261
950056
924379
950056
967174
984293
924379
924379
984293
975733
950056
975733
1009970
1018529
898702
1172829
1318036
1195168
1306866
1329206
1273357
1306866
1284527
1340376
1251017
1329206
1251017
1195168
1329206
1183998
1262187
281039
318511
291746
281039
305128
321188
318511
286392
297099
281039
289069
291746
310482
310482
313158
302452
1235882
1118686
1214574
1171957
1257190
1267845
1203920
1182611
1203920
1225228
1193265
1278499
1118686
1257190
1246536
1161303
875852
923195
938976
844289
946867
891633
860071
899523
915304
946867
844289
852180
852180
836399
828508
923195
1701686
1543054
1543054
1600738
1600738
1716107
1586317
1615159
1528633
1672844
1543054
1644001
1629580
1701686
1644001
1672844
60211
62381
62924
59127
58584
58584
58042
62381
62381
64009
58584
56957
56957
65094
65094
57499
1644521
1769818
1660183
1848128
1644521
1879453
1801142
1848128
1738494
1816804
1754156
1785480
1863791
1738494
1785480
1879453
1101578
1046036
1055293
1027522
1064550
1083064
1110835
1055293
1083064
1110835
1110835
1092321
1083064
990494
981237
1092321
1054817
1135184
1125138
1155276
1095000
1054817
1125138
1064863
1195459
1135184
1125138
1135184
1205505
1105046
1195459
1054817
1941897
2064359
1906908
1941897
2046864
1854424
2046864
1924402
1871918
1941897
1941897
1976886
2029370
2046864
1959391
1889413
2274786
2116540
2274786
2215444
2353909
2353909
2076978
2215444
2274786
2353909
2116540
2215444
2334128
2156101
2215444
2294567
83469
79114
86372
83469
78388
82743
79114
79840
79114
84195
85646
81291
79114
82017
79840
82017
1625214
1685407
1640262
1745600
1685407
1670359
1745600
1610165
1760648
1625214
1640262
1805793
1715503
1715503
1775697
1580069
1510804
1417214
1417214
1470694
1497434
1550914
1403844
1591024
1577654
1524174
1443954
1591024
1604394
1604394
1443954
1591024
2959692
3035582
2807913
3010285
2934396
2984989
2681431
2681431
2858506
3010285
2732024
3035582
2959692
2706727
2858506
2858506
3125190
3047060
2734541
2812671
2760584
3099146
2786627
3073103
2968930
2734541
3125190
2760584
3125190
2864757
2916844
2760584
2035499
2073905
2054702
2112311
2246731
2035499
2227528
2093108
2265933
2054702
2304339
2112311
2304339
2208325
2189122
2169919
474623
513106
491727
461796
496003
470347
448968
508830
487451
513106
500279
508830
483175
483175
483175
470347
2180602
1994226
2236515
2180602
2180602
2012864
2012864
2217877
1994226
2068776
2161965
2161965
1975588
2143327
2031501
2106052
1934092
1848512
2053903
2036787
1882744
1831397
1934092
1797165
2053903
1848512
2019671
1797165
1865628
1882744
2002555
1968323
1582588
1640137
1596975
1596975
1654524
1510652
1625750
1553814
1712073
1525040
1697686
1668911
1568201
1568201
1726460
1525040
1335648
1383780
1383780
1299549
1335648
1299549
1347681
1311582
1359714
1323615
1395812
1299549
1263451
1443944
1431911
1311582
2265222
2265222
2223273
2265222
2265222
2453990
2265222
2370093
2223273
2370093
2495939
2307170
2202299
2516913
2370093
2495939
2143559
2225218
2266048
2266048
2184388
2449782
2286463
2347707
2143559
2429367
2368122
2449782
2449782
2368122
2143559
2306878
345567
387552
381092
381092
374633
342337
348796
381092
371404
342337
339108
339108
355256
381092
368174
355256
2177258
2157098
2378856
2338536
2338536
2197418
2298217
2419176
2358696
2177258
2177258
2116779
2378856
2399016
2338536
2177258
1677645
1533020
1648720
1677645
1576408
1706570
1576408
1735495
1576408
1619795
1692107
1561945
1721032
1692107
1533020
1721032
541473
607880
597664
587447
602772
597664
592555
561906
587447
602772
546581
572122
592555
582339
536365
536365
124848
133766
121504
131536
125963
123733
129307
127078
131536
133766
121504
127078
118160
119275
121504
120389
1044231
1053724
1025245
1006259
1053724
1063217
1053724
1006259
1006259
1015752
1015752
1091696
1120175
1139161
1082203
1044231
1623511
1683641
1773836
1698673
1743771
1743771
1788868
1578413
1683641
1623511
1668608
1758803
1728738
1623511
1728738
1653576
149639
143017
158908
144342
153611
146990
145666
140369
141693
154936
140369
144342
152287
158908
152287
139045
2321790
2261221
2422737
2241032
2241032
2341979
2140084
2140084
2321790
2140084
2321790
2422737
2362169
2281411
2281411
2160274
20193
22646
22268
20947
21136
20004
21702
20381
20570
20947
22646
22080
21136
21891
20193
20381
3010033
2907998
2933507
2933507
3061051
2933507
2984524
2856981
2984524
2678419
2805963
2780454
2984524
3061051
2933507
3035542
737569
791702
764635
744335
710502
730802
791702
805236
771402
724035
791702
812002
778169
778169
784936
757869
294192
262054
266998
281831
294192
286776
266998
276887
266998
291720
276887
264526
281831
266998
264526
294192
383735
348264
338590
341815
348264
354713
383735
341815
357938
351489
374061
361163
370837
338590
338590
370837
1961484
1978393
1809300
1893847
1893847
1995303
1961484
1910756
1809300
1860028
1910756
1944575
1927665
1860028
1809300
1995303
1011182
1115135
1020632
1001731
1011182
1048983
1124585
1011182
1134036
1096234
1086784
1096234
1039533
992281
1048983
1077334
1193036
1282235
1237635
1337984
1237635
1304534
1248785
1293384
1181886
1293384
1248785
1170736
1271085
1193036
1170736
1215335
1724497
1693425
1802177
1646817
1693425
1848785
1802177
1755569
1786641
1817713
1677889
1708961
1848785
1662353
1771105
1631281
355377
374082
361612
333556
367847
330439
342908
336673
358495
364729
370964
333556
370964
339791
374082
327321
190388
193849
202503
185195
199041
199041
192118
192118
186926
185195
197311
202503
188657
202503
192118
183464
1015254
1050262
953988
1041510
962740
988997
1041510
962740
1024006
918979
953988
1024006
980245
953988
1024006
988997
2183932
2183932
2017361
2165424
2017361
2220948
2035869
1980345
2128408
1980345
2035869
1998853
1961837
2202440
1943329
2165424
477870
512004
507737
507737
499203
503470
465070
507737
460803
499203
448003
460803
456536
503470
490670
499203
236530
236530
256426
238741
256426
258636
263057
260847
256426
258636
243162
254215
232109
247583
236530
263057
665438
620703
615111
648662
671030
598335
587151
631886
615111
598335
631886
615111
654254
671030
631886
648662
2517381
2453380
2453380
2432046
2538715
2304043
2368045
2282710
2560048
2496047
2453380
2474713
2453380
2453380
2453380
2346711
658458
607371
630077
607371
669811
618724
664135
630077
675488
613047
635753
675488
664135
624400
596018
607371
2501361
2525183
2739586
2549006
2763408
2858698
2572828
2620473
2644296
2715763
2549006
2811053
2620473
2691941
2739586
2549006
1822076
1711167
1885452
1742855
1790387
1806231
1663634
1790387
1679478
1822076
1742855
1837920
1727011
1837920
1758699
1885452
1199528
1274499
1156688
1199528
1124558
1242369
1274499
1253079
1210239
1178108
1199528
1220949
1231659
1145978
1156688
1220949
2551665
2667650
2574862
2690847
2760438
2574862
2505271
2598059
2760438
2783635
2667650
2551665
2528468
2435680
2760438
2482074
184997
186552
171006
181888
186552
164787
175669
169451
181888
169451
177224
180333
172560
171006
164787
180333
1106235
1096269
1116202
1146100
1175998
1096269
1136134
1185964
1046439
1166032
1156066
1185964
1166032
1086303
1126168
1126168
1069546
1069546
1079358
1138232
1118607
1167669
1049921
1089170
1167669
1108795
1177482
1138232
1040109
1148044
1098983
1167669
2841607
2817111
2621138
2572145
2768118
2915097
2645634
2768118
2645634
2768118
2670131
2915097
2670131
2841607
2645634
2719124
3086272
2904726
3086272
3034402
2982531
2826921
2930661
2826921
2775051
3034402
3060337
2723181
2723181
2956596
3112207
3086272
2046627
2199646
2295283
2257028
2180519
2065754
2008372
2257028
2295283
2142264
2257028
2142264
2065754
2180519
2104009
2257028
1694365
1709493
1800262
1588467
1664108
1679236
1664108
1679236
1815391
1633852
1588467
1724621
1754878
1679236
1664108
1694365
2588719
2394565
2480855
2416137
2588719
2372992
2351419
2459283
2394565
2329847
2459283
2372992
2394565
2567146
2372992
2502428
259224
263618
230666
235059
254831
237256
257027
263618
239453
232862
230666
241650
263618
239453
254831
246043
70722
75865
67507
68150
68793
73294
76508
70722
70722
77151
68793
72008
67507
70079
71365
75222
2028971
1973128
2233730
1991742
2084815
2084815
2122043
2196501
2159272
2066200
2122043
2084815
2122043
2047586
2159272
2066200
2792114
2768250
2863707
2863707
2744386
2696657
2839843
2601201
2863707
2720522
2625065
2648929
2648929
2672793
2601201
2529608
405235
363672
367136
377526
405235
394844
405235
405235
415626
380990
387917
408698
412162
387917
363672
380990
1356895
1418572
1344559
1393901
1381565
1480249
1319888
1430907
1418572
1344559
1356895
1480249
1344559
1295218
1344559
1307553
446086
418695
453912
418695
457825
461738
430434
410869
453912
461738
418695
446086
442173
438260
410869
414782
969676
994539
944812
936524
944812
870222
911661
870222
961388
911661
903373
953100
986251
944812
895085
936524
1491920
1518094
1505007
1413398
1557355
1465746
1505007
1478833
1531181
1452659
1452659
1387224
1413398
1465746
1413398
1387224
2432503
2545119
2522596
2522596
2545119
2545119
2567642
2612688
2612688
2680258
2590165
2455026
2612688
2702781
2545119
2387457
116820
132397
127946
125721
122383
130171
129059
127946
126834
123496
133509
133509
127946
132397
129059
123496
1556279
1463168
1396660
1556279
1582882
1476469
1463168
1582882
1463168
1556279
1556279
1409962
1489771
1542977
1409962
1396660
2252358
2479660
2417669
2335013
2252358
2479660
2293686
2417669
2335013
2479660
2458996
2211030
2293686
2252358
2355677
2169703
1398547
1462700
1385716
1526854
1411378
1437039
1347224
1385716
1539685
1449870
1360055
1347224
1462700
1398547
1449870
1372885
2210102
2286975
2114010
2056355
2152447
2306193
2017919
2075574
2114010
2114010
2094792
2017919
2306193
2114010
2267757
2190883
2158092
2237288
2276886
2217489
2237288
2237288
2316484
2257087
2078896
2296685
2237288
2158092
2138293
2336283
2356082
2276886
2390804
2390804
2346530
2501490
2501490
2368667
2479352
2612175
2368667
2346530
2457215
2479352
2390804
2501490
2545764
2656449
2640114
2354101
2420104
2420104
2332100
2354101
2420104
2354101
2640114
2574111
2420104
2618113
2530109
2640114
2640114
2618113
1113068
1144570
1144570
1113068
1155071
1134070
1249577
1155071
1260078
1176072
1186573
1218075
1228576
1155071
1123569
1260078
601973
586669
561161
561161
556060
576466
576466
550958
586669
556060
571364
596871
612176
601973
601973
540755
571178
551311
536411
571178
596012
596012
586078
586078
591045
536411
546344
596012
551311
576145
526477
531444
262351
257537
271978
257537
255130
284013
267164
279199
284013
271978
257537
269571
276792
255130
252723
267164
1456058
1494042
1468720
1506704
1342106
1418074
1468720
1468720
1342106
1342106
1468720
1430735
1418074
1456058
1468720
1494042
2329234
2661982
2462334
2440150
2551066
2462334
2417967
2417967
2617616
2573250
2661982
2373601
2417967
2573250
2506700
2573250
3068553
3174366
2883382
2909835
3174366
2962741
3095006
2830476
3095006
3147912
3121459
2909835
2909835
3174366
2777570
2909835
173420
175041
194490
171799
171799
188007
176661
194490
188007
192869
178282
191248
171799
170178
179903
186386
2239944
2138128
2341759
2138128
2362123
2382486
2362123
2321396
2178854
2158491
2362123
2178854
2362123
2402849
2443575
2260307
2832118
2935104
2729132
2832118
2883611
2806371
3012344
2729132
3089583
2729132
2909357
2883611
3063837
2754878
2909357
3063837
2221997
2202676
2318606
2279962
2028780
2144710
2086745
2202676
2048102
2164032
2202676
2125389
2221997
2164032
2067424
2241319
522865
496278
491847
465261
469692
487416
469692
478554
487416
491847
496278
482985
514002
514002
514002
469692
2085678
2048763
2067220
2214879
2104135
2048763
1956476
2141050
2159507
2122592
2122592
2196422
1974934
2048763
2159507
1993391
434295
422662
449806
414907
457561
430418
449806
445928
407152
411029
422662
411029
465316
449806
418785
457561
1552814
1552814
1487570
1409276
1383179
1487570
1565863
1487570
1487570
1487570
1474521
1422325
1461472
1565863
1487570
1383179
54555
56594
56594
53535
61183
55064
57614
58633
58124
57614
55064
56084
56084
57104
59143
58633
1040597
1030780
1070048
1089682
1050414
1040597
1079865
1138767
1030780
1178035
1128950
1128950
1079865
1119133
1099499
1119133
897043
987571
864124
946422
979341
864124
880584
872354
929962
913503
946422
897043
946422
971111
987571
905273
1300666
1386559
1288396
1374289
1374289
1423371
1386559
1288396
1300666
1411100
1325207
1472452
1472452
1337477
1288396
1349748
1986027
1949248
2041194
1967637
2114751
1986027
2077972
2096361
2114751
2206696
2096361
2022805
2077972
2077972
1949248
2022805
1191986
1171074
1097882
1150162
1181530
1244266
1181530
1171074
1181530
1139706
1171074
1160618
1118794
1244266
1171074
1150162
2012029
1887390
1923001
2029834
2029834
2047640
2029834
2029834
2118862
2047640
2047640
2101057
2047640
1940807
2065446
2047640
1651857
1610561
1472906
1541733
1651857
1486671
1445375
1541733
1596795
1624326
1472906
1651857
1445375
1638092
1527968
1624326
