3501480
3657101
3086489
2749310
2956805
3242111
2930868
3397732
3475543
2801184
3190237
3216174
3242111
2723373
3345858
3475543
242048
208790
238353
234657
195856
221724
218028
238353
229114
214333
214333
223571
247591
227267
219876
205094
2364655
2862477
2426883
2302427
2924705
2841734
2509853
2903962
2655051
2198714
2281684
2675794
2820992
2862477
2240199
2219457
1370279
1360491
1086435
1389854
1027709
1154949
1203888
1027709
1272402
1076648
1057072
1243039
1057072
1223463
1389854
1233251
1275368
1484065
1530442
1495659
1669573
1252180
1217397
1414499
1437688
1634790
1298557
1681167
1333339
1530442
1518848
1681167
1331613
1248388
1569402
1355392
1248388
1533733
1664517
1295945
1688296
1676406
1462397
1557512
1414839
1640738
1379171
1569402
1196805
1246672
1146938
1446140
1356379
1386299
1436166
1126991
1047204
1316486
1176858
1286566
1166885
1166885
1146938
1376326
1031109
1152967
1274825
1012361
1143593
1115472
1040482
1209209
1265452
1190462
993614
993614
1209209
1181088
1124846
1237331
1859294
2194302
2395307
1976547
1976547
2160801
2211052
2060299
2026798
1892795
2010048
1809043
2177552
2278054
2412057
2160801
2417780
2791437
2615598
2681538
2307881
2945295
3011235
2373820
3077174
2901336
2351840
2329860
2461739
3077174
3121134
2439760
2435770
2229348
2435770
2497696
2270633
2373843
2435770
2311917
2332559
2889896
2559622
2580265
2807328
2580265
2972465
2456412
2812177
2627435
2853230
2750596
2545328
2750596
2606908
2689016
2340059
2586381
2668489
2771123
2627435
2627435
2771123
2894284
2272914
2008621
2184816
2079099
2413870
2131958
2149577
1973382
1973382
1920524
1991002
2096719
1867665
2466728
1991002
2114338
467165
538428
562182
471124
522591
419657
506755
494878
415698
479042
570100
494878
562182
431534
522591
562182
329717
335767
396265
366016
408365
393240
432564
356941
375091
411390
335767
414415
399290
329717
387191
359966
1887957
1643474
1752133
1521232
1792880
1616309
1738551
1738551
1942287
1765715
1670638
1724968
1969452
1860792
1874375
1901540
1477608
1121305
1121305
1404251
1393772
1288977
1404251
1110825
1163223
1341374
1184182
1142264
1110825
1425210
1414731
1509046
107860
96466
107860
110139
84313
104822
90390
85072
100264
81275
89630
92668
93428
101024
97226
85072
2689646
2751715
2627577
2855163
2296544
2627577
2668957
2896542
2917232
2710336
2979300
2544819
2482750
2875853
2813784
2689646
1802296
1462733
1554154
1854537
1449673
1436613
1697815
1436613
1802296
1410492
1449673
1736995
1528034
1384372
1567214
1854537
168218
198671
168218
165318
194321
158067
210273
158067
162417
163868
200122
189970
160967
197221
185620
203022
2351794
2804893
2330218
2653860
2502827
2481251
2999077
2351794
2416523
2934349
3020654
2308642
2999077
2416523
3042230
2697012
2007915
2385472
2231017
2007915
2265340
2025077
2007915
1853460
2196693
2162370
2093723
2282502
2454118
2368310
1939268
1939268
628979
489205
580932
589667
554724
576564
467366
502309
458630
624611
598403
602771
467366
554724
497941
484838
2129032
2081720
2081720
2144802
2270967
1892473
1892473
1797849
2144802
2129032
2207885
1987096
1703225
2081720
1860931
2192114
1260379
1205099
1459386
1459386
1238267
1404106
1514666
1448330
1249323
1448330
1282491
1359883
1359883
1160875
1481498
1525722
1461712
1245543
1348481
1379362
1183781
1399949
1327893
1080843
1204368
1245543
1142606
1235250
1389656
1379362
1276425
1163193
1137315
1207150
1406679
1117362
1276985
1426632
1087433
1067480
1187197
1326867
1057503
1177221
1247056
1326867
1217126
1047527
2666756
3442540
2909188
2884945
3466783
3175864
2860702
2569783
3442540
3006161
3418296
2957675
3345567
3321323
3054648
2933432
1852816
2295525
2033179
1721644
2065972
1754437
2147955
2147955
1934799
2279128
2147955
2311922
1885610
2361111
2115162
2246335
457774
352387
474240
431427
372147
461067
418254
362267
395200
398494
349094
345800
378734
461067
372147
441307
1055969
1038658
978070
1159835
1090591
1203113
1255046
1211768
995381
1142524
1081936
960759
1107902
1168491
969414
1125213
1952267
2134258
2001901
2183892
2332794
1952267
2068080
2134258
2084624
2332794
2200437
2200437
2183892
2051535
2084624
2299704
2855550
3038934
3405702
2881748
3510493
3196120
3720074
3667679
2907945
3143725
2803154
3746272
3065132
3143725
3353306
3667679
2802773
2729016
2974873
2876530
2729016
3024044
2655258
3024044
2901116
2802773
3515759
3024044
3269902
3466587
2950287
3146973
935493
786357
881262
949051
894820
766020
793135
779578
928714
935493
928714
860925
901599
779578
867704
908377
1929784
1912706
2220106
2117639
2305494
1810240
2339650
2373805
2322572
1981017
2339650
1981017
1929784
1998095
2049328
1946862
801549
858351
896220
801549
826794
662698
763680
725812
675320
751057
839417
694255
883597
662698
915154
732123
425364
540650
465118
552576
568477
433315
488970
564502
441266
465118
576428
560527
520773
540650
560527
560527
1692172
1692172
1781909
1833187
1538338
1858826
1435782
1807548
1717811
1602436
1384504
1820367
1371685
1346046
1833187
1397324
3693212
3180266
2872498
3359797
2872498
3154619
2923793
2692967
3616270
3590623
3180266
3693212
3128971
2795556
3180266
3616270
294418
339282
330870
389754
392558
336478
384146
392558
350498
384146
370126
322458
392558
344890
358910
381342
2676377
2772823
2652266
3399722
3399722
2700489
3423834
3351499
3351499
2531708
2555820
3351499
3182719
3447945
2700489
3375611
389402
389402
445502
429002
369602
425702
405902
448802
376202
471902
392702
389402
376202
475202
402602
458702
242063
190447
201126
252742
234944
227824
236724
190447
247403
238503
226044
224264
215365
233164
208245
227824
363544
350276
289243
366198
374159
355583
302511
331701
344969
315779
337008
360890
297204
350276
289243
307818
336819
389351
355360
395531
383171
423342
417162
349180
429522
342999
339909
435702
352270
423342
330639
429522
719220
693302
874727
894165
816411
933042
686822
803453
842329
680343
939521
887686
920083
926562
758096
829370
234673
271405
273445
248958
236714
242836
271405
285689
228551
267323
287730
244876
273445
228551
236714
242836
2606378
3093552
2996117
3069193
3215345
3532008
2947400
3117911
3507649
2825606
2582020
3361497
3385856
3093552
3215345
2825606
222850
205967
226226
238044
194149
177267
239732
185708
243109
212720
211032
178955
227915
180643
194149
192461
757766
970224
764848
899405
793176
835667
771930
906487
948978
885241
913568
814421
991470
892323
892323
977306
420475
451913
440124
506928
518717
447983
538366
432264
444053
487280
420475
463702
546225
514788
506928
538366
1997262
1759493
1822898
1902154
1933857
2044816
1759493
2235031
1775344
2203329
2266734
1807047
2266734
2298437
1918006
2028965
890398
867171
851686
1107191
1068478
820715
975567
983310
867171
898141
820715
1045251
1099449
1068478
1006538
890398
3316821
2928131
3394559
3757337
3290909
3394559
3653686
3601861
2798568
3420472
2979957
3290909
3550035
2954044
3083607
2746743
859113
729564
845476
763656
750019
975025
893205
865931
927296
940933
865931
750019
811384
763656
763656
722746
1493245
1240865
1451181
1377571
1272413
1346023
1461697
1114675
1440665
1324992
1398602
1282928
1430150
1398602
1514276
1482729
676842
892200
886047
719913
812210
855282
806057
707607
738373
726066
695301
732220
670688
812210
892200
756832
2748424
2191051
2748424
2613885
2094952
2421688
2748424
2633105
2652325
2479347
2690765
2440908
2729204
2479347
2191051
2537007
2321883
1840307
2201489
2029498
2493875
2235888
1995100
1926303
2098295
2442277
2373481
2493875
2167091
2493875
1840307
1857507
2505515
2821526
2370082
2798954
2866670
3182681
2934387
2392654
2844098
3114964
3182681
2776381
2482943
3250398
2550659
2956959
976531
992410
1143256
1000349
992410
833624
1079742
1119438
1047984
1071802
992410
841563
936835
1095620
881260
1103559
2273612
2233012
2699914
2720214
2943515
2273612
2578113
2618714
2334512
2537513
2375112
2151811
2212711
2598414
2293912
2456313
3705274
3392152
3783554
3626993
2922469
3079030
3313871
3026843
3548713
3757461
3052937
3209498
3626993
3783554
3287778
3522619
2407634
3036656
3036656
3014965
2472705
3101727
2841442
2602848
2277492
2342563
2884823
2624538
2841442
2537776
3058346
2320872
3114365
3092278
2893488
3026014
2562173
2849313
2871401
2407559
3136453
2893488
2473822
2385471
2451734
2540085
3003927
2584260
2433171
2477011
2761977
2696216
2630455
2981182
2981182
3003103
2827739
2542773
2981182
2345489
2367409
2477011
2345489
3156546
598427
619799
609113
561025
732004
657201
705289
651858
614456
614456
710632
753377
748034
667887
619799
587741
2788735
2320696
2223188
2379201
2242689
2320696
2340198
2632722
2808237
2203686
2320696
2164683
2613221
2710729
2730231
2320696
2127149
1917921
1952792
2127149
1830743
2510733
2475862
1987664
2214327
2179456
2109713
2318941
2057406
2092278
2022535
1970228
2487869
2037168
1892944
2578009
2361673
2091252
2073224
1983084
2235476
2523925
2145336
2055196
2325617
2253505
1983084
2145336
1645478
2099943
1786519
1880546
1849203
2131285
2209642
1943231
1927560
1817861
2005916
2084272
2272326
1708162
2021587
2021587
1451459
1189390
1088594
1179310
1159151
1088594
1169231
1360743
1088594
1390982
1189390
1411141
1088594
1461539
1068435
1300265
454742
505269
513690
522111
463163
450532
505269
538954
564217
484216
610534
551585
471584
551585
458953
488427
48002
43120
57358
43120
48409
54511
49222
51663
58986
52884
48409
52884
53290
55731
47188
50850
53406
51428
48263
55384
51823
42329
53406
43911
44307
42724
56175
48658
51823
46285
44702
45098
2026498
2083316
2253769
2064377
2462101
2499979
2102255
2537858
2405283
2026498
2594675
2424222
2178012
2310587
2140134
2462101
384572
349073
354990
346115
316532
399363
363864
319491
334282
384572
352031
396405
360906
384572
316532
337240
924605
1114268
869287
885092
1114268
1011534
1066852
1074754
1122170
1082657
885092
1043144
1019436
885092
829774
940410
2273569
2360181
2966466
2446793
2879854
2295222
2988119
2684976
2663323
2273569
3031425
2533405
2836548
2490099
3139690
2446793
239302
224448
219497
227749
204644
211246
234351
236001
198043
237651
226099
216197
189791
217847
217847
186490
9653
8807
7609
8455
9653
8877
8173
10216
9300
9300
10146
7398
7750
8948
10005
7539
1696317
2142717
2157597
1681437
1621917
2157597
1785597
1666557
1979037
1815357
1859997
1993917
2053437
1919517
1874877
1904637
257685
257685
282769
246283
330658
330658
294171
282769
285050
246283
326097
248563
296452
285050
287330
321536
1805918
2314859
2314859
2249189
1740248
1723831
1888005
2249189
1805918
2150684
1904423
2052180
2216354
2298441
2035762
1838753
2579904
2579904
3002839
2875959
2770225
2833665
2854812
2706785
2262703
3023986
2791372
2812519
2981693
2474170
2601051
2897106
2445397
1915276
1932376
1915276
2223088
2257289
2052081
2257289
1966578
1898175
2154685
2034980
2017880
2103383
2137585
2445397
2803427
2712258
3168100
3145308
2643882
3168100
2757842
2757842
2985763
2712258
2598298
2598298
3122516
2643882
2757842
3122516
305635
222859
233471
227104
307758
227104
246206
297145
246206
292900
301390
301390
222859
239839
239839
250451
2495680
2097818
2387172
2278664
2549934
2061648
2097818
2097818
2206326
2513764
2423341
2206326
2224410
2568018
2314833
2115902
3053591
3371164
2980305
2784875
3468879
3346736
2711589
3346736
3200163
3542165
2980305
3468879
3273449
3053591
3468879
3297878
1132812
1230163
1132812
973511
955810
982361
1141662
1168213
1008911
1203613
964660
946960
973511
1088562
1159363
955810
3343755
2603352
2627236
2842192
2746656
2627236
2794424
2937728
2770540
2913844
3295987
2746656
2627236
3224335
3343755
2961612
1967328
2053488
1852447
1909887
2010408
2053488
1507806
1938608
1593966
1593966
1665766
1996048
1665766
1909887
2010408
1823727
2302994
2551967
2178508
2593462
2904678
2365237
2946173
2344490
2904678
2842434
2344490
2261499
2282247
2634957
2531219
2925425
422416
432473
449236
429121
455941
382186
392243
482761
372128
362071
352013
449236
459293
398948
398948
405653
2690585
2755159
3013455
2346190
2324665
2389239
2260091
2948881
2604486
2669060
2260091
3078029
3078029
2324665
2712109
2582961
1211654
1321804
1222669
1343834
1299774
1431955
1498045
1431955
1244699
1211654
1431955
1531090
1531090
1167594
1167594
1189624
1545024
1465792
1769515
1901568
1914774
1545024
1848747
1756310
1914774
1875158
1478998
1677078
1690283
1795926
1452587
1597846
1687419
1687419
1699647
1516232
1504004
1650736
1614053
1589598
1687419
1711875
1589598
1418410
1736330
1662964
1418410
1357272
616014
638015
654515
682016
704016
748017
693016
742517
643515
715016
759017
698516
594014
643515
682016
786518
1168377
915092
1103013
1176547
1045820
923263
882410
1062161
1111183
980456
1111183
1168377
1111183
898751
1152036
1062161
1602252
1366956
1378160
1591047
1198887
1389365
1490206
1210092
1422979
1479001
1557433
1557433
1591047
1221297
1467797
1366956
626838
698477
650718
764145
776085
746236
686537
793995
805935
865634
823844
746236
680567
668627
782055
704447
488306
491950
437289
444577
455510
466442
393560
473730
473730
495594
510171
502883
408136
426357
481018
495594
2647744
2409013
3125206
2886475
2734555
2951583
2626041
2409013
3038394
2495824
2409013
2756258
2994989
2365607
2474121
2994989
1696775
1779544
1972673
1462261
1600210
1807134
1476056
1545031
1986468
1627800
1765749
1614005
1945083
1448466
1945083
1779544
2029605
1999976
2133308
1881459
1733312
1881459
2044420
1925903
1881459
1585166
2059234
1748127
1599981
1629610
1629610
2044420
37210
32799
37210
36107
39139
33902
29768
30043
31973
30319
35005
35005
31146
29768
39966
31146
1308622
1347396
1289235
1075978
1211687
1037204
1337703
1405557
1318315
1172913
1211687
1357090
1308622
1289235
1337703
1153526
2783301
2303421
2226640
2418592
2495373
2226640
2552958
2418592
2495373
2226640
2380202
2437787
2552958
2245836
2361007
2668130
2544288
2524866
2466600
2660820
2660820
2039315
2175269
2214113
2097581
2641398
2155847
2039315
2350068
2175269
2311223
2097581
238945
212783
249410
240689
244178
211039
183133
231969
197086
242434
251154
205807
223248
235457
251154
202319
2951830
3522352
3026246
3497547
2852609
3398326
2728583
2703777
3299104
3175078
2951830
3075857
2827804
2604556
2728583
3199883
2795541
2756167
2657732
2519924
2716793
2480550
2323055
2677419
2677419
2638045
2598672
2421489
2559298
2165560
2697106
2421489
473896
366044
437945
441213
398726
473896
415067
405263
421604
451018
372580
421604
437945
467359
467359
401994
196723
221990
189504
232819
212966
258086
205747
252671
225600
249062
191308
221990
212966
207551
232819
229209
2235376
2674095
2381616
2757660
2569638
2945683
2632312
2318942
2715878
2674095
2318942
2757660
2966574
2820334
2444290
2444290
2216352
2130447
2096085
1889913
2250714
2147628
2319439
1889913
2061723
1924275
2439706
1975818
2216352
2405344
2267895
1804008
1799307
1664359
1934255
2039215
1844290
1754324
1964244
1739330
1769319
2054209
2039215
1574394
2024221
1664359
2174163
1949249
2303434
2357846
2575493
1940688
2430395
2629905
2502944
2303434
2557356
1995100
1904414
2049512
2285297
2629905
1995100
2230885
17562
16048
21953
17108
20893
16805
18016
16199
21347
20741
18773
19227
20590
19530
21044
20136
98878
126004
105878
105878
119004
115503
126879
101503
125129
95378
118129
123379
103253
118129
109378
119004
861564
915411
895219
881757
922142
760599
895219
901949
834640
774061
753868
780792
955797
875026
908680
800985
2584928
2960516
2584928
2408181
2607022
2341901
2319808
2872143
2430275
2894236
3004703
2783769
2341901
2518648
3026797
2982610
3031543
2557864
3268382
2960491
3339434
3386801
2699968
3268382
2865755
3102594
2771019
2557864
2842071
2628916
3173646
3363118
2616467
2672938
2145880
2183527
2541173
2108233
2428232
2428232
1976468
2654114
2334115
2221174
2277644
2239997
2334115
2635291
1470701
1734673
1445561
1734673
1420421
1621542
1357570
1646683
1621542
1395281
1646683
1571262
1621542
1797524
1470701
1810094
3493351
3517780
3029199
2931483
3029199
2613906
3004770
3297919
2613906
2589477
3224631
2955912
2736051
3249060
2858196
3224631
2028541
1854666
1724260
1811197
1912624
2057520
2086499
2086499
1999562
1854666
1579364
1535895
2043030
2014051
1680791
2043030
2318224
2472772
2180847
2266707
1940439
2112159
2249535
2455600
1940439
2489944
2232363
1940439
1888923
2009127
1871751
2335396
3194997
2958331
3336997
3289664
2745331
2532331
2674331
2532331
3336997
2579664
2721664
3194997
3242331
2532331
3052997
2792664
3287542
2895000
2796864
2944068
3361144
2993135
2747796
3434746
3459279
2698729
2796864
3140339
3508347
3115805
3164873
2576059
2889645
2333944
2511768
2978557
2533996
3223065
2845189
2822961
3223065
2711820
2378400
3200837
3134153
2978557
2511768
2822961
2924050
2944788
3007002
2675195
2633719
2861837
2301912
2882575
2861837
2281174
2737409
2198222
2841099
2716671
2467816
2384864
393380
343843
378810
355499
375896
405036
314704
355499
349671
358413
405036
378810
390466
338015
326360
381724
147574
169641
198604
166883
180675
171020
177916
146195
169641
158608
177916
187571
150332
171020
153091
194467
1155446
1426091
1176265
1269950
1269950
1332407
1124218
1165856
1103399
1488548
1415682
1103399
1134627
1207493
1405273
1374044
2057924
2481049
2577213
2154089
2481049
2365651
2711844
2096390
2288719
2731077
2750310
2327185
2384884
2365651
2519515
2346418
717206
965211
931697
891480
898183
965211
837857
971914
938400
730611
871371
911588
730611
777531
898183
777531
2567708
2591265
3392202
2873949
2779721
2826835
3274417
2873949
2873949
3180189
3038847
2520594
2826835
2591265
3180189
3109518
516954
473546
516954
430137
572201
485385
438030
477492
548524
477492
505116
434084
505116
489331
497223
461707
947000
827748
904911
897896
848793
961030
897896
975059
834763
897896
750585
848793
757600
897896
820733
954015
1311095
1120775
1490842
1385108
1501415
1385108
1374535
1427402
1363962
1237081
1279375
1469695
1469695
1480269
1152495
1268802
1060517
1102269
1144022
1169074
1177424
993713
1102269
1185775
993713
1027115
1152373
1169074
1152373
1118971
1018764
1135672
946960
946960
1128118
963429
1078711
1086946
1045773
1037539
864616
988132
1029305
1193993
946960
1185759
881085
1021070
2502004
2432504
1998128
2258753
1963378
2467254
2328254
2293503
2345629
1841753
1876503
2519379
2432504
2154503
2137128
1928628
3310944
3234537
3387350
2852505
2954380
2699692
3438288
3489225
3209068
3692976
3565632
3565632
3438288
3030787
2699692
3260006
1470164
1294158
1118153
1439104
1335571
1459811
1356278
1418397
1449457
1408044
1242392
1242392
1304512
1408044
1356278
1387338
166150
221533
172304
166150
206149
212303
161535
210764
210764
172304
207688
186150
195380
196919
216918
195380
84178
91357
73085
72433
83526
78306
90051
86789
75043
93967
94619
71127
70475
70475
86789
81568
2033022
1660778
1503291
1889851
1660778
1517608
1574876
1803949
1961437
2075973
1932803
1560559
1961437
1617827
1975754
1947120
2748487
3089008
3356560
3016039
2626873
3016039
3016039
2651196
2821456
2748487
2699841
2626873
2918748
3502497
3186299
2797133
3262149
3052440
2563117
3075741
2516515
2586418
3378655
2702924
3285450
2935934
2866031
2935934
3005838
3215547
3355354
2539816
814234
1014091
991885
792027
821636
1014091
858647
969679
903059
784625
977081
799430
977081
792027
866049
1028896
2406132
2256914
2182306
1995784
1977132
2107697
2275567
2592654
2238262
2126349
2256914
2350175
2518045
2462089
2368828
2536697
1621282
1660507
1608207
1895854
1882779
1608207
1804330
1712806
1412084
1438234
1412084
1516683
1699731
1895854
1425159
1804330
1447297
1223817
1298310
1457938
1234459
1266384
1362161
1319594
1149324
1457938
1159966
1479222
1266384
1383445
1394087
1138682
1203437
1083093
1065901
1151861
1246417
971345
1177649
1143265
919769
988537
1126073
1117477
1126073
1186245
1177649
1194841
2576954
3180565
2530523
2785897
2901976
3296645
2762681
3273429
2530523
3041271
3226997
2925192
2460875
2739465
2484091
2832328
1441209
1839257
1811805
1976515
1894160
1798079
1701999
1715725
1935337
1880434
1743176
1811805
1852983
1880434
1523563
1866708
951253
880790
753956
979438
1021716
894882
852604
908975
923067
1000577
965345
810326
923067
859651
782141
852604
2932519
2818856
2614261
3114381
2705192
3296242
2841588
2636994
3250777
2818856
2932519
3159846
2909786
2887054
3137113
3046183
2837710
2426732
2720288
2485443
2113605
2759429
2778999
2152746
2505013
2739858
2446302
2837710
2387591
2211457
2191887
2309309
1849609
1875477
1461579
1474513
1797871
1552119
1784937
1383973
1461579
1720265
1823740
1603856
1603856
1371038
1396907
1823740
1006802
1189068
980764
1197747
1206426
1024160
920008
972084
1171709
1128312
954726
1119633
1180388
1171709
946046
1180388
1557604
1583782
1544514
1845564
1858653
1479069
1479069
1479069
1452891
1479069
1858653
1609960
1583782
1767029
1871742
1374356
2253903
1796817
2127810
1686486
1670725
2080525
2127810
1922910
1812579
1970195
2269664
1970195
1954433
1938671
1985956
1875625
193989
184149
199612
179932
164469
147600
184149
164469
186960
185555
171497
151817
150412
184149
158846
189772
538112
557859
641785
631911
547985
577606
636848
547985
705963
636848
671406
701027
552922
518365
543049
666469
2291032
2330876
2669550
2231266
2330876
2828926
2291032
2231266
2649628
2111734
2450408
2310954
2609784
2310954
2510174
2291032
1188316
1015965
979680
1279027
1242743
1034107
1025036
952467
1152032
1279027
1197387
997823
979680
1306241
997823
1206458
2270415
2578268
2443582
2462823
2635990
2424342
2405101
2559027
2635990
2501305
2578268
2328138
2424342
2655231
2732195
2058766
1893179
2189503
1810867
1728555
2321202
2337665
2041341
1942566
2189503
2189503
1975491
1942566
1893179
1959029
2074266
2156578
1778512
1793584
1793584
2185460
1914161
1627791
2185460
1733296
1868945
1808656
2095027
1657935
1612718
1899089
1853873
1582574
1723014
2041554
1607181
1824367
2041554
1766451
1737493
1708534
1896763
1896763
1694055
1650618
1563743
1824367
2056033
1534785
3423910
2891302
3677533
3144925
3347823
3144925
2739128
3170287
3297099
3094200
3398548
2891302
3271736
2789853
2713766
2739128
776254
833518
858969
744440
750803
680813
916234
801705
909871
916234
712626
852607
795342
858969
827156
744440
384403
377414
433327
471768
387898
415855
489241
429833
419349
415855
405371
499724
405371
499724
384403
377414
384691
466890
387979
430722
355099
420858
374827
450450
345235
476754
470178
368251
434010
355099
397843
430722
3174587
3590926
3512863
3408778
3668990
3382757
2862333
3252651
3616948
2862333
3278672
2862333
3747054
2810290
3330714
3512863
2380330
1897105
2076077
2541405
2219255
2237152
2093974
2451919
2344535
1950796
2219255
2505610
2595096
2451919
2272946
2469816
1547515
1674360
1357246
1547515
1357246
1484092
1395300
1331877
1369931
1661676
1357246
1382615
1775837
1598253
1509461
1598253
2423501
2349501
2460501
2608501
2109001
2109001
2331001
2164501
2368001
2238501
2072001
2238501
1998001
2405001
2442001
2534501
1790377
1760537
2088773
2073853
1835136
1909735
2148452
2118613
2118613
1850056
2163372
2058933
1894815
1924655
1835136
1581499
84807
77155
66953
72692
77793
79706
76518
78430
79068
87358
91183
83532
67590
69503
80343
72054
1701436
1838159
2172370
2172370
1671054
1944499
1716628
1625479
2096413
2141987
1671054
1883733
1640671
1990073
2035647
2172370
2607153
2824415
2686157
2725660
2133125
2725660
2409641
2409641
2172627
2389890
2765162
2587401
2863918
2370139
2251632
2607153
3164921
2893642
2622363
3006675
3097101
2509330
3210134
2531936
3255347
3142314
2780609
2622363
3232740
2916248
2961461
2780609
559484
516447
693378
502101
688596
511665
693378
688596
602521
669468
569048
502101
626431
569048
521229
683814
167013
203125
198611
168518
207638
188078
204629
179050
171527
212152
185069
210648
209143
168518
170023
198611
1278917
1269301
1326996
1038519
1134678
1105830
1307765
1211605
1105830
1067367
1048135
1365460
1182758
1288533
1394308
1355844
2365453
2496867
2065078
2496867
2102625
2196492
2177719
2553187
1989984
2496867
2196492
2647055
2365453
2403000
2252812
2665828
1189505
920347
972442
1076632
1198187
911664
946394
1258965
1189505
1137410
937712
1111362
1206870
1172140
1241600
1215552
395714
410647
433046
500243
518909
403181
433046
522642
530108
474111
530108
503976
496510
541308
503976
466645
2820610
2150968
2455351
2414767
2820610
2637980
2678565
2759733
2455351
2455351
2516227
2333598
2495935
2394474
2232137
2840902
1760070
1735280
1536962
1623726
1462593
1512172
1499778
1760070
1326250
1797254
1301460
1450198
1338644
1735280
1636121
1425408
182985
167736
135968
155029
182985
174090
142321
177902
141051
158841
153758
138509
176631
175360
163924
137238
2574971
2819149
2597169
2574971
3085526
2397387
3107724
2463981
2508377
2730357
3085526
2907941
2930139
2330793
2486179
2907941
2433898
3337918
3337918
2480258
3036578
2596158
2433898
2688878
2758418
2804778
2433898
2735238
3082938
2735238
2758418
2712058
3223480
2428960
2406260
2701367
3268882
2519763
2678667
3087277
2519763
2724068
3291582
2746768
3041876
3109978
2610565
2587864
1051358
1043079
985130
976852
1150698
1001687
1134142
1150698
1101028
877511
894068
1092750
1009966
1026522
1125863
943738
702104
696532
713249
746682
618520
768971
596231
707677
774544
601804
713249
624093
618520
741110
640809
657526
3336607
3190478
3141769
3312252
3044350
3239188
2605963
3385317
2654673
3458381
3044350
3068704
3093059
2946930
2581608
3531446
1294766
1350656
1350656
1294766
1033950
1136414
1052580
1089839
1229562
1276137
1238877
1164358
1173673
1350656
1257507
1313396
731643
710124
624048
763921
704744
624048
581010
715504
667086
591770
602529
640187
747782
758541
699364
591770
3018119
3486448
3356356
3668576
3070155
2835991
3486448
3746630
3434411
3356356
3122192
3226265
3720612
3772649
2783954
2888027
749818
805879
925009
882963
777849
812887
1016109
735803
784856
749818
918002
875956
925009
918002
742810
868948
1589252
1698855
1630353
1630353
1794758
1986565
1904362
1575551
1602952
1726256
1507049
1739957
1794758
1452247
1616653
1712556
309017
328954
326462
274128
294065
296557
309017
291573
336430
284097
281605
361351
314002
309017
261668
291573
2368774
2088998
2294167
2555292
1958435
2685854
2350123
2555292
2238212
1958435
2555292
2088998
2536640
2573944
2107650
2462033
3314657
2551571
3457736
2718496
3100039
2575417
3433890
3338504
2837728
2885421
2742342
2551571
3052346
3171579
3028500
3219272
3277287
3049697
2844867
2890385
2981421
3072456
2776590
2822108
2753831
2549001
3140733
2958662
3209010
2457965
2389688
2799349
2908829
3419150
3291570
3163990
3138474
3546730
3061926
2959861
3266054
3597763
2704701
3291570
3393634
3138474
3138474
2832281
112233
136071
142030
127132
117199
134084
113227
111240
133091
137064
119186
107267
107267
109254
134084
129118
873295
893763
968812
989279
886940
914231
784601
989279
914231
921053
941521
955166
736842
961989
716375
757310
1448372
1471003
1618103
1335218
1640734
1210748
1210748
1459687
1516264
1640734
1323902
1301272
1323902
1459687
1233379
1357849
2169174
2014233
1952256
1750833
1626880
2246644
1952256
1673362
2169174
1719845
1874786
1704351
1688856
1983244
1874786
1998738
3130245
3515111
3669058
3181561
2976299
3438138
2899325
2950641
3643400
3361165
3720373
3669058
3489453
3130245
2694063
2950641
805251
715111
655018
655018
865344
642999
679055
630980
679055
865344
733139
775204
715111
769195
685064
661027
899920
841652
919343
783384
848126
925817
783384
757487
770435
744538
731590
796332
705693
686270
776910
751013
1740265
1754300
1543784
1866575
1838506
1698162
1866575
2034988
1978850
1922712
1810437
1698162
1936747
2020953
1571852
1613955
2038635
1935970
1715973
1613308
1994635
2111967
1686640
1950636
1745306
1569309
1789305
1935970
1627974
1730639
1950636
2082634
2516633
2055841
1860890
2197623
2552078
2215346
2303960
2215346
2552078
2055841
2357128
2463465
2463465
2516633
1896336
2569801
1916447
1916447
1952951
2263233
2208477
2445751
2153721
2610018
2445751
2317988
2117218
2044210
2007706
2190225
2610018
2117218
2788505
2130108
2226931
2401212
2614223
2343119
2168837
2672317
2439942
2052649
2072014
2459306
2420577
2575494
2207566
2285025
1316049
1429147
1429147
1480556
1449711
1254360
1079572
1244078
1233796
1274923
1305768
1120698
1244078
1110417
1316049
1470274
2609776
2429099
2750302
2449174
2810528
2248422
2308648
2268497
2449174
2188196
2449174
2127971
2629851
2388948
2188196
2107896
288734
309733
359605
359605
346481
380604
380604
317608
377979
275610
325482
343856
341231
356980
320232
328107
2113916
1994582
2216202
1841152
2182106
2386679
2216202
2011629
2216202
2199154
1909343
1858200
2096868
2386679
2148011
2011629
1945802
1973599
1501047
1598337
1820715
1487149
2001396
1959701
1501047
1626135
1765120
1514946
1695627
1598337
1709526
1751222
1422860
1499084
1765871
1473676
1410156
1422860
1829391
1359339
1448268
1842095
1600717
1549901
1460972
1397452
1626126
1422860
627164
638887
808866
808866
773698
785420
849895
685777
756114
803004
849895
791282
615441
720946
685777
627164
1583517
1489679
1606977
1653896
1384111
1595247
1337192
1489679
1454490
1700815
1513139
1360652
1313733
1313733
1700815
1325462
211347
243248
275149
225303
237266
267174
215334
225303
233279
283125
245242
257205
277143
281131
277143
283125
319503
355621
311168
300055
369512
291720
327838
397295
344507
305611
305611
291720
344507
355621
383404
294498
3053693
2786216
3232010
2407290
2362711
2541029
2652477
3098272
2875375
2964534
2607898
2719347
2808505
2875375
2518739
2652477
3602504
2857158
3229831
3577659
3478280
2956538
3453435
3577659
3403745
3354056
3304366
3155297
2757779
2782624
3180142
3403745
355100
361864
368628
422738
483613
409211
395683
382155
385537
449794
382155
365246
466703
412593
388919
439648
2332365
1892934
2011242
2095748
1876033
2332365
1876033
2011242
2366168
2366168
2095748
2028144
2011242
2078847
1994341
1859132
1015421
742308
854355
903375
812337
770320
973404
812337
861357
959398
903375
1008419
945392
931387
742308
966401
957244
748268
741527
734786
748268
781974
835903
876350
714562
916797
923538
761751
923538
761751
923538
829162
2393559
2945918
2168523
2782256
2168523
2905003
2679967
2823172
2434474
2966376
2475390
2291270
2536763
2311728
2495847
2884545
2299221
2417563
2113255
2366845
2417563
2434469
1859664
2299221
2197785
2265409
1944194
2316127
2248503
1775134
1944194
2400657
1646918
1910425
1633743
1620568
1554691
1594217
1673269
1686444
1396587
1383411
1897250
1422937
1699620
1765496
1870899
1554691
79913
92729
99514
106299
88206
106299
101776
108561
88960
94991
85190
88206
85944
85944
108561
99514
1103497
1002473
1002473
815966
1119039
815966
1126810
847050
839279
986930
948075
1126810
870364
1041328
963617
1126810
2269291
1989994
2182011
2182011
2391484
2443852
2024906
2321659
1972538
2164555
2147099
1972538
2216923
1937625
2129642
1920169
602297
618147
612863
760796
591730
760796
707963
623430
697396
565314
607580
718530
713246
681546
702680
560030
2780740
2691756
3225658
3069936
2847477
2802985
2358067
2669510
2380313
3158920
2669510
3225658
2847477
2736248
2424805
2780740
1168619
1216909
1342463
1274857
1178277
1361779
1265199
1323147
1207251
1072039
1110671
1226567
1226567
1207251
1120329
1081697
1220886
1553855
1553855
1531657
1498360
1587152
1576053
1231985
1576053
1453965
1487261
1320777
1420668
1609350
1231985
1453965
547638
657165
701972
562573
537681
547638
542659
692015
587466
617337
622316
532702
617337
692015
602402
567552
103814
107746
86511
84938
108532
109319
83365
82579
93589
103814
95162
88084
109319
104600
86511
110105
2761460
2968569
3106642
2807484
3175679
3336764
3060618
3198691
3313752
2968569
2876521
2416277
3198691
2853509
2600375
3060618
2648831
2719782
3311039
3192787
2743432
2530579
2767082
3240088
3381990
3027235
2530579
3381990
2696131
2506929
2885334
2554230
22386
19863
18129
17341
16710
21913
17499
19075
18445
18602
21282
18602
18445
18760
22859
18918
342242
290906
332464
339798
325130
325130
354465
352020
354465
256681
290906
264015
288461
344687
286017
342242
661979
666811
541180
546012
628156
623324
676475
690971
555676
589500
541180
628156
690971
613660
521852
700635
2295907
2278774
1970368
2295907
2415843
1901834
2415843
2141705
1833299
2090304
2158838
2124571
2141705
2467244
2398709
2004635
1434234
1821865
1460076
1511760
1537602
1705575
1653891
1395471
1692654
1589286
1640970
1447155
1628049
1796023
1447155
1770181
2746508
3300628
3011522
3372905
2963338
3180167
3469273
2915153
2915153
2963338
3493366
2963338
3421089
3324720
2674231
3276536
1400771
1522577
1522577
1656564
1705286
1327687
1291145
1522577
1473855
1498216
1583480
1595661
1364229
1339868
1534758
1449493
550671
486359
458223
454203
558710
554691
430086
550671
466261
494398
550671
554691
442145
550671
510476
530574
2254167
2700747
2275433
2424293
2530621
2296698
2764544
2573153
3040999
2658216
2317964
2658216
2488090
2743279
2722013
2488090
862183
944296
1141366
1116732
1141366
1141366
1141366
936084
1124943
1166000
1009986
1141366
1108521
1108521
936084
878605
1465080
1217309
1540488
1443535
1378899
1228082
1508171
1335808
1325035
1562034
1540488
1562034
1411217
1346581
1432762
1346581
139240
146699
146699
133024
136754
150429
154159
177780
152916
139240
142970
161618
131781
140483
170321
176537
1882253
1559180
2036767
1488947
1517040
1812020
1741787
1783927
1502993
2022720
1980580
1783927
1854160
1545133
1601320
1980580
2178616
2144307
2264388
2212925
2075689
2264388
2212925
2230079
1818372
2264388
2127153
2161461
2109998
1852681
2007071
2453087
1491071
1320663
1288711
1235459
1405867
1427168
1501721
1299362
1352614
1544323
1224808
1448469
1139604
1491071
1331313
1160905
1565485
1426331
1356754
1588678
1217599
1298773
1565485
1403138
1345158
1658255
1565485
1577081
1403138
1507504
1437927
1287177
1309947
1200021
1309947
1053454
1154219
1236663
1154219
1273305
961849
989330
1227502
1172540
1090095
1300786
1190861
1016812
985551
761253
822426
849613
815629
761253
754457
890395
802035
774847
937973
965161
931176
931176
802035
937973
1213306
1141935
1192914
1376439
1447810
1141935
1243893
1121543
1417223
1090955
1131739
1366243
1264285
1131739
1121543
1345852
2625228
2745467
2504988
2164310
2424829
2324629
2484948
2725427
2545068
2885747
2585148
2885747
2304589
2164310
2304589
2464908
3631275
3760963
2723456
2879082
3709088
3371898
3657212
3138459
3397836
2879082
3345960
2775331
3086583
3138459
3345960
3475649
1938974
1893530
1666306
2166198
1651158
2120753
1923826
1893530
1938974
1787492
2075308
1742047
2060160
2166198
1984419
1999567
643210
724244
688792
587499
536852
536852
693857
633081
577370
729309
597628
643210
683727
638145
683727
724244
2382148
2084380
2200179
1968581
2018209
1869325
2398691
1786611
1770068
2282892
1968581
1885867
2398691
1836239
1885867
2134008
295129
256739
309526
266336
285532
347917
343118
266336
273535
283132
285532
256739
261537
343118
323923
271135
2628047
2711477
2815765
2794907
2440329
2502902
2982625
2482044
2294327
2502902
2982625
2356899
2252612
2648905
2940910
2440329
1396109
1632547
1306038
1328556
1362332
1328556
1238484
1351074
1407368
1418627
1396109
1407368
1215966
1542476
1632547
1204707
1229839
1007784
999244
1195677
973622
1041947
1195677
1161514
1152974
1101730
1007784
1144433
922379
1152974
1221298
1101730
3378714
2986979
3354231
2962496
2889045
3476648
3109396
2693178
2644211
2889045
3011463
3133880
3280780
2791112
3525615
2668694
2632212
3177626
2489931
2513644
2608499
2869349
2821921
3319908
2679640
3319908
3225053
3035344
3367335
2916776
2727067
2513644
1122982
1164885
896710
1173265
963754
879949
1190026
972134
1215168
1190026
913471
972134
879949
1139743
879949
1164885
364970
402329
405202
316115
376465
344853
324737
307494
344853
327610
362096
301746
396581
350601
379338
324737
2137438
2051941
1932244
2359732
2017742
2479428
2137438
2034841
1812548
1932244
2411030
2411030
2051941
2171637
2017742
1915145
1542543
1554055
1438940
1369870
1508009
1600101
1381382
1231732
1577078
1220221
1358359
1243244
1346847
1623124
1335336
1496497
194969
155695
151487
194969
196372
157097
178137
203385
197775
199177
147279
155695
185151
148681
158500
169721
1223647
1444305
1163468
1444305
1123348
1263767
1414215
1364066
1293857
1384126
1163468
1384126
1053139
1103289
1153438
1163468
907058
816996
849161
714067
932790
932790
797696
714067
836295
881326
752665
836295
842728
932790
688335
810563
843629
757103
915734
793156
785945
1009471
1031102
915734
814787
764314
879682
987839
843629
1045523
915734
901313
1129581
1247918
1258676
1226402
1194129
1280192
1312466
1344740
1538382
1172613
1129581
1549140
1398529
1549140
1559898
1247918
3104915
3236479
3473294
3473294
2841786
3394356
3262792
3210166
3131227
3446982
3368043
3210166
3815361
3631171
2868099
3710110
57808
56853
55897
64975
65453
54942
53509
52075
65453
57808
66408
58286
57808
55897
58286
53509
2919687
2641621
2780654
2525761
2757482
2966031
2826998
3359957
2525761
3290441
2780654
2548933
2572105
3336785
3105064
2479416
1341673
1192598
1309728
1458803
1501396
1150005
1160653
1384266
1213894
1384266
1394914
1458803
1224543
1139357
1405562
1480099
2669964
2312567
2922244
2480754
2648940
2733034
2901220
2964290
2754057
2207450
2922244
2228474
3027360
2775080
3006337
2838150
224716
208916
212427
217694
205405
221205
208916
224716
207160
251050
205405
187849
201893
240517
224716
233494
323538
264926
260237
276648
304782
290715
300093
330571
318849
269615
339949
260237
307126
262581
311815
321193
1891156
1877352
1753115
1684095
2001588
1808331
1877352
1863548
1794527
1532250
1573662
1794527
1573662
1808331
1863548
1504642
2725863
2959508
3582562
3037390
2933547
3037390
3271035
3764287
2959508
3011429
3037390
3063350
3582562
3582562
3322956
3764287
2596292
2578262
2434024
2253726
2289785
2560233
2452054
2542203
2614322
1893130
2289785
2091457
1893130
2506143
1965249
2343875
663078
728838
739798
789118
663078
712398
756238
794598
580878
575398
580878
586358
646638
739798
591838
580878
1586710
1586710
1533820
1388371
1586710
1666046
1441262
1785049
1758604
1890830
1560265
1401594
1639601
1441262
1626378
1851162
1690459
1544520
1508035
1556682
1629651
1410743
1422904
1325612
1520197
1666136
1313450
1374258
1556682
1544520
1702621
1495874
22271
27574
26089
30331
30119
25665
25665
22907
27150
29059
27574
23544
30331
24604
29907
25665
3582796
3343942
3211246
3237786
3635874
3821649
2786619
2786619
3370482
3503178
2813158
2892776
3343942
3529717
3131629
3556256
201728
244573
196373
212439
198158
212439
255285
249929
217795
242788
208869
210654
199943
192802
187447
221366
1359588
1405676
1301979
1624593
1590027
1221325
1578505
1348066
1474808
1659159
1405676
1301979
1232847
1382632
1371110
1382632
2005303
1831615
2273729
1768456
1721087
1926354
1847405
1847405
2273729
2084252
2147411
1957933
1989513
1989513
1957933
2052672
2772251
2772251
3611557
3382655
3179187
3052020
3560690
2873985
2670517
3535256
3458955
2950286
3052020
3331788
2975719
3255488
522948
551216
504103
518237
650152
645441
560638
612462
612462
664286
678420
664286
668997
636018
598328
551216
3138942
2668101
3228626
2780206
2668101
2802627
3161363
2421470
2600838
2937153
2466312
3138942
2600838
3071679
2466312
2668101
3410344
2783442
3585876
2833594
2683138
3510648
3234811
2733290
3184659
2808518
2858670
3310039
3284963
3585876
2933899
3059279
2334539
1932032
2076934
2237937
1690528
1803230
2109135
2076934
2254037
1754929
2237937
1883731
2318438
2028634
2221837
2205736
2615580
2176601
2505835
2304637
2359509
2578998
2542417
2322927
2597289
2432672
2140020
2194892
2341218
2450963
1920530
1938821
1450211
1127942
1536150
1289077
1385757
1321304
1160169
1439469
1127942
1235365
1375015
1546892
1267592
1493181
1439469
1289077
2385456
2385456
2470651
2491950
2598443
3045716
3024418
2726236
2385456
3045716
3003119
3067015
2364157
3024418
2342859
2577145
2200566
2750708
2648830
2139440
2241318
2669206
2628454
2587703
2852586
2771084
2526576
2893338
2465450
2811835
2709957
2261693
2514883
2666154
2023252
2023252
2439248
2174523
2722881
2306885
2514883
2363612
2004343
2533792
2023252
2117796
2212341
2231250
1738432
1827257
1370443
1687675
1827257
1548093
1471957
1332375
1700364
1662296
1839947
1636918
1433889
1763811
1548093
1636918
1562087
1403231
1416469
1681229
1482659
1694467
1588563
1442945
1416469
1509135
1495897
1522373
1734181
1601801
1403231
1720943
311823
354466
354466
325149
295832
282506
381117
298497
375787
370457
301163
327814
301163
319819
349135
279841
443722
358754
361901
339872
336725
421693
450016
365048
355607
358754
399665
450016
393371
374489
383930
415400
1980634
1814427
1689771
1648220
1703622
1869829
1454311
1745174
1759024
1523564
1482013
1966783
1939082
1648220
1634369
1662070
1537630
1525802
1632254
1513975
1573114
1312900
1549458
1277416
1679566
1596770
1525802
1383867
1549458
1454835
1620426
1383867
3610979
3224088
3636772
3662564
3275674
3533601
3069332
3301466
3043539
3275674
3430430
2914576
2966161
2785612
3714150
3120917
1776418
1565236
1714306
1701883
1788841
1540391
1527968
1590081
1453433
1652193
1515546
1441011
1465856
1503123
1378898
1366476
1852691
2370109
2052981
1869381
2370109
1819309
1852691
2253272
1886072
2086363
1869381
1919454
2069672
2219891
1969527
1902763
234367
246342
227524
227524
241210
246342
220681
234367
248052
220681
229235
196731
205285
242920
206995
203574
3044671
3070693
2992625
2862511
3617173
2862511
2914556
3773310
3382967
3018648
2914556
3435013
3487059
3695241
3330922
2758419
889016
946839
874561
997433
831194
954066
874561
946839
1033572
795055
758916
766144
961294
852878
758916
946839
3187153
2451656
2473944
2875124
2763685
2919700
2540808
2941988
3209441
2496232
2585383
2964276
2340217
2496232
3120290
2919700
1652215
1382965
1334010
1737885
1370726
1370726
1627737
1542067
1664453
1395203
1701169
1321772
1395203
1762362
1627737
1774601
2015818
2575768
2463778
2146473
2482443
2613098
2127808
2650428
2407783
2482443
2090478
2314458
2426448
2445113
1997153
2706423
1821310
1875275
1659416
1497522
1443557
1511013
1821310
1672907
1645925
1443557
1524504
1537995
1537995
1686398
1470539
1591960
3077166
3293529
2620399
2981004
3293529
3221408
3293529
2788681
3485852
2740601
3077166
3125246
2788681
2788681
3437771
3293529
228113
236561
268244
261907
297814
228113
264020
242898
234449
297814
259795
253459
238674
274580
283029
245010
2317729
2525006
2091609
2675752
2091609
2280042
2713439
2317729
2185826
2185826
2053922
2129296
2129296
2129296
2035079
2430789
2738031
3039861
2651793
2932064
2975183
2932064
2414641
2436200
2457760
2651793
2996742
3018302
2285285
3126098
3082979
2867386
2438071
2418721
2070425
2147824
2360671
2341322
2244573
2244573
2244573
2418721
2612218
2070425
2341322
2767017
2689618
2476770
1302906
1188783
1122211
1169763
1169763
1017598
1378989
1084170
1141232
1255355
1065150
1169763
1312417
1359968
1340948
1065150
831668
851160
844663
727709
844663
890145
877150
753699
883647
773191
838165
844663
727709
909637
688725
773191
3116494
3374055
3090738
2833176
3271031
3039225
2833176
2781664
3116494
3374055
3090738
3193762
2987713
3193762
3657373
3399811
435362
463579
544202
544202
479704
507922
491797
540171
580482
435362
447455
447455
580482
507922
467611
499860
3139540
2738246
2738246
2832668
2738246
3115935
2832668
2809062
2950696
2809062
3304779
3092329
2927090
3092329
2478584
2761851
3783404
3047742
2758732
3389299
3047742
2863826
3047742
3074015
3599488
3757130
2968921
3047742
3074015
2837553
3074015
3152836
1706090
1534159
1851571
1719316
1401904
1441580
1706090
1653188
1917698
1719316
1772218
1534159
1520933
1481257
1534159
1415129
1013272
1034831
761750
970154
934222
840800
919850
962968
761750
1013272
898291
862359
797682
962968
912663
970154
1495560
1495560
1444430
1406082
1380517
1546690
1469995
1776777
1674516
1815124
1827907
1508343
1712864
1559473
1763994
1572256
2131812
2213179
1724978
1903985
1708704
2327093
2099266
1806345
1985352
2213179
2017899
1871438
1903985
1985352
1969078
2001625
2686656
3358320
2662668
2806596
2854572
2734632
3238380
3478260
2710643
2782608
3286356
2518740
3070464
3046476
2926536
2734632
2460222
2441862
1964506
2313343
2441862
2276623
2478582
2478582
2331703
2093025
2074665
2239904
2239904
1946146
2478582
1964506
695176
695176
787505
722332
613710
619141
689745
678883
608279
749487
706039
662590
689745
651728
624573
782074
891212
851307
851307
937768
957720
851307
744894
724941
698338
798100
698338
818053
784799
831355
784799
897863
1996139
1564138
2130208
1772690
1787587
2040828
2040828
1817380
2130208
2025932
2011035
1906759
1906759
2115311
2145104
1847173
922062
763582
1001301
986894
799600
850025
958080
1044523
777989
1037319
1022912
850025
958080
958080
958080
821211
3007814
3229702
3057123
3279011
3180394
2958506
3550207
3352973
3451590
2859889
3328319
3352973
2662655
3550207
3426936
2958506
311870
319867
370512
367847
314536
383840
343857
378509
285214
330529
338526
311870
365181
301208
325198
303873
2375109
2191121
1806420
2358382
1823147
2191121
2157669
2308204
2124217
2408561
2074038
2358382
2174395
1990408
1906777
2023860
1719195
1748836
1556168
1956325
1867401
1793298
1674733
1941505
1704374
1941505
1956325
2030429
1941505
2045249
1867401
1734016
921133
962072
907486
791492
941602
825608
784669
736906
859724
948426
934779
887017
777845
852901
764199
880194
1001754
1175612
1183891
1059706
1034870
1043148
1026591
885848
1026591
869290
968638
968638
1092822
1084543
968638
910685
1378129
1116586
1207120
1227239
1207120
1116586
1277536
1448544
1217180
1197061
1438485
1368070
1126646
1297654
1317773
1277536
2692111
3034328
3079957
3239659
2555224
2988699
2600853
3171215
2692111
2418337
3239659
3262473
2532409
3308102
2418337
2486780
155911
170528
158347
135204
131550
172964
169310
172964
133986
166874
162001
138858
172964
138858
147385
135204
695985
621823
730214
678871
621823
735919
616118
758738
690280
764443
707395
707395
604708
827196
798672
764443
2029993
2731953
2352515
2580178
2731953
2409431
2390459
2580178
2485318
2162796
2523262
2485318
2750925
2105880
2048965
2067937
1675444
1528690
1614296
1540919
1565378
1663214
1430853
1577608
1773280
1369706
1699903
1724362
1675444
1284099
1761050
1504230
2325953
2141354
2676692
2473633
2012134
2658232
2473633
2307493
2030594
2141354
2233653
1938294
2270573
1938294
2455173
2307493
592348
525036
623761
551961
632736
605811
520548
619273
484648
520548
560936
529523
632736
551961
637223
498111
449990
492296
492296
546141
434605
549988
492296
553834
553834
465374
438451
442298
530757
442298
526911
507681
746909
991225
998205
900479
900479
935381
753889
809733
928401
949342
809733
739928
921420
816713
970283
1012166
1532980
1997093
1547044
1983029
1561108
1701748
1575172
1561108
2039285
1575172
1575172
1926773
1856453
1912709
1983029
1856453
128459
145307
111612
133724
151624
133724
126354
123195
111612
134777
113718
146360
123195
149518
115824
131618
627740
560849
632885
699775
581431
545413
730648
710066
591722
735793
715211
653467
725502
617449
627740
679194
1624887
1700816
2171577
1943790
1791931
2186763
2080462
1761559
1989347
1852674
2186763
2050091
1822303
1913418
2126020
1594515
2099230
2363998
2212702
2023582
2193790
2628766
2496382
2534206
2590942
2004670
2496382
2307262
2118142
2288350
2042494
2080318
190866
172886
196398
152139
185334
167353
190866
159055
171503
154906
165970
156289
174269
159055
200548
172886
2180315
1950808
1967202
2180315
2327855
2065562
2049168
1819661
1754088
2377035
1852448
1967202
2262282
1770481
1803268
2311462
268760
207594
259492
211301
263199
211301
224275
248371
211301
235397
253932
266906
203887
205740
200180
246518
3318897
3031433
3162099
2743970
3188232
3188232
3423429
2796236
3057566
3580227
3109832
3371163
3005300
3345030
3658627
3580227
623881
714444
623881
578599
538349
684256
538349
649037
704382
583630
558474
553443
679225
558474
724507
674194
988924
936876
1032298
1153745
1145070
1093022
1240493
1127721
997599
1249168
1084347
962900
1231818
1101697
936876
997599
1425253
1387077
1488881
1692488
1437979
1845194
1348900
1476155
1514332
1374351
1730665
1399802
1348900
1616135
1539783
1616135
1336159
1495517
1421967
1728425
1618100
1532292
1397450
1372934
1667134
1654875
1765200
1593584
1642617
1458742
1421967
1618100
1116915
1251715
1068772
1039886
1396144
1213201
1348001
1290229
1088029
1145801
1386515
1328744
1049515
1193943
1396144
1049515
2436604
1917034
1917034
2149945
2418688
2544101
2418688
1952866
2490353
2006615
2060364
2132028
2149945
2149945
2490353
2257442
2703115
2856951
2329514
3032763
2571256
2878928
2527303
2725092
2988810
3142646
2856951
2483350
2527303
2703115
2439397
2571256
731419
556290
741720
685061
612949
690212
685061
602648
669609
736570
685061
731419
695363
566592
602648
700514
1116013
944319
913101
1014557
1131622
835059
835059
866276
998949
944319
983340
1084796
959927
959927
1092600
905297
703408
562726
572428
650046
548173
611237
557875
591832
586981
703408
519066
538470
625790
606386
572428
562726
1768728
1691266
1562162
1781639
1691266
1729997
1755818
1678355
1626714
1407236
1407236
1807460
1859101
1768728
1820370
1626714
1810734
1683217
1810734
1797982
1504694
1797982
1632211
1466439
1721472
1466439
1683217
1364426
1836237
1542949
1466439
1530198
1832171
2053805
1950376
1551435
1743518
1566211
1595762
1906049
1994703
1950376
1713967
1861723
1950376
1773069
1965152
1950376
1037188
1373040
1205114
1145846
1274260
1432308
1195236
1076700
1264382
1382918
1254504
1234748
1323650
1155724
1086578
1264382
3365681
3544165
3620657
2983218
2753739
3110705
3340184
3595160
3620657
3467672
3416677
3289189
2728242
3467672
3697150
3467672
1609138
1232531
1654787
1620550
1620550
1609138
1358067
1574901
1358067
1266768
1278180
1232531
1266768
1209706
1380891
1426541
131285
133402
119638
116462
127050
128108
137637
134461
114345
128108
151401
113286
127050
146107
124932
134461
1642359
1427154
1551746
1438480
1370521
1211948
1279908
1551746
1313887
1347867
1370521
1574400
1495113
1574400
1517767
1302561
665576
693079
775588
748085
605069
577566
649074
676577
632572
764587
594068
577566
682078
731583
737084
770088
2602173
2526198
2355252
2127324
2697143
2507204
2431228
2697143
2051348
2469216
2716137
2659155
2146318
2469216
2735131
2678149
183220
233189
234855
228192
228192
241517
178223
193214
199876
239852
234855
228192
191548
216533
178223
199876
3773441
2770708
2929034
3826216
3034585
3298462
3008197
3219299
3166524
2902647
3641502
3773441
3773441
3140136
3588727
2902647
2756821
2546555
3083901
2920361
2896998
2546555
2640006
3224078
2733458
2616643
2710095
2733458
2616643
2593280
3247441
2499829
2669955
2458053
2606384
3008997
2224962
2521624
2288532
2987806
2987806
2479244
2330913
3072567
2436863
2881856
2415673
2775905
1156517
1029891
1156517
903265
1046774
1046774
911706
937032
1105866
953915
1131191
1097424
1156517
1097424
1156517
1190283
399768
364016
367266
380267
367266
396518
464771
471271
455021
360766
347766
412769
367266
425769
377017
448520
962779
986072
939486
1048187
1110302
838549
978308
846314
1048187
923957
978308
1063715
1094773
1048187
1040422
916193
2246306
2420588
2149482
2711059
2633600
2498047
2788518
2594871
2788518
2168847
2769153
2285035
2672329
2091388
2033294
2381859
237207
247891
243618
230796
230796
273536
307728
290632
239344
288495
309865
294906
254303
247891
256440
228659
2324898
2576761
2150530
2712381
2092408
2305523
2092408
2538013
2092408
2266775
2673632
2809251
2770503
2169904
2402394
2693006
1271195
1300531
1251639
1408093
1398315
1261417
1075627
1036513
1329866
1026735
1290752
1212525
1388537
1144076
1310309
1192968
907256
752687
779568
866934
799729
893815
887095
927417
732525
826611
846772
705644
752687
954299
772848
779568
536595
626780
613252
644817
649326
640307
505031
486994
635798
577178
550123
626780
482485
613252
581688
491503
1062842
1279173
1100465
1307390
1034625
1175711
1232145
1269768
1354419
1213334
1034625
1091060
1100465
1156899
1128682
1119277
1519905
2064777
1878373
2079115
1993083
1691970
1892712
2064777
1534244
1892712
1691970
1864034
1605937
1763663
1605937
1720647
3172120
3222873
2842219
2892973
3400512
3400512
3070612
2918350
3502020
3070612
3400512
2740711
2867596
3121366
2867596
2715334
123863
127645
110625
104952
105898
122917
107789
106843
101170
133318
132372
122917
112516
101170
104007
110625
2869219
2842652
3666225
3241155
3241155
2948920
3241155
2948920
2922353
3134888
3666225
2922353
2948920
3161455
3188022
3639658
906311
1098327
913992
913992
1044562
990798
867908
1098327
875589
829505
814144
1075285
960076
990798
1090646
1029201
2311902
2055024
2110069
2055024
2421992
2440341
1944933
2073372
2495386
1999978
1999978
2458689
2403644
1981630
2256856
2385295
138871
109113
109113
138871
132919
126968
138871
104153
135895
127960
130936
141847
135895
111097
138871
123992
1564254
1148578
1268905
1432988
1389232
1575192
1443926
1236088
1509559
1236088
1192333
1247027
1312660
1553315
1312660
1509559
2470860
1927621
1927621
2278097
2383240
2067811
2102859
2278097
2172954
1892573
2260574
2137907
1840002
2540955
2137907
1840002
90229
80283
81704
95913
100176
95202
87387
78862
84545
75309
74599
76730
76730
100176
83124
83124
2661756
2375105
2375105
2477481
2784606
2170355
2620806
2477481
2149880
2702706
2907457
2354630
2661756
2641281
2416055
2764131
1994639
1944354
2028163
1927593
2195780
1977878
2061686
2396920
1977878
1994639
1994639
2246065
1944354
2396920
1827023
1977878
2313776
1980592
2628449
2073143
2202714
2202714
2572919
2350796
1999102
2239735
2165694
2350796
2572919
2110163
2054633
2498878
2215755
2281407
1838256
1953147
1838256
1739778
1871082
2182929
1871082
1887494
1953147
2100864
1953147
2117277
1969560
2281407
1236039
1047200
1201705
1012865
1218872
1030033
1115869
961364
1055784
1193121
1004282
1150203
1081534
1098702
1098702
969947
2254700
2239151
1959257
2145853
1850409
1679363
1912608
1974806
1959257
2145853
1943707
2208051
2005906
2052555
2099204
2005906
57736
63462
67756
52010
57259
50578
56304
50101
53919
66325
54396
53919
62507
58690
53441
50101
2778390
3001654
3200110
3224917
3472988
3522602
3249724
2803197
2952040
3373760
3299338
2828004
3497795
2852811
3497795
3324146
2889368
3388441
3073237
3756179
2758033
3046970
3677378
3125771
3046970
3099504
3020703
2968169
3467242
3756179
3677378
3414708
460434
411600
422064
467410
505780
415088
380207
411600
481363
383695
369742
387183
439505
390671
422064
488339
2829812
3381385
3237497
2997682
2566016
3477311
3381385
3093608
3021663
2542034
3357404
3021663
2709904
2661942
3069626
3021663
2889827
2425767
2467954
2362486
2868733
2214831
2615610
2257018
2446861
2805452
2320299
2552329
2573422
2320299
2805452
2573422
2111662
2654661
2674772
2775327
2453550
2493772
2875883
2714994
2192106
2493772
2533994
2574216
2232328
2433439
2835660
2312773
110011
131429
122667
119746
112931
111958
136297
112931
119746
107090
141164
124614
109037
140191
109037
127535
1198853
1051453
1405213
1365907
1061280
1385560
1100587
1277467
1139893
1316773
1228333
1375733
1218507
1326600
1139893
1346253
636432
665144
674714
521587
669929
641218
555084
512017
684285
631647
660358
665144
593366
502447
593366
540728
1605661
1254057
1230616
1418139
1336098
1289217
1699423
1406419
1371258
1664262
1254057
1418139
1652542
1675982
1699423
1312657
2855116
2271115
2314374
2314374
2595560
2271115
2984894
2898375
3049783
2790227
2487412
2638819
2487412
3136302
2660449
2465782
2285372
2524967
2561828
2101067
2359093
1953624
2248511
2617119
2377524
2451245
2653980
2524967
2377524
2322232
2488106
2174789
2819138
2796403
2659993
2569053
2569053
3046488
2705463
2796403
2455378
2455378
2750933
3273838
2978283
2932813
3046488
3114693
1552317
1708752
1335715
1335715
1504183
1576384
1275547
1564351
1672652
1504183
1636551
1660618
1564351
1636551
1492150
1624518
1431120
1619426
1406013
1682194
1431120
1544103
1506442
1606872
1657087
1468781
1782623
1619426
1795177
1418566
1732409
1782623
3403073
3325730
2939018
2732771
3660882
3171045
3557758
2861675
3506196
3454635
3016360
3428854
2835894
2758552
2758552
3248388
773650
863910
928380
683391
805886
683391
722074
676944
702732
934828
851015
818780
896145
851015
818780
870357
2732491
3012747
3059456
2569009
3152875
3012747
3082811
3386421
3129520
3082811
3386421
2522300
3386421
3386421
3082811
2966038
1926388
2469279
1891362
2294153
1891362
2276640
2206590
2329178
1926388
1873850
2084001
1891362
2136539
2031463
2136539
2486792
1670103
1626910
2087628
1814077
1900462
1842872
1986846
1626910
2044436
1900462
1842872
1612513
1770885
1742090
1742090
1583718
2472491
1925010
1995653
1995653
2331205
2560794
2295884
1960332
2507812
2207581
1925010
2260563
2401848
2507812
2454830
2189920
2334888
2150113
2133315
1780562
2015731
2250899
2032528
2150113
2200506
2200506
1998933
2334888
2351686
1814158
2116517
2032528
2259104
2904562
3033654
2840016
2603348
2990623
2259104
2323650
2883047
2904562
2345165
2302134
2753955
2388196
2302134
2259104
3118739
2772212
2945476
3514769
3589025
3465266
2772212
2697957
3217747
3143491
3192995
2821716
3366258
3168243
3242498
3391010
2199618
2863654
2718396
2967410
2925907
2967410
2967410
2905156
2510885
2780650
2967410
2386378
2303374
2759898
2842903
2635392
3220869
3176135
3198502
2862995
2997198
2572222
2370917
2661690
2974830
2773526
2549855
2728792
2438019
2415652
3243236
2684058
1457372
1828590
1759846
1677353
1594860
1539865
1746097
1924831
1718600
1801092
1608609
1787344
1526116
1526116
1924831
1883585
2540334
2361716
2560180
2818183
2560180
2163253
2758644
2282331
2123560
2202945
2857875
2262485
2083867
2202945
2718951
2857875
887999
1025235
879926
1081744
1089817
847635
952580
1089817
1114035
1154398
960653
863781
1081744
1081744
1105962
1065599
2580795
2864919
2651826
3220074
2888596
3243751
2604472
2912273
3172720
2959627
2722857
2959627
3030658
3030658
2580795
2817565
321117
384194
303914
358390
358390
326851
318250
375592
415732
326851
352655
364124
412865
358390
372725
309648
3012177
2909197
2960687
3449844
3166648
3655805
2728981
2960687
3295374
3501334
2986432
3733040
3089413
2831962
2857707
3424099
2263735
2508463
2549251
2773585
2855161
2875555
2508463
2793979
2345311
2284129
2732797
2426887
2773585
2222947
2793979
2651221
1697571
2097942
1713586
1985838
1985838
2162002
1841705
2194031
1681557
2242076
1681557
2033883
1713586
1729601
2033883
2210046
12961
12507
15576
14553
15463
13302
12848
12279
12279
12052
13644
12279
13302
14098
12052
15122
2729062
2943949
2320777
3094369
2707573
2772039
2385243
2342266
2277800
2535664
2621618
2729062
2385243
2900971
2621618
2793528
1481555
1491916
1098216
1377950
1181100
1481555
1367589
1440113
1502276
1274345
1201821
1139658
1305426
1429753
1139658
1243263
1364403
1434630
1344338
1264079
1264079
1173788
1173788
1083497
1384468
1354371
1254047
1364403
1183820
1213917
1183820
1404533
2998380
3019645
2785729
2849524
2296631
2913320
2977115
2743199
2977115
2360427
2892054
2509282
2998380
2509282
2977115
3062175
615188
564308
601312
633690
610563
564308
508802
559683
485675
513428
494926
541181
559683
601312
610563
485675
2961421
2938986
3140901
3028726
2961421
3230641
2580026
2490286
2535156
2512721
2602461
2400546
2467851
2557591
2714636
2781941
2618944
2480061
2380858
2757828
2698306
2837190
2460220
2638785
2122932
2182453
2261815
2539582
2658625
2341177
2817349
2718147
1853031
1444274
1594151
1866656
1866656
1907532
1975658
1580526
1485150
1689528
1921157
1607777
1853031
1921157
1866656
1471524
2098401
2518082
2757899
2498097
2098401
2538067
2378188
2258280
2198325
2338219
2618006
2538067
2218310
2677960
2138371
2637990
2403619
1984807
2057644
2385410
1966597
2203318
2203318
2312573
2075853
2294364
2185108
2403619
2257945
2057644
2330782
2385410
476935
546167
442318
550013
461550
546167
519243
515397
465396
434626
542321
453857
515397
469242
403856
423087
148995
181210
155706
162418
187922
174499
159733
146310
181210
183895
161076
183895
189264
150337
162418
154364
3050562
2711610
3389513
3002140
3050562
2929508
2832664
2856875
2760032
3486356
3244248
3098983
3195826
2614767
2808453
3292670
2736598
2802806
2692459
3067638
2317280
2427627
2537974
2471766
2449696
2780736
2449696
2427627
2935222
2802806
2670390
2582112
246354
283002
217850
260606
262642
238210
238210
240246
266714
289110
225994
228030
283002
240246
264678
230066
857144
772728
733767
714287
811690
811690
850651
785715
896105
850651
902599
779222
818183
727274
707793
707793
487696
574489
557957
595154
566223
508361
537292
520760
533159
586888
562090
512494
595154
483563
595154
446366
3407370
3479868
3407370
2803227
2924055
3141547
2634066
2948221
3383205
2948221
3359039
3431536
3189879
3504033
3262376
2972387
1683679
1635574
1310864
1563416
1695705
1683679
1262759
1731784
1298838
1731784
1743810
1743810
1443153
1611521
1431127
1647600
1853049
1604132
1534989
1728591
1617961
1548817
1562646
1659447
1783906
1880707
1728591
1783906
1922193
1991337
1977508
2005165
1774284
1557908
1774284
1529058
1788709
2077211
1514633
1788709
1615608
1875260
1702159
1774284
1630034
1557908
1904110
1731009
2701429
3526866
2951562
3401800
2626390
3126655
2676416
2676416
2951562
2926549
2776469
2626390
3051615
3401800
3276734
2776469
1891368
2212544
1962741
1873525
1962741
2373132
2016270
2016270
2444504
2480190
2498034
2230387
2176858
2301759
1998427
2337446
2915812
3555244
3248317
2787925
3018121
2864657
2736771
3529667
3631976
3120430
3529667
2915812
2711193
3452935
3069276
2890234
890089
953667
1080823
858300
905984
913931
1120559
842406
1001350
1088770
866248
913931
874195
969562
961614
866248
434179
384911
446497
372594
394149
431100
400307
394149
434179
326404
363356
375673
375673
375673
434179
329484
180480
213903
177138
238970
185494
207218
185494
235627
220587
175467
180480
180480
175467
220587
197192
195521
1801606
1576406
1907583
1828101
1629394
1894336
1404193
1695630
1589653
1881089
1430687
1894336
1404193
1404193
1589653
1443934
572071
533933
500033
610210
500033
457657
474607
550884
453419
546646
461895
576309
508508
478845
589022
572071
1724381
1737645
1803967
1843761
1697852
1658058
1419298
1618265
1711116
1923348
1724381
1923348
1883554
1923348
1472356
1525414
2741402
3175457
2398727
2535797
2650022
3266837
3312527
2672867
2650022
2490107
2398727
2901317
2924162
2512952
2627177
2718557
2233561
2481735
1879028
1879028
2180381
2127201
1985388
2198108
2020841
2020841
2428555
2198108
2038568
2534915
2517188
1896754
1170370
1382247
1059387
1190549
1220817
1220817
1452873
1170370
1291443
1140102
1240996
1140102
1301532
1170370
1119923
1200638
307566
372008
404229
395442
410088
348574
348574
407158
398371
316353
357362
401300
395442
322212
348574
395442
1322402
1285669
1212202
1120368
991801
1102002
1138735
982618
1019351
1120368
1276485
1147918
1258118
964251
1294852
964251
3005736
2330534
2461219
2983955
2918613
3071078
3027517
2700806
3071078
2526561
3049298
2722587
2395877
2570122
2374096
3092859
1117727
943858
927299
935578
1167403
968696
1076329
993535
1076329
993535
1150844
910740
877622
910740
968696
1192242
389918
449663
380484
393062
377340
371051
424507
449663
386773
396207
399351
408785
396207
402496
449663
443374
1566097
1458502
1494367
1649781
1315043
1303088
1506322
1637826
1566097
1446547
1315043
1590007
1362863
1446547
1542187
1410682
1031732
1173179
940207
931887
1048372
890284
873644
940207
1081654
965168
1114936
1098295
1139897
940207
1006770
973489
