215974
194039
227785
200788
192352
194039
178853
217661
227785
215974
210912
221036
192352
185603
205850
227785
3179960
2586684
2562953
2729070
2800263
2634146
2586684
2800263
3013843
2776532
2681608
2491760
2657877
3037574
3037574
2634146
1484166
1238753
1390675
1414048
1449107
1250439
1378989
1378989
1273812
1484166
1472480
1355616
1530911
1402362
1437421
1519225
2172152
2641806
2093876
2622237
2465686
2387410
2250428
2465686
2563531
2309134
2230859
2152583
2563531
2406979
2250428
2309134
11567
10929
10747
10292
10292
10656
11476
10292
10565
10109
10747
11202
9927
12295
11293
11111
282103
307985
331278
328689
274339
274339
323513
310573
336454
310573
305396
289868
328689
289868
346806
300220
2396855
2288888
2763941
2893500
2742347
2310482
2720754
2893500
2375261
2893500
2504821
2526414
2612788
2655974
2591194
2871907
1620011
1824337
1707579
1736769
1649201
1795148
1707579
1795148
1722174
1824337
1838932
1649201
1926500
1751364
1926500
1780553
867022
800837
721415
774363
794218
860403
833929
721415
847166
880259
833929
794218
774363
893496
754507
840548
598788
576277
477230
504243
499740
544762
585282
589784
540260
549264
535758
481732
499740
598788
535758
481732
1213812
1329413
1225372
1421894
1340973
1433454
1514375
1468135
1479695
1329413
1329413
1514375
1225372
1398774
1352534
1468135
460731
389300
478589
478589
471445
389300
410729
467874
403586
471445
428587
478589
453588
400014
389300
464302
1386995
1175240
1217591
1312881
1397583
1386995
1154064
1185828
1281117
1238766
1132889
1355232
1164652
1259942
1259942
1291705
1088839
1192091
1023133
1239024
1248411
1013747
1145159
1220251
1023133
994974
1267184
1248411
1013747
1032520
1088839
1126386
2560880
2580281
2619082
2405675
2075865
2172868
2328073
2386275
2386275
2599681
2425076
2425076
2037064
2172868
2366874
2541479
3072796
2864862
2957277
2703136
2726240
2795551
2472099
2656928
2564514
2564514
2749343
2726240
2518306
3049692
2726240
2425891
1359055
1683234
1496208
1371524
1458802
1371524
1483739
1359055
1521144
1334118
1571018
1633360
1683234
1321650
1571018
1521144
1110429
1208935
1173115
1173115
1065654
1191025
1191025
1182070
1137295
1065654
1101474
976103
1164160
1110429
1011924
1199980
1656331
1548602
1723662
1548602
1750594
1427407
1629399
1521670
1508204
1535136
1413941
1535136
1454339
1737128
1777526
1413941
3082394
2502997
2989691
2526173
2757932
2943339
2502997
2734756
2873811
3082394
2595700
3012867
2711580
2734756
2433469
2688404
1695293
1393908
1557158
1406465
1632504
1481812
1532043
1506927
1519485
1469254
1494369
1444138
1356234
1557158
1632504
1557158
1244567
1366801
1477923
1444587
1500148
1333465
1266791
1444587
1400138
1411250
1400138
1300128
1233455
1433475
1455699
1200118
1589660
1563385
1681624
1432008
1773588
1445145
1379457
1445145
1734175
1432008
1523972
1418870
1642211
1747312
1523972
1642211
1345740
1476742
1464832
1452923
1310013
1607743
1488651
1357649
1417195
1476742
1405286
1583924
1476742
1345740
1357649
1333831
2792027
2330353
2462260
2594167
2857981
2792027
2792027
2792027
2704089
2506229
2923934
2374322
2923934
2726074
2418291
2506229
1573090
1774769
1801659
1586535
1653762
1411748
1532755
1640316
1505864
1640316
1586535
1815104
1801659
1438638
1734433
1519309
3143210
3117234
3221141
2883441
3273095
3325049
3195164
2727579
2857464
2857464
2961372
3454934
3454934
2857464
2805510
3325049
757782
909339
967075
815518
779433
974292
945424
829952
873254
822735
779433
858820
923773
952641
858820
952641
2039785
1650513
1977501
2039785
1712796
1946360
1946360
1743938
1899647
2008643
1961930
1993072
1899647
2086497
1868505
2055356
2761304
2301086
2824060
2573033
2447519
2238329
2531195
2405681
2552114
2782223
2468438
2824060
2782223
2259248
2426600
2656709
1162128
1120990
1100422
1141559
1120990
1244402
1100422
1306108
1192981
1285540
1326677
1285540
1347245
1100422
1336961
1192981
1004710
855864
885633
997268
833537
796326
818653
878191
960056
893076
915402
848422
833537
870749
982383
982383
1677711
2000940
1862413
2000940
1631536
1847022
1831630
1800846
1985548
2000940
1970156
1954764
1785454
1770062
1816238
1831630
320695
331948
374144
379771
323508
337574
295377
357266
329135
337574
365705
374144
368518
346013
326321
351640
2103916
2236446
1905121
1756024
1855422
2087350
1905121
1871988
2137048
1739458
2137048
1739458
1838855
1789157
2236446
2070783
1400629
1340773
1568225
1484427
1568225
1316830
1484427
1556254
1328802
1304859
1280917
1340773
1352744
1376686
1484427
1424571
392981
456138
378946
470173
438595
396489
421051
424559
407016
449121
456138
421051
473682
378946
371928
399998
2358814
2072897
2394554
2394554
2323075
1965679
1929939
1876330
1929939
2394554
2340945
2037158
2197986
2287335
2323075
2144377
966389
966389
800516
901482
822152
800516
966389
973601
894270
764457
908694
872635
800516
829363
887058
959177
2091820
2348365
2585174
2664111
2624643
2545706
2565440
2427301
2308896
2229960
2644377
2091820
2131289
2170757
2131289
2525972
3062864
2661177
3138181
3012654
2761599
3188392
3113075
2937337
3389235
2636072
2686283
2862021
3113075
2636072
2661177
2761599
2917104
3132300
3204032
2988836
2917104
2869282
2654086
2630175
3036657
2725818
3060568
2558443
2917104
2821461
3084479
2677997
457192
432700
526588
542916
542916
534752
538834
428618
526588
453110
522506
542916
534752
538834
477603
457192
1349696
1199730
1199730
1146171
1424680
1403256
1231866
1424680
1371120
1435391
1189018
1317561
1146171
1338985
1403256
1413968
2333975
2231608
2395395
2354449
2579657
2190661
2456816
2313502
2395395
2374922
2395395
2620604
2722971
2190661
2477289
2436342
648165
601867
540137
576147
550426
576147
679030
550426
576147
581291
555570
643021
596723
622444
545282
658453
867408
839199
740470
952033
846252
888564
930877
796887
796887
944981
930877
754574
867408
930877
810991
874460
846365
1034447
893386
1010936
916896
822855
877712
846365
869875
987426
1003100
877712
1050120
893386
822855
979590
1670459
1627627
1813233
1613349
1884620
1541962
1670459
1584794
1513407
1541962
1756123
1627627
1756123
1927453
1898898
1813233
107200
121062
101655
104427
113669
111820
120138
114593
124758
105351
121062
104427
124758
102579
114593
100731
159023
157537
166454
191719
176857
190233
159023
156051
175371
157537
161995
161995
176857
196178
156051
190233
1300236
1288929
1413300
1435912
1311542
1469832
1198478
1458525
1288929
1469832
1503751
1209784
1492444
1243704
1515057
1356768
1528067
1217858
1344239
1367218
1263815
1240836
1309772
1516578
1413175
1551046
1482110
1390196
1551046
1505089
1367218
1217858
2347193
2475221
2731279
2731279
2411207
2368531
2880646
2581912
2283178
2411207
2709941
2709941
2432545
2347193
2816631
2709941
764250
948236
884548
799632
813784
827937
891625
750097
877472
813784
863319
905777
856243
792555
919930
856243
571083
580523
528606
585242
637159
505007
571083
552204
561644
575803
575803
561644
594682
613561
575803
627720
2751834
2959519
3322969
2959519
3141244
2725873
3037401
2985480
2829716
3063362
3374891
3193166
3271048
3452773
3089323
2829716
2030885
2448450
2201707
2315589
1992925
2106806
2448450
2391510
2334569
2391510
2562332
2353549
2296609
2296609
2201707
2486411
1154072
1065297
1144208
1104753
1183664
1173800
1331622
1075161
1114617
1065297
1321758
1055434
1203392
1311894
1223119
1272439
1255732
1014245
1072202
1052883
1294370
1207435
1178456
1110840
1168797
1014245
1033564
1101180
1139818
1304029
1110840
1304029
1433768
1456171
1321755
1512178
1344158
1299353
1456171
1299353
1232145
1355359
1176138
1332957
1254547
1332957
1243346
1310554
900207
891714
1095535
917192
1036087
917192
1146490
1044579
1036087
1112520
891714
1053072
908699
1061565
1137997
993624
3068291
2596246
3091893
2950280
2596246
2997484
2808666
2808666
2879473
2926677
2950280
3186302
2737859
2950280
2549041
2619848
2880055
2905770
2880055
2777196
2828625
2700051
3060058
3188632
2982914
2982914
3420065
2700051
3214347
3085773
3111488
3034344
645237
634745
550812
655728
624253
629499
587532
708187
577041
697695
666220
566549
639991
660974
577041
666220
820247
792204
792204
827257
869321
848289
848289
757151
799215
792204
848289
799215
946439
855300
841279
799215
2013419
2131855
2165694
1928821
1827304
2030338
1776546
1996499
1810385
2284131
2199533
2064177
1911902
1996499
2131855
1945741
1074643
1055790
1046363
1131204
1112350
1168910
1244324
1131204
1131204
1150057
1036937
1187764
1187764
1008656
1168910
1065217
3152533
3009236
2650994
2722642
2531579
2531579
3104767
3152533
2698759
2818173
2865939
3152533
2555462
2889822
3009236
3128650
658048
711548
674098
561748
722248
625948
609898
647348
625948
561748
700848
609898
577798
631298
620598
663398
129262
136065
141735
140601
128128
137199
148538
151939
128128
140601
148538
129262
123592
130396
148538
121325
3382085
2962602
3355868
3434521
3434521
3250997
3041255
3015037
3093690
3460739
3224779
3067473
3277215
2805296
3382085
3198561
595585
591073
554977
609121
604609
532417
582049
545953
609121
591073
523393
591073
568513
564001
482785
500833
2758179
2393461
2416256
2849358
2712589
2712589
2598615
2758179
2393461
2849358
3008922
2986127
2439051
2894948
2963333
2666999
395497
472399
446765
490709
457751
465075
417469
421131
413807
461413
399159
468737
432117
461413
399159
428455
201015
220159
225902
225902
204844
210587
254619
231646
237389
245047
218245
231646
204844
245047
204844
250790
2358477
2422799
2422799
2315595
2294154
2530002
2422799
2572884
2465680
2401358
2487121
2379917
2787291
2401358
2744409
2551443
724413
793705
768508
718114
781107
793705
743311
705516
800004
774807
850398
718114
743311
774807
762209
818902
511920
558077
465763
469959
448979
469959
537096
457371
457371
537096
528704
490940
448979
541293
482548
541293
2848379
2595190
2700686
2426397
2679586
2574091
2637388
2552992
2763983
2679586
2447496
2616289
2405298
2447496
2806181
2236505
976961
908999
959971
976961
1104391
993952
1027933
942980
959971
1070410
1112886
1044924
1053419
925989
900503
993952
3294288
3220535
3171366
2999277
2999277
2605929
2827187
2679682
3171366
2925524
2679682
3122198
3097614
2999277
2655097
3023861
1905864
1841258
2099680
1808955
2067377
1857409
2099680
1889712
1825107
1889712
2067377
1873561
1744350
2115832
2083529
1728198
644373
750783
632549
727136
703489
685754
650284
703489
691666
703489
691666
685754
626638
656196
638461
750783
2054337
1725643
2169380
2136511
1889990
1840686
2037902
1955729
2136511
1774947
1791382
2169380
2202249
1922859
2070772
1791382
2096467
2448970
2096467
1948045
2133573
2096467
2022256
2356206
2096467
2077914
2300548
2319101
2337654
2430418
2356206
2003703
2661553
2235705
2853185
2682846
2448629
2256997
2363459
2533799
2363459
2235705
2768015
2725431
2299582
2768015
2682846
2235705
1472524
1662937
1662937
1599466
1472524
1472524
1358277
1637549
1599466
1701020
1662937
1688325
1472524
1523301
1535995
1548689
2879991
3065797
2972894
2554831
2926443
2996120
2810314
2926443
2485154
3112249
2578057
3019346
2787088
2949668
2554831
2601282
3010657
3316826
2959629
3112714
3214770
3342340
3138228
3112714
2985143
3163742
2730003
2985143
2883087
3061686
2730003
2857573
3407031
3090098
3512676
3512676
3090098
3539087
3380620
3037276
3169332
2958043
3301387
3433443
2905221
2799576
3116509
3459854
1127143
1237108
1237108
1191290
1145471
1163798
1008014
1218781
1227945
1136307
962195
1072161
1145471
980523
1008014
1090488
89021
74406
74406
86364
71748
88357
75734
73741
89685
85699
72413
87028
84371
72413
77063
74406
1600336
1600336
1600336
1475092
1614252
1878655
1628168
1809076
1809076
1711664
1544672
1878655
1864739
1628168
1878655
1822992
994490
1002575
921723
921723
889381
929808
945978
913637
921723
978320
889381
962149
937893
1010661
1018746
1083428
2402562
2465787
2592238
2381487
2465787
2297186
2824064
2676538
2592238
2550088
2297186
2318262
2845139
2255036
2676538
2297186
603047
635644
646510
700838
668241
581316
679107
700838
603047
630211
662808
706271
657376
570450
668241
651943
1430423
1548640
1524996
1300384
1406779
1501353
1595926
1383136
1312206
1418601
1595926
1300384
1335849
1560461
1595926
1524996
966510
852803
990876
860925
958388
917779
1047730
925901
893413
877169
974632
1088339
1039608
901535
1063974
1088339
2315783
2664175
2254302
2172327
2274796
2192821
2377264
2643682
2500226
2254302
2356770
2397758
2459239
2213315
2233808
2397758
2370490
2326995
2435733
2522723
2283500
2566219
2674957
2914181
2805442
2305247
2892433
2283500
2892433
2892433
2870685
2566219
2279586
2279586
2188402
2279586
2461953
2425479
2425479
2316059
2206639
2042509
2006035
2188402
2297822
2115456
2461953
2316059
1646187
1960459
1855702
1601291
2020320
1975424
1840736
1616256
1676118
1691083
1735979
2005355
1840736
1691083
1915563
1721014
1552654
1459760
1658818
1406678
1778253
1778253
1778253
1526113
1711900
1552654
1446489
1473031
1725171
1658818
1459760
1725171
2518079
2754822
2604168
2518079
2668734
2797866
2905476
2367425
2840910
2518079
2647212
2819388
2754822
2367425
2668734
2561123
3011094
2395188
2851415
2965471
2851415
3079528
2805792
2554867
2805792
2623301
2714547
2691735
2554867
2851415
2988282
2919848
2752614
2796307
2839999
2534153
2337538
2468614
2424922
2949230
2927384
2708922
2818153
2839999
2839999
2643384
2796307
2599691
1736393
1616642
1856144
1811238
1706455
1901051
1826207
1631611
1631611
1871113
1901051
1706455
1871113
1990865
1945958
1930989
488158
569517
488158
505286
479594
471029
471029
509568
479594
501004
453901
539543
483876
509568
509568
462465
1209504
1107004
1209504
1271004
1117254
1219754
1178754
1363255
1240254
1373505
1363255
1178754
1332505
1117254
1363255
1383755
1525241
1598452
1342212
1439827
1476433
1513039
1293404
1354414
1452029
1354414
1622856
1403221
1354414
1537443
1525241
1330010
1968815
1700340
1789832
1700340
1819662
1804747
1566103
1640679
1685425
1745086
1566103
1953900
1774917
1849493
1849493
1700340
575565
651297
671493
636151
671493
540223
545272
626053
545272
621004
590711
535174
555370
621004
641200
535174
410869
375449
446289
403785
417953
403785
382533
442747
446289
449831
407327
375449
463999
460457
389617
410869
313241
310813
301100
254964
318098
267105
271961
286531
286531
327811
274389
254964
301100
296244
274389
281674
570463
517805
460758
561687
544134
487087
530969
539746
548522
513417
465147
504640
513417
588016
526581
469535
3078559
2858662
2931961
2687631
3102992
3127425
2712064
3176291
3151858
2736497
2809796
2931961
2687631
2809796
3005260
2589899
1981890
1751437
2012617
1628529
1874345
1935799
2058707
1981890
2074071
2027980
1782164
2012617
1920436
1705347
1659256
2074071
2675660
2330414
2718816
2481459
2546193
2632505
2589349
2783550
2740394
2697238
2654082
2675660
2373570
2761972
2848284
2265680
1735040
1693063
1469187
1860970
1721047
1567133
1609109
1553140
1609109
1791009
1483179
1525156
1539148
1623102
1637094
1637094
370610
379799
346107
333856
346107
373673
385925
388988
379799
379799
324667
349170
398177
401239
370610
367548
814581
718748
910414
807735
896723
794045
848807
896723
924104
787200
869342
732438
794045
821426
883033
869342
3063242
3038338
3162860
2739485
2963624
2739485
3038338
3113051
3337190
3187764
3063242
3113051
2814198
3262477
2639867
3063242
1374471
1384883
1239106
1395296
1311995
1322407
1228693
1353645
1291169
1364058
1322407
1228693
1364058
1176630
1239106
1332820
1825284
1630215
1867084
1881018
1881018
1630215
1476947
1560548
1839218
1727750
1713816
1685949
1755617
1546615
1741683
1546615
2401338
2190020
2305285
2170810
2074756
2266863
2478181
2055545
2382128
2305285
2286074
2343706
2093967
2036335
2420549
2305285
1408510
1327026
1327026
1292104
1350307
1338666
1338666
1361947
1280463
1524915
1292104
1350307
1338666
1303744
1396869
1536556
577041
531881
587076
647289
587076
642272
622201
627218
577041
607147
622201
567005
617183
672378
582059
607147
1700535
1421541
1580966
1647393
1394970
1541109
1461397
1541109
1780247
1793533
1541109
1554395
1434826
1594251
1700535
1607537
2911462
2640629
2369795
2572920
3024310
3024310
2618059
2888893
2414934
2414934
2595490
2911462
2776046
2392364
2572920
2753476
2234742
2051293
2118001
1984584
1884521
1934552
1884521
1751103
2251419
2067970
2168033
1801135
2001261
1884521
1934552
1867844
1386304
1192867
1214360
1214360
1375558
1386304
1397051
1321825
1397051
1429291
1343318
1300332
1192867
1321825
1364811
1214360
85844
69708
73581
85844
78744
73581
73581
73581
72935
79390
84553
76163
76163
75517
74872
75517
2319914
2783897
2446455
2277734
2256643
2530815
2214463
2847167
2467545
2636266
2362094
2551905
2615176
2362094
2425364
2319914
369067
340006
337100
383597
383597
371973
342912
305134
334194
354536
316758
322570
354536
369067
334194
369067
2673795
3019544
2789045
2558545
3088694
2443295
2696845
2973444
2719895
2789045
2604645
2512445
2765995
2650745
2696845
2881245
2846211
3022525
3400340
3274402
3249214
2770648
3375153
2669897
2720272
3072900
3249214
3349965
2695084
3072900
3098088
2896586
1654998
1842356
1936035
1639384
2107780
2076554
1733064
1857969
2092167
1842356
1904809
1748677
1967261
1982875
2092167
1795516
2285292
2851174
2894703
2437645
2633527
2851174
2829409
2916468
2459409
2655292
2307057
2285292
2677056
2872939
2481174
2916468
2213130
1963529
2163210
1896969
1763848
1996809
2046729
1847048
1747208
1963529
2163210
2030089
1813768
1863688
1780488
1780488
105092
95126
96032
108716
113246
110528
99656
102374
115964
116870
109622
100562
121399
113246
104186
121399
2087979
1682849
1885414
1807505
1682849
1651685
2087979
1854250
2025652
1916578
1745177
1900996
1791923
1791923
2010070
1760759
1227204
1362405
1404005
1185604
1310405
1372805
1310405
1362405
1279204
1279204
1123204
1310405
1393605
1289604
1393605
1216804
601752
659816
617588
564802
591195
570081
601752
654537
585916
622866
570081
659816
591195
628145
622866
702044
3098210
2652067
2627282
2899924
3321281
2825567
2627282
3073424
3346066
3321281
3271709
2999067
2850353
3122995
3048638
2899924
175092
190625
153912
151088
179329
187801
186389
159560
163796
182153
172268
176505
156736
186389
172268
156736
183529
203922
227712
203922
198823
183529
205621
227712
226013
203922
205621
212418
185229
222614
195425
197124
144602
173788
151235
173788
171135
140622
171135
139296
167155
171135
165828
160522
149909
164502
153889
163175
2311511
2415633
2707175
2769649
2623878
2623878
2790473
2353160
2498931
2665527
2748824
2332336
2394809
2498931
2811298
2228214
748380
735250
741815
728686
800898
840286
794333
708991
702427
781204
768074
768074
800898
761509
859980
702427
1969014
1710782
2033571
1726922
1904456
2001293
1872177
2033571
1969014
2162687
1775340
1839898
1936735
2065850
1872177
1775340
3590218
2818986
2978551
3297682
3563624
3297682
3217899
3271087
3563624
3217899
3217899
3111522
3111522
3404058
3297682
3005145
2506328
2694303
2443670
2610758
2255695
2234809
2548100
2485442
2798733
2527214
2193037
2506328
2422784
2819619
2652530
2443670
2117340
2005057
2149421
1860693
1844652
1732369
1732369
2053178
1764450
2053178
2101300
1989017
1860693
1812571
2069219
1828612
1370381
1296019
1370381
1338511
1391627
1274773
1370381
1232280
1221657
1253526
1317265
1359758
1221657
1115426
1136672
1391627
1837954
1632213
1728226
1810522
1755658
1508768
1618497
1645929
1728226
1481336
1536200
1632213
1508768
1714510
1481336
1563633
604074
609467
636435
674190
571713
647222
587893
641828
620254
695764
641828
690370
652615
598680
625648
587893
2207240
2073468
2023303
2040025
1906253
2223962
1805924
1906253
1856088
2140354
1889531
2257405
2140354
1822645
1789202
1956417
313070
272997
318079
338115
320583
280510
300547
323088
338115
272997
320583
275501
295538
283015
330601
275501
1184592
1389203
1432279
1399972
1163054
1324589
1356896
1421510
1281513
1410741
1216899
1270744
1130747
1216899
1313820
1259975
1793770
1485465
1499479
1597576
1723701
1653631
1471452
1891867
1667645
1807784
1597576
1723701
1695673
1499479
1835811
1793770
389843
345829
355260
396131
386699
330109
374124
339541
414994
345829
386699
333253
352116
361548
411850
380411
2256227
2236436
2394767
2493725
2315601
2592682
2177061
2276019
2315601
2671848
2177061
2434350
2196853
2671848
2513516
2632265
1034969
947394
899626
883704
971278
843897
1027007
835936
851859
979239
851859
883704
995162
939433
915549
843897
2476470
2122689
2122689
2594397
2653361
2515779
2083380
2358543
2358543
2476470
2378198
2555088
2594397
2653361
2535434
2555088
2515876
2663869
2685011
2325600
2515876
2219891
2790720
2494734
2706152
2219891
2642727
2304458
2706152
2304458
2241032
2769578
1985400
2254607
2052702
1783495
2103178
1985400
1850797
1934924
1850797
2237782
2069527
2271433
2120004
2220956
2220956
1918099
1629228
1908524
1784392
1908524
1986106
2001623
1986106
1737843
1768876
1986106
1830942
1970590
1970590
1955073
1737843
1970590
1715641
1540024
1675114
1796695
1823713
1810204
1661605
1810204
1513006
1823713
1715641
1756168
1418443
1445461
1648096
1796695
1167000
1281616
1271197
1281616
1219099
1125322
1354554
1114902
1104482
1375393
1187840
1260777
1312875
1229518
1167000
1094063
2140807
2548580
2324304
2324304
2426248
2181584
2446636
2222361
2426248
2670911
2630134
2568968
2201973
2283527
2181584
2303916
2714787
2766497
3438730
3154324
3309455
2869918
2999193
2947483
3283600
3309455
2818208
3231890
3180179
3206034
2869918
3387020
782085
847259
840742
853776
808155
775568
736463
814672
827707
814672
729946
873328
853776
703877
703877
697359
2480466
2310052
2234313
2215378
2044964
2347922
2253248
2044964
2291118
2234313
2291118
2158574
2442596
2139639
2044964
2291118
2241742
2537821
2241742
2643563
2707009
2495524
2855048
2685860
2707009
2833900
2622415
2410930
2537821
2241742
2262890
2791603
1079375
1070670
1070670
1061966
1088080
1035852
1149012
1053261
992328
1044556
1140307
1088080
1061966
966215
966215
1149012
2847547
3026920
2713017
3004498
2937233
2869968
2376692
2959655
3004498
3026920
2982076
3004498
2869968
2982076
3026920
2735438
1449707
1281972
1557536
1377820
1389801
1545555
1485650
1545555
1413763
1281972
1617441
1365839
1521593
1389801
1473669
1329896
1847269
2168533
2023964
1718763
1895458
1879395
2152470
1815142
2007901
1734826
2072154
2007901
2088217
2136406
1799079
1943648
3055888
3314862
3237170
3029991
3159477
2796914
2719222
3263067
3418451
3081785
2796914
3263067
3340759
3081785
3211272
2745120
623531
551387
602918
546233
675062
680215
690522
613224
659603
649296
654450
664756
556540
680215
551387
571999
300456
319383
283896
264969
286261
281530
274432
253140
272067
298090
317017
319383
264969
283896
314651
319383
1250115
1377246
1239521
1430217
1430217
1366651
1398434
1356057
1387840
1218333
1271304
1303086
1387840
1207738
1218333
1430217
2035636
1830362
2309335
2258017
2035636
1864574
2035636
2086955
1932999
2309335
2309335
2258017
2035636
1796149
2155379
2069848
2188223
2169834
2464049
2390495
1949173
1930785
2298553
2464049
2225000
1985950
2353719
1949173
2427272
2261776
2225000
2225000
296467
301136
315142
252114
287129
273123
275458
266120
287129
259117
312808
289464
294133
294133
301136
312808
1905144
2147323
1953580
1711400
1840563
1759836
2163468
1711400
1969725
1743691
2163468
1872853
2018161
1888998
2131178
2179614
2111564
2058775
2375509
2023582
2322720
1953197
2269931
2340317
2129160
1970793
2340317
1918004
2269931
2023582
2252335
1988389
2835030
2693278
3165783
2764154
3165783
2527901
2646028
3071282
2740529
2575152
2905905
2693278
2740529
2527901
2953156
2504276
2063022
1803234
1742108
1680981
1680981
1971332
1604573
1619854
1696263
1803234
1726826
1635136
2017177
1772671
2001896
1818516
2963593
2560545
2513127
2845050
2489418
2513127
2584253
2679088
2939885
2892467
2963593
2821341
2655380
2892467
3082137
2536836
898420
1112330
992541
932646
1137999
1018210
915533
1095217
1069548
983984
941202
1129443
1103774
992541
1155112
1146556
3206704
2888481
3304619
3035353
2619216
2815045
3280140
2643695
2888481
2986396
2815045
3182225
3304619
2570259
2594737
2961917
1759668
1622194
1622194
1553457
1443478
1855900
1580952
1855900
1745921
1580952
1443478
1787163
1498467
1457225
1622194
1677184
781792
851145
687221
769183
731354
743964
693525
762878
706135
725049
674611
769183
674611
750268
838535
668306
494281
531981
464960
456582
506848
536170
515226
498470
502659
519414
485904
519414
548736
527792
523603
506848
448755
425341
515093
433146
421439
409733
526799
507288
413635
444853
499484
468266
452657
499484
515093
444853
1935582
1663391
1587782
1844852
1769243
1723878
1602904
1663391
2011191
1723878
1844852
1875095
1965826
1784365
1996069
1920460
1690738
1482647
1742761
1599698
1755766
1729755
1521664
1534670
1677732
1560681
1365596
1742761
1508658
1677732
1573687
1560681
3277845
3303860
3017699
3173787
2809582
3329875
3329875
3095743
2757552
3017699
3147772
3199801
3485963
3173787
3381904
3147772
1603656
1634202
2061844
1634202
1603656
1603656
1741112
1817477
1664748
1985479
1741112
1741112
1970206
1634202
1970206
2000752
849929
897148
1007324
1046672
920757
1046672
912887
1054542
960105
928626
912887
920757
897148
983715
1023063
999454
90250
91110
104862
106581
111738
103143
96267
114317
97986
93688
102284
100565
113457
93688
104003
110879
1536444
1647960
1400146
1387756
1660351
1610788
1474490
1301021
1672741
1486881
1536444
1499272
1672741
1474490
1301021
1486881
2313340
2353925
2414802
2151000
2597434
2495972
2536557
2272755
2353925
2577142
2394510
2232170
2678604
2739482
2495972
2658312
2772327
3346773
3371749
3072038
2872230
2672423
2972134
3271845
2672423
3047062
2972134
3221893
3196917
3371749
3221893
3146965
1052638
947374
1052638
923083
1085027
1004055
850208
1076930
1044541
1004055
995958
906888
1060735
874499
987860
947374
120859
144389
117650
142250
133693
137971
132624
135832
144389
129415
114441
142250
129415
120859
121928
118720
870547
893061
915575
908071
810509
908071
968108
855538
960604
930585
787995
870547
975613
878052
870547
968108
1632799
1477295
1580965
1619841
1477295
1412501
1736469
1593923
1360666
1425460
1412501
1451377
1399542
1425460
1697593
1671676
903727
778822
918422
918422
940464
837601
786169
837601
933117
911075
844948
955159
889032
822906
786169
793517
1021405
892724
908809
860553
1037490
949022
1029447
844468
876639
1045532
876639
916851
989234
852511
900766
1069660
1816885
1864698
2008136
1976261
2071886
1976261
2151574
2008136
1785010
1785010
1769072
1832822
1705322
1960323
1689384
2055949
267995
267995
270548
293519
278205
313937
296071
329251
308833
308833
306280
267995
319042
283309
303728
278205
1948793
2422331
2112710
2349479
1930580
2404118
2422331
2221988
2185562
2422331
2021645
2349479
2440544
2313053
2003432
1912367
229210
272053
289190
231352
261342
259200
265626
244205
272053
250631
269910
284905
231352
280621
246347
276337
1987123
2081748
2346698
2346698
2119598
2119598
2308848
2024973
2403473
2195298
2422398
2270998
2081748
2062823
2517023
2062823
937315
839834
862329
787344
952312
1004801
794843
892323
982306
832335
832335
794843
944813
839834
839834
937315
2408547
2326901
2224844
2326901
2714718
2755541
2490193
2286079
2428958
2367724
2306490
2347313
2428958
2592250
2469781
2163610
3008528
3198042
3032217
2487366
2676879
2629501
3055906
2700568
2700568
2913771
2700568
3174352
3103285
3174352
2819014
3150663
2352966
2619340
2685933
2597142
2730329
2508351
2463955
2419560
2974505
2974505
2907911
2552747
2330769
2774725
2907911
2863516
290861
277838
230084
262643
258302
256131
245278
288691
251790
234425
269155
256131
266985
275667
277838
260473
2159335
2337793
2391330
2034415
2409176
1909495
2195027
2195027
1963032
2195027
2159335
2177181
1891649
2319947
2087952
2212873
3218506
2782919
2734520
3097510
2831318
2565125
3218506
3024912
2613524
2734520
2589325
2734520
3024912
2540926
2976513
2855517
109772
113149
110616
108083
96261
108927
89506
106394
93728
98794
92884
101328
91195
93728
89506
95417
1781294
1814281
1748307
1731814
2193631
2028696
1748307
1814281
1995709
2226618
1797788
2193631
2045190
1979216
2226618
1995709
2680947
2268493
2392229
2371607
2330361
2454097
2454097
2165380
2495343
2330361
2289116
2371607
2289116
2186003
2619079
2639701
2590916
2472248
2175578
2452470
2215134
2412914
2116244
2353580
2432692
2432692
2670028
2432692
2571138
2571138
2136022
2195356
1768028
1784867
1835382
1852220
2188988
1818543
2138472
2273179
2256341
1852220
2087957
2054281
2121634
2256341
2104796
1902735
1076073
1271723
1085856
1144551
1222811
1222811
1095638
1213028
1301071
1310853
1193463
1320636
1291288
1222811
1213028
1320636
1592710
1427068
1720126
1592710
1388843
1376101
1478034
1490776
1630935
1643676
1376101
1720126
1694643
1720126
1414326
1694643
1274439
1164574
1285426
1483184
1197533
1208520
1472197
1186547
1373318
1439238
1461211
1428251
1285426
1307399
1296412
1230493
1743710
1977242
1977242
1712572
1946105
2008380
1914967
1790416
1697003
2008380
1961673
2101793
2023949
1759278
1852691
2023949
2227339
2338706
1948921
2338706
2505756
1967482
2338706
2412950
1986044
2394389
2190216
2245900
2450073
2078849
2505756
2338706
2856419
2791500
2726582
2423628
2337070
2856419
2315430
2769861
2748221
2683302
2358709
2488547
2401988
2769861
2769861
2661663
1601970
1535221
1682068
1521871
1601970
1495172
1481822
1401723
1521871
1695418
1428423
1695418
1708768
1401723
1481822
1508521
818025
857928
818025
877880
751518
818025
818025
831326
824675
851278
804723
871229
784771
857928
824675
811374
1143102
1002556
1049405
1068144
1040035
1171211
1002556
1068144
1002556
1143102
1208690
1199320
1264908
1208690
1199320
1133732
1049384
924085
845772
1002397
924085
845772
1049384
1018059
924085
822279
845772
1033722
986734
1002397
916253
924085
2403878
2321694
2712068
2444970
2629884
2588792
2383332
2629884
2177872
2424424
2444970
2321694
2424424
2486062
2383332
2506608
1694146
2141656
1885936
1949866
1806023
1965848
1853971
1806023
1710128
2141656
2077726
1917901
2157638
1997813
2013796
1981831
3182
2919
3024
3313
3313
3182
3129
2814
3156
2945
3208
2919
2893
3129
2866
2787
1942938
1975320
2137231
1878173
1700070
1700070
2185805
1813408
1764835
1732453
1700070
2088658
1910555
1716261
2040084
2121040
1698050
1953510
1998591
1833294
1803240
1998591
1637943
1773186
1923456
1728104
1758159
1683024
1938483
1998591
1577835
2028645
2365435
2906106
2725883
2906106
2658299
2387963
3018746
2770939
2500603
2613243
2815995
2478075
2838522
2725883
3018746
2680827
849815
843520
667262
730211
749096
805751
805751
749096
742801
761686
679852
711327
692442
843520
711327
736506
2072268
2298333
2279494
2524399
2034590
2505560
2392527
1996912
2411366
2260656
2015751
2260656
2543238
2091106
2373688
2336011
37440
38814
37783
39501
41218
36753
42249
37096
42592
44997
40875
37783
40531
40531
38814
39501
3146265
2791423
3169921
2933360
2980672
3027984
2673142
2578518
2957016
3122609
3146265
2886047
2838735
2862391
2933360
3004328
878760
793719
779545
786632
892934
843326
864587
878760
779545
907107
907107
751198
921281
921281
857500
843326
2301593
2145553
2165058
2223573
2145553
2048028
2106543
2477138
2360108
2048028
2594168
2204068
2262583
2145553
2535653
2477138
5205
5642
5729
4723
5248
5554
5729
5205
4898
5073
4942
5248
4942
5205
5467
5817
883837
747862
877038
775057
890636
802252
843045
754661
727466
781856
815850
761460
904233
911032
822648
734265
3058675
2929070
3214201
3266043
3032754
3058675
3240122
3499332
3214201
3032754
3369727
3084596
3032754
3421569
2877228
3032754
890540
729841
756624
877148
729841
836973
863756
823582
716449
803494
723145
783407
703057
796799
776711
756624
1855292
1839701
1652613
1948836
2042380
1886473
2073561
1824110
1777338
1714975
2042380
1637022
1761747
1714975
2089152
1777338
38451
45343
39539
43167
46432
47157
43530
40628
46069
47157
43530
43530
40265
44255
38814
48608
2481426
2264793
2146630
2481426
2599589
2402650
2205712
2146630
2304181
2343569
2520814
2264793
2579895
2343569
2363263
2599589
102509
108311
101542
102509
112180
110245
120883
111213
121850
105410
105410
108311
123784
109278
103476
109278
1378538
1540719
1482798
1343785
1448045
1563888
1459629
1227942
1297448
1274279
1332201
1320617
1401707
1343785
1505966
1366954
525100
464842
473451
546620
520796
538012
559533
451930
550924
456234
546620
525100
469146
533708
576749
542316
538841
566010
556953
588650
611290
493560
489032
597706
520729
534313
507144
597706
611290
575066
529785
602234
1955701
2099974
1971731
1699216
1955701
1699216
1923640
1843489
1795398
2067913
1875549
1731276
1763337
1827458
1923640
2083944
113559
114446
99364
94928
103800
99364
110897
109123
100251
98476
108235
116220
116220
117994
110897
108235
764346
889540
777524
698454
876362
711632
718221
856594
836827
803881
731400
817059
823648
757756
863183
698454
1818835
1775870
1732906
1732906
1575369
1732906
1919086
1833157
1561047
1890443
1919086
1861800
1847478
1546726
1732906
1704263
2283340
2361403
2615107
2576076
2088183
2341887
2302856
2146730
2263824
2185761
2263824
2283340
2380919
2322371
2361403
2400434
2779353
2957232
2934997
2868293
2445831
2557005
2534770
2779353
2534770
2468066
3001702
2757118
2445831
2846058
2868293
2801588
1816222
1662541
1662541
1480919
1508861
1844164
1788280
1788280
1648570
1564745
1634599
1564745
1746367
1508861
1634599
1522832
2657734
2364755
2385682
2574025
2636807
2490317
2511244
2218266
2615880
2783296
2678661
2406609
2678661
2301974
2657734
2636807
2646467
2817997
2621963
3308084
2621963
3063041
2891510
3308084
2646467
2719980
3136554
2891510
3210067
3283580
3112049
3259075
350548
350548
420657
417470
340987
379229
379229
407910
414284
391976
360108
372855
423844
366482
395163
388789
3139843
2777553
3236453
3236453
2680943
2825858
2801706
3043232
2729248
3260606
3019080
2705095
2705095
3260606
2705095
2536027
52741
53141
44351
52741
42353
47947
43152
51942
45150
46348
52741
43951
49545
45150
46348
47148
2353238
2535817
2637250
2414098
2515530
2251805
2596677
2130086
2272092
2677823
2434384
2657536
2698109
2272092
2393811
2211232
1922656
1652282
1907635
1862573
1637261
1937676
1592199
1982739
1907635
1757427
1997759
1847552
1832531
1592199
1802490
1577178
634326
710680
710680
687186
745920
681313
616705
628452
745920
628452
751793
628452
634326
669566
763540
681313
1251864
1127712
1365670
1303594
1396708
1396708
1231172
1107020
1365670
1355324
1262210
1313940
1158750
1293248
1313940
1231172
2008765
2118334
2081811
2355733
2282687
2100072
1972242
2319210
2428779
1935719
2246164
2081811
2063549
2209641
2428779
1935719
371227
348557
297549
303216
345723
359892
342889
359892
306050
300382
342889
371227
342889
365560
311718
323053
2152200
2079857
2116029
2043686
2441572
1935172
1971343
2405400
2025600
2097943
2387315
2405400
2387315
2025600
1917086
2314972
1771380
1739463
2058631
2138422
1883088
2026714
1994797
1962880
1930963
1851172
2010755
2090547
2042672
1691588
1962880
1915005
491226
403245
417909
439904
443570
428906
410577
465565
439904
410577
403245
494892
480228
399579
465565
432572
1689460
1464198
1689460
1414140
1314024
1551800
1689460
1589344
1676945
1551800
1639402
1551800
1389111
1514256
1626887
1314024
3065392
2988113
2962354
3297228
3116911
2910834
3426026
2730517
3374507
2988113
2730517
3451786
2936594
3194190
3451786
3039632
2757656
2989391
3012565
2850350
2966218
2966218
2780829
2919871
2989391
2688135
2804003
2479573
2919871
3128433
2943044
2919871
3026100
2682225
2773925
2475900
2567600
3049025
2521750
2452975
2842700
2773925
2705150
2773925
2613450
2521750
2957325
2705150
3136347
2837648
2937214
3086564
2663406
3335481
3186131
2638514
2688298
2962106
3211022
2937214
2887431
2663406
3186131
2937214
749427
786284
755570
786284
675713
724856
687999
724856
792427
798570
730999
816999
810856
804713
755570
712570
180100
190875
190875
172403
192415
184718
180100
167785
186257
198572
207808
192415
186257
195493
164707
166246
3030096
2953059
2696271
3440956
3107132
2824665
2901702
3466635
2696271
3466635
2824665
3363920
3107132
2721950
2696271
2773308
3152901
2774553
2724106
3405133
3379910
3026785
3127678
2875445
2774553
3304240
2976338
2673660
3052008
3228570
2673660
3253794
403900
451022
437559
366876
454388
444290
403900
403900
400534
390437
424095
387071
424095
410632
397169
387071
2385285
2592701
2198610
2364543
2592701
2447509
2219352
2571959
2447509
2758634
2779375
2571959
2717150
2654926
2240093
2364543
806906
743757
870055
891105
813923
771823
820939
736740
926188
820939
764807
827956
771823
778840
736740
947238
1627990
1448526
1640808
1640808
1602352
1448526
1461345
1422889
1422889
1461345
1692084
1692084
1410070
1525439
1717721
1410070
229676
219315
222768
195138
226222
219315
184777
200319
222768
183050
189957
188231
229676
203773
186504
233130
2342625
2099686
2151744
1960864
2047628
2082333
1978216
1960864
2203803
1856747
1822041
1839394
1943511
2203803
2307919
2082333
1475841
1695923
1566463
1488787
1488787
1359327
1721815
1437003
1372273
1670031
1605301
1540571
1501733
1437003
1462895
1682977
104131
103217
95910
96823
99563
111438
108698
100477
112351
105044
98650
102304
114178
101390
112351
98650
912132
1055708
1038817
1013480
945915
1030371
996589
903686
1055708
920578
954360
937469
1013480
1140165
912132
1013480
2143437
1966160
1756651
1837231
2062856
1966160
1724419
2127321
1982276
1869464
2062856
2095089
1869464
2014508
2159553
1885580
1516089
1504336
1504336
1234026
1504336
1504336
1245778
1363305
1563099
1375057
1375057
1281036
1257531
1281036
1539594
1292789
3110420
3235841
2859580
3235841
3386345
3361261
2834496
3386345
2759244
3336177
2934832
3085336
3060252
2683992
3235841
3010084
1895732
1878653
2305620
1895732
1912811
2151912
1895732
2220227
1810339
1844496
1912811
1878653
1981125
2237305
2288541
1827417
138280
169588
170893
170893
170893
143498
155239
152630
148716
146107
173502
144802
172197
164370
147411
144802
2556808
2620200
2239848
2282110
2599069
2662461
2556808
2218718
2577939
2768115
2662461
2303240
2472286
2641331
2725853
2746984
1089807
1222214
1283325
1140733
1171288
1130548
1150918
1201844
1171288
1130548
1140733
1110178
1069437
1171288
1130548
1283325
1581354
1643612
1581354
1680967
1332322
1631160
1543999
1369677
1593806
1307419
1531548
1593806
1469289
1419483
1543999
1668515
2084643
1773502
2006858
1664603
1944630
1789059
1680160
1835730
1649046
1726831
1897958
2084643
1664603
2053529
1897958
1804616
2695481
2452446
2717575
2761763
2916422
2629199
2518728
2607104
2916422
2872234
2761763
2651293
2629199
2518728
2783857
2430352
1033383
1214679
1060578
1069642
1178420
1187484
1133096
1114966
988059
1033383
1105901
1133096
1187484
1096837
1114966
1015254
355961
346755
411196
340617
322206
383578
346755
352892
368235
389716
340617
383578
401990
362098
405059
368235
1419237
1168141
1146307
1222727
1419237
1320982
1146307
1211810
1473823
1168141
1200893
1168141
1288230
1473823
1288230
1386485
317475
314915
332837
296993
299553
317475
345639
330277
330277
291873
286752
299553
296993
320036
320036
294433
2216414
1880594
1947758
1880594
1763057
2098877
1830221
2014922
1763057
2216414
1998131
1964549
1897385
1830221
1947758
1897385
2577379
2922564
2738466
2876540
2968589
2531355
2577379
2807503
2853527
3037626
2692441
2991601
2439305
2600392
3014613
2876540
2746657
2880640
2389368
2657335
2344707
2925302
2813649
2501021
2568013
2969963
2947632
2344707
2635004
2813649
2679666
2635004
2584761
2605439
2191877
2791542
2667473
2315946
2191877
2564083
2708829
2791542
2274589
2646795
2770864
2191877
2253911
2522726
1360953
1113507
1103196
1092886
1092886
1360953
1185678
1319712
1257850
1268160
1309401
1185678
1299091
1175368
1340332
1082576
2348520
2611906
2633854
2831393
2919189
2546059
2480213
2831393
2392418
2370469
2589957
2568008
2875291
2546059
2458264
2787496
2207444
2150354
2074236
2207444
2112295
2055206
2188414
2511919
2131325
2359681
2055206
2397740
2492889
2492889
2492889
2492889
3145190
3098247
2933946
2980889
2887003
2675758
3074775
2887003
2699230
2722702
3004360
2933946
3027832
2581872
2628815
2933946
741217
889460
783572
762394
748276
811809
811809
748276
762394
896519
910638
924756
755335
741217
776513
931815
835576
827839
1021260
998049
874260
820102
858787
874260
1005786
943892
951628
889734
835576
874260
843313
943892
2117583
2548942
2215619
2646978
2294048
2176404
2294048
2097975
2607764
2568549
2646978
2078368
2274441
2646978
2058761
2490120
3170065
3343428
2749041
3269130
3244364
2823339
3021469
3170065
2674743
3021469
2922404
2649976
3244364
3071001
2749041
3095767
2060958
1861510
2094199
2044337
2011096
2144061
2094199
1745166
2011096
1977854
2060958
1994475
1778407
1778407
2077578
2193923
2158366
1771793
1771793
1884543
1804007
1836221
2077830
1852329
1739578
2045615
2126151
1820114
2110044
1965079
1771793
2093937
543506
488734
446602
442389
488734
463455
530866
543506
484521
556146
476094
568786
530866
497161
564572
514014
1159345
1317889
1060256
1070165
1258435
1317889
1238617
1189072
1139528
1337706
1228708
1139528
1129619
1198981
1268344
1258435
1534609
1599089
1483026
1508817
1354067
1405650
1637776
1521713
1366963
1521713
1637776
1560401
1354067
1715152
1444338
1379859
3340448
3112690
3289835
2986158
2657175
3365755
2834320
3365755
3340448
3239223
2960852
2758400
2859626
3264529
3062078
2809013
117536
114028
114028
112273
105256
101748
109642
99993
108765
105256
92976
96485
108765
113151
105256
112273
361859
452324
435571
442272
371911
378612
442272
378612
438922
445623
452324
412117
405416
405416
438922
412117
1031319
1237583
1209456
1134451
1190705
1265710
1265710
1209456
1115699
1031319
1003192
1209456
1096948
1012568
1125075
1190705
1385268
1385268
1231350
1282656
1128737
1149260
1180043
1333962
1354485
1323701
1344223
1138998
1313440
1262133
1210827
1344223
497693
414111
440706
478697
414111
463501
459701
474898
482497
444505
490095
467300
482497
452103
512890
406513
2430378
2302463
2792803
2856760
2686207
2856760
2664888
2558293
2622250
2643569
2707526
2366421
2494335
2259825
2707526
2473016
965342
1036849
1161986
1045788
974281
1054726
1161986
1090479
938527
1144110
1188801
1179863
992157
1081541
1036849
1027911
50147
51304
45904
50533
49761
44747
40889
51690
48990
41275
44361
42046
50533
47061
44747
42432
1913024
1845901
2114395
2097615
2131176
2114395
2181519
2047272
2181519
2215081
2080834
2097615
1929805
2013710
2198300
1896243
1144387
1278415
1092838
1092838
1329964
1350583
1371203
1319654
1381513
1391823
1103148
1319654
1123768
1257795
1288725
1185627
2730018
2730018
2426682
2361682
2838352
2513349
2340015
2426682
2361682
2903352
2556683
2361682
2361682
2491683
2881685
2318348
2693473
2902450
2530936
2972108
2670254
3018548
2902450
2461277
2856010
2902450
3088206
2832791
2786352
2507716
2507716
3088206
1638637
1638637
1503213
1489670
1814689
1733434
1570925
1774062
1774062
1625095
1489670
1611552
1625095
1449043
1449043
1516755
2820019
2461922
2372397
2842400
2350016
2663352
2820019
2931925
2775257
2640970
2372397
2394778
2730495
2394778
2618589
2842400
475985
418406
464469
479823
403051
414567
506693
414567
418406
422244
514371
518209
441437
456792
499016
491339
2756055
2692454
2565252
2586452
2607652
2459249
2650053
2671254
2671254
2628853
2226045
2374448
2628853
2734855
2819657
2565252
636564
572414
592153
666172
518134
542807
537872
567480
597087
528003
532937
542807
636564
532937
646433
557610
817238
895408
881196
845663
795919
845663
746174
945153
753280
788812
753280
945153
838557
795919
803025
746174
1416343
1537744
1794035
1429832
1605189
1524255
1605189
1726590
1578211
1713101
1632167
1483788
1429832
1483788
1686123
1618678
2983063
2580586
2698962
2912038
2509561
3077764
3077764
2912038
2604262
2793662
2580586
2769987
3172464
3101439
2959388
2817338
531302
526911
562039
557648
522520
491784
575211
588384
557648
592775
526911
579602
579602
469829
548866
575211
917552
917552
892528
892528
967601
900870
1034332
900870
900870
1009308
1000966
1126087
1017649
1059356
900870
1076039
797047
748741
718550
766856
736665
658168
766856
730627
718550
730627
646091
658168
742703
724588
652129
724588
2849264
2826099
3034582
2802934
2594452
2594452
3057747
2918758
2524957
2432298
2571287
3080911
2455463
2802934
2710275
3011417
498642
424042
514347
510421
522200
510421
471158
510421
435821
526126
427968
482937
459379
471158
427968
482937
510992
530274
631509
564019
510992
564019
539916
544736
621867
539916
631509
506171
645971
559198
554378
645971
1233511
1306686
1128976
1317139
1317139
1108069
1358953
1254418
1118523
1202151
1254418
1191697
1411221
1243965
1097616
1390314
473828
509254
553537
495969
504826
500397
491541
469399
469399
593392
553537
553537
522539
566822
535824
597820
2986104
2762146
3085640
3334482
2637725
2911451
2637725
2762146
2911451
3309598
2712377
3334482
2637725
3210061
2811914
3309598
1717648
1932354
1832158
1674707
1517256
1817844
1517256
1746276
1560197
1703335
1545883
1646080
1703335
1860786
1746276
1617452
131123
159732
147811
134699
132315
144235
126355
125163
154963
160924
137083
140659
145427
150195
141851
138275
684643
679534
597785
556911
633550
577348
679534
674424
648878
541583
562020
546692
536474
567130
659097
689752
1383223
1563643
1335111
1335111
1323083
1539587
1563643
1371195
1419307
1479447
1383223
1539587
1455391
1443363
1599727
1443363
1829177
1859920
2013632
1875291
1967518
1875291
1752321
1844548
2013632
2013632
1644722
2029003
1783063
1829177
1767692
1890662
1719730
1747245
1761003
1444573
1788519
1843550
1788519
1761003
1458331
1857308
1857308
1829792
1705972
1582151
1816034
1540878
1319393
1171700
1161853
1112622
1319393
1309547
1191392
1240623
1211085
1270162
1181546
1220931
1280008
1250469
1191392
1152007
940022
864820
819699
985143
804659
887381
1000183
977623
834739
977623
819699
894901
917461
827219
917461
864820
1003064
980439
942730
874853
852227
829602
867311
852227
912562
867311
905020
799435
882395
882395
822060
995522
1288485
1191037
1158554
1342623
1375106
1180209
1461727
1256002
1342623
1201864
1147726
1385934
1169381
1266830
1364278
1201864
307837
251005
262845
274685
272317
295997
251005
305469
314941
265213
272317
300733
248637
291261
310205
295997
2149643
1870015
2359365
1870015
2062260
1870015
2306934
1939922
1957399
2271981
2079736
2184597
2306934
1835061
1904969
2202074
752283
801613
776948
678288
783115
820112
733784
659789
665956
795447
764616
746117
715286
764616
813946
826278
2541623
2655089
3018178
2836633
2836633
2745861
3040871
2995485
3018178
2428158
2609703
2450851
3040871
2541623
2609703
2972792
3055818
2934556
2789040
2764788
2643525
3152828
2595020
3225586
3274091
2813293
2861798
2764788
3007313
3225586
3031566
2983061
2488747
2510202
2317109
2724749
2746204
2681840
2488747
2767658
2445838
2295655
2617475
2832023
2317109
2660385
2832023
2596021
1301151
1487030
1313543
1325935
1648125
1511814
1400286
1648125
1338327
1437462
1586165
1635733
1610949
1462246
1598557
1400286
1456334
1456334
1497943
1803080
1692121
1595032
1858559
1650512
1747601
1525683
1789210
1705991
1678251
1872429
1789210
1678251
2063391
1861706
1737592
1768621
1675535
2032362
1908249
2032362
1923763
1675535
1877220
1768621
1985820
1892734
2001334
1985820
1161809
1057766
1153139
1161809
1135798
1005745
1023085
1101117
1135798
953724
1083777
1005745
1040426
1161809
919043
962394
1754143
1533148
1616021
1533148
1464087
1643645
1560772
1602209
1767955
1491712
1850828
1560772
1519336
1629833
1754143
1767955
1899904
1502909
1545444
1885725
1729763
1545444
1545444
1687228
1914082
1587979
1786477
1899904
1701406
1729763
1517087
1800655
2749302
2523950
2546485
2523950
2816908
2929585
2659161
3019726
2388738
2569020
2636626
2681697
2816908
2636626
2501414
2591556
2575295
2693427
2575295
3118705
3000573
2740680
2480788
2717054
2504415
2551668
2504415
2787934
3189585
2787934
3071452
2764307
2693859
2446922
3030592
2469371
2963245
2604064
2985694
2851001
2469371
2648961
2693859
2716308
2806103
2446922
2806103
2491820
2487422
2966650
3012291
3080752
3012291
2647165
2647165
2601524
3080752
2441781
2533063
3080752
2921009
2464602
2806907
2487422
1576465
1861731
1831703
1711591
1936800
1681563
1921786
2026884
1591479
1996856
1726605
1696577
1606493
1951814
1996856
1681563
252139
206296
202475
244499
244499
236858
227307
229218
219667
246409
252139
252139
246409
206296
242589
212026
2816371
2816371
2975788
3082066
3374331
3268053
3241483
2842940
2816371
2869510
3586887
2842940
3214914
2896079
3507179
2975788
12879
12983
12983
13814
12256
12568
11217
12360
12776
13918
12048
11529
12048
11841
13087
12672
903252
809314
917704
953834
961060
917704
917704
773184
823766
867122
961060
758732
816540
881574
794862
830992
1449097
1355607
1285489
1297175
1238744
1273803
1355607
1390666
1565960
1542587
1472470
1577646
1449097
1390666
1390666
1308862
2402104
2579308
2205210
2323346
2382414
2500551
2421793
2539930
2480861
2461172
2343036
2303657
2441483
2579308
2106763
2500551
3014204
2877194
2922864
2763020
2671680
2694515
2991369
2534671
2785855
2603176
2854360
2534671
2626011
2945699
2785855
2763020
651145
610449
749980
767421
616262
715097
686028
767421
726725
674400
651145
697656
784863
633704
709283
738352
1239364
1183453
1043675
1211408
1006401
1099586
987764
1071630
1192771
1006401
997082
1099586
1015719
1127542
1015719
1258001
2280929
2299323
1931431
2096983
2207350
2133772
1949826
2078588
2115377
2225745
1986615
2354507
2299323
2354507
2391296
2428085
28942
29731
30783
27889
35256
31046
27889
31573
28942
34467
30257
32362
33678
31836
29205
35519
1331669
1331669
1149101
1310190
1385365
1374626
1363887
1342408
1342408
1353148
1406844
1256494
1385365
1202798
1449801
1192058
300206
260835
280520
329735
312510
319892
327274
260835
265756
290363
317431
324813
265756
310049
268217
305128
2814541
2465450
2792723
2421814
2290905
2749086
2814541
2509087
2901813
2574541
2399996
2399996
2378178
2836359
2334542
2465450
1588463
1618434
1963100
1768289
1618434
1663390
1678376
1873187
1648405
1678376
1948115
1933129
1948115
1663390
1903158
1918144
1806358
1909159
1835730
1688871
1879787
1894473
1850415
1953216
1688871
1615442
1923845
1835730
1791672
1644814
1894473
1615442
1304359
1271750
1413055
1195662
1434795
1347837
1250010
1467404
1413055
1380446
1206532
1260880
1260880
1304359
1195662
1358707
1381184
1530501
1468285
1318968
1381184
1306525
1567830
1468285
1592716
1493172
1542944
1605159
1406070
1480728
1393627
1381184
520104
568712
524965
534686
520104
520104
554130
612459
656206
588155
617320
593016
641624
583294
602737
578434
1173981
1415360
1272727
1163009
1393417
1371473
1184953
1338558
1371473
1349530
1163009
1426332
1415360
1481191
1393417
1239812
2182753
2570345
2651944
2570345
2488747
2631544
2611144
2611144
2651944
2488747
2651944
2529546
2427548
2733542
2692743
2570345
1477998
1453364
1576531
1379464
1453364
1539581
1342514
1527264
1453364
1502631
1490314
1441048
1317881
1650431
1477998
1404098
3129921
3181655
3052320
3388592
2974718
3129921
2948851
2819516
3181655
3362725
3052320
2871250
2741914
2845383
3466194
3078187
2583585
2492131
3017993
2880812
2972266
2995130
2766494
2835085
2972266
3017993
2469267
2560722
3017993
2583585
2514994
2675040
1922991
1701107
1996952
1582769
1996952
1701107
1686315
1893406
1982160
1937783
1863822
1745484
1996952
1922991
1567977
1553185
865579
673228
743757
750168
711698
820697
833521
865579
673228
782227
743757
769404
801462
801462
814285
788639
1268828
1453384
1222688
1407245
1476454
1268828
1349571
1384176
1464919
1211154
1430315
1534128
1384176
1418780
1268828
1280362
1585954
1641118
1544581
1696281
1558372
1723863
1696281
1585954
1751445
1834191
1613536
1682491
1668700
1847981
1806609
1792818
2395394
2256818
2395394
2632954
2197428
2138038
2593361
2138038
2652751
2316208
2256818
2118241
2593361
2553767
2573564
2256818
13172
13712
11336
11552
13820
13820
13064
12416
12416
11876
12416
12956
11444
14144
13280
12956
1964213
2180457
2378680
1964213
2126396
2018274
1982234
2432741
2270559
2252538
2324619
1892132
1892132
2126396
2108376
1946193
1189522
1436404
1279297
1312963
1402738
1279297
1245632
1200744
1447626
1357851
1256853
1312963
1279297
1436404
1268075
1189522
2034821
2155531
2207264
2293485
2276241
2207264
2327973
2121042
2172775
2155531
2034821
2224508
2069310
1862379
2034821
1879623
3019390
2971079
2874459
2971079
3236786
2995234
2995234
3116010
3067700
2753683
3116010
2560442
2777838
2995234
3067700
3091855
3451001
3061790
3217475
3295317
3165580
2906106
2854211
3269369
3035843
2750422
2802317
3087738
3165580
3087738
3061790
3502896
93690
107074
89507
88671
112930
93690
93690
97872
102055
89507
100382
112093
89507
104565
94526
107074
1466106
1331806
1219889
1466106
1320614
1298231
1421339
1342998
1398956
1443722
1208698
1186314
1264656
1365381
1421339
1387764
3193932
3218129
2613217
3097146
3048753
3145539
2637414
2976164
3193932
3072950
2927771
3242325
2661610
2540628
3048753
2976164
2647021
2796450
2860491
2647021
2796450
2796450
2711062
2881838
2241429
2817797
2860491
2647021
2433552
2390858
2860491
2625674
2855123
3248933
2682831
3273546
3298159
2855123
2707444
3199706
2584378
3052028
3150480
3224320
3322772
2953575
2732057
2830509
2492637
2652714
2424032
2675582
2835660
3064342
2698451
2995738
2538373
2767055
2972869
2424032
2858528
2515505
2469768
2881396
1113775
1286602
1209790
1123376
1152181
1171384
1228993
1027361
1113775
1036963
1056166
1248196
1161782
1056166
1228993
1113775
1729899
2039976
2007336
2023656
2039976
2056296
1746219
1778859
2023656
1795179
1876778
2137895
1991016
1729899
1893097
1991016
2354910
2743794
2614166
2916631
2354910
2873422
2441328
2830213
2311700
2830213
2635770
2765399
2657375
2311700
2873422
2290096
888166
873238
992656
918020
843384
910556
835920
835920
918020
918020
806066
820993
858311
940411
955338
918020
2912645
3267228
2811335
2735353
3343210
2811335
2861990
2760681
3115264
2963299
3393864
3039282
3013954
2912645
2760681
2937972
1295821
1196143
1226046
1056593
1046625
1156271
1245982
1265918
1126368
1325725
1275886
1285853
1315757
1305789
1335693
1216078
317131
352671
306195
349937
314397
297994
322599
336268
328066
352671
349937
355405
360873
303461
344470
311663
902066
817256
940616
840386
979166
855806
902066
1033135
902066
956036
917486
979166
1002296
863516
917486
948326
2643745
2780491
2575372
2643745
2848863
3053981
2712118
2643745
2393045
3031191
2529791
2415836
2620954
2415836
2757700
2826072
1758477
1774759
2165532
2002710
1970146
1774759
2165532
1986428
1807324
1953864
2165532
2116686
2198097
2132968
2149250
1725913
2249379
2213099
1904716
2176819
2067978
1977277
2358220
1977277
2213099
2067978
2140538
2448921
2122398
2249379
2213099
2303800
796868
935454
935454
769151
727575
727575
893878
859231
866161
810726
907736
880019
796868
845373
907736
769151
2258626
1840362
2241896
2141512
2007668
1907284
2057860
2074590
1840362
1957476
2141512
2057860
1957476
2007668
2091321
2174974
3433002
3356144
2690039
3279285
2792516
3253666
2741277
3125569
3304905
3099949
3151188
2869375
2818136
3433002
2690039
2792516
1183201
1415418
1282723
1470708
1326955
1260607
1194259
1371187
1271665
1161085
1404360
1492824
1271665
1227433
1360129
1393302
1860600
1797529
1813296
1702922
1829064
1829064
2002510
2049814
1781761
1892136
1892136
1718690
2112885
1907903
1907903
1876368
1419276
1342261
1276248
1441280
1452282
1331258
1364265
1441280
1463284
1474286
1298252
1254243
1419276
1221237
1452282
1155224
783530
855957
809867
836204
750609
691350
730856
711103
842789
842789
783530
888879
816451
849373
737440
823036
1747714
1941904
2103730
1974269
2022817
2152277
2168460
1812444
1893357
2168460
1844809
1990452
1893357
1747714
2168460
2119912
3193114
3087557
3325061
2929221
3404230
3061168
3087557
3298672
2850053
3377840
3377840
3219504
3272283
3113946
2981999
3140336
1561686
1550032
1305290
1456797
1421834
1480106
1293636
1398525
1340253
1223709
1433488
1386871
1340253
1328599
1316944
1363562
2653460
2548993
2381846
2799714
2695247
2757927
2507206
2528100
2277379
2695247
2548993
2799714
2632567
2235592
2548993
2820607
1515512
1504117
1355984
1412958
1515512
1207851
1253431
1310405
1264826
1207851
1401564
1469933
1310405
1196457
1276220
1219246
2703983
2967203
2632196
2751841
2703983
2847558
2991132
2799700
2799700
2560409
2751841
3015061
2967203
2680054
3015061
3038990
10052
9532
10572
11525
10312
10399
9272
11352
10659
10832
10659
9619
10572
11699
11352
10572
1449198
1399653
1548288
1412039
1473970
1498743
1659765
1548288
1548288
1672151
1548288
1498743
1399653
1350107
1523516
1634992
1954006
2004109
2070912
1837100
1853801
2171118
2171118
2237921
1987408
2237921
2171118
1820399
1970707
2104314
2054211
1887202
2930329
2430583
2544161
2566877
2907613
2953044
2884897
2657740
2794034
2589593
2612308
2430583
2657740
2498730
2953044
3066623
1770790
1840506
1742903
1631357
1854449
1812619
1673187
1561641
1812619
1882336
1464039
1533755
1701074
1659244
1617414
1603471
1438685
1372284
1206282
1460818
1228415
1283749
1305883
1405484
1471885
1239482
1460818
1316950
1328017
1482952
1283749
1482952
370307
342063
417380
348340
411104
401689
373445
417380
338925
395413
379722
332649
414242
389136
411104
423657
86727
89718
81493
88222
100185
83736
89718
78503
100932
82989
80746
100185
81493
91213
90465
98689
2501967
2288124
2373661
2865501
2651658
2779964
2865501
2886885
2630273
2822732
2373661
2245355
2330893
2266740
2544736
2673042
113028
108779
91782
111329
103680
112178
108779
90083
105380
95182
102830
112178
92632
112178
100281
98581
1031691
1151061
1014639
980533
903796
912322
1031691
1108429
1142534
1048744
997586
1040218
1040218
963480
1040218
1091376
2763715
2381738
3010876
2381738
2898530
2876061
2943469
2539022
2763715
2808653
2741246
2449146
2943469
2583961
2539022
2426676
1845600
2011870
2061751
1912108
1928735
1779092
2178140
1779092
2128259
2161513
1928735
2211394
2011870
2011870
2028497
2095005
2222941
1960389
2135424
2152928
2170431
2152928
2292955
2292955
2187935
1942886
2222941
1995396
2047907
2327962
2047907
2292955
1990314
1855377
1855377
2226453
1855377
1889111
1889111
2175852
2277054
2074649
2277054
2158984
2108383
1855377
2243320
2226453
966576
1143929
1010914
1064120
1179400
957708
1081855
931105
957708
966576
1143929
1143929
1135061
1037517
1135061
1064120
543226
459005
496905
551648
480060
459005
526382
547437
467427
492694
534804
530593
522171
513749
555859
526382
3250647
3401840
3275846
2897864
2696273
2998659
2645876
2897864
2696273
3023858
2671074
3149852
3275846
3401840
2771870
2696273
2475240
2475240
2557066
2475240
2229761
2638892
2291131
2577522
2761631
2332044
2434327
2638892
2475240
2188848
2168392
2557066
964656
938347
1087430
1017273
982195
929577
1017273
1122508
1061121
1148817
999734
938347
1017273
1140048
999734
1026043
1843298
1894501
2031042
1843298
2218785
2269988
2167582
2150515
2201717
2116379
2099312
1928636
1945704
2099312
1860366
2048109
3112578
2646916
2916510
3161595
3039052
2720442
2671425
2597899
3308646
2769459
2622408
3235120
2646916
3284137
2892001
2990035
701651
608870
632065
730645
608870
701651
771236
777035
678456
690053
620468
655261
655261
695852
759638
666858
3090681
3209553
2852936
2805387
2615191
3090681
3114455
3114455
2829161
2734064
2662740
3019357
2686515
2591417
3209553
2900485
2888538
2670077
2961358
3228366
2572983
2791444
3009905
3204092
3106999
2694350
3034178
2670077
2912811
3276913
3058452
3058452
1427669
1314362
1371015
1461661
1495653
1450330
1246378
1371015
1269039
1484323
1484323
1348354
1291700
1506984
1212385
1529645
2149729
2603342
2070840
2662509
2070840
2228618
2642786
2366674
2268063
2642786
2623064
2268063
2524453
2366674
2327230
2524453
3419898
2960509
2986030
2883944
2832900
2934987
3113638
3317811
3164682
2756336
3266768
3292290
2832900
2960509
2679771
3190203
693565
781730
775852
664176
764097
617155
787607
628910
705320
717075
728831
793485
769974
705320
664176
787607
79053
84033
69716
75941
75318
76563
67849
65359
67226
80298
77186
80921
75941
82166
74696
76563
1961277
1915310
1792730
1670150
1746762
2053212
2068534
1930632
1731440
1731440
1930632
1685472
1639505
1854020
1731440
2068534
2556091
2751047
2404458
2491105
2361135
2274487
2794370
2534429
2317811
2837694
2404458
2621076
2837694
2859356
2881018
2686061
2743544
2838972
2624260
3125255
2504975
2552689
2886686
3172969
3101398
3053684
3077541
2791258
2910543
2743544
3220682
2886686
2166384
1895586
2383022
2040011
1913639
1949745
2419128
2437182
1913639
2112224
2383022
2328862
1931692
2274703
1985852
2040011
158255
174914
162420
149926
183243
184631
154091
167973
158255
165196
186020
169361
149926
173526
181855
183243
1535818
1473386
1423441
1398468
1361009
1660681
1373496
1398468
1510845
1323550
1685654
1598250
1635709
1510845
1660681
1498359
2435900
2570162
2589343
2301638
2263277
2570162
2090654
2397540
2378359
2455080
2301638
2339999
2186556
2531802
2378359
2301638
1566505
1409854
1566505
1289354
1506255
1494204
1554455
1506255
1542405
1301404
1530355
1554455
1542405
1590605
1385754
1289354
29089
28077
28583
30606
30859
32124
33642
30101
30101
27065
32377
27065
31618
34148
29595
26559
1534903
1338436
1436669
1448949
1522624
1436669
1571741
1547182
1301598
1534903
1399832
1571741
1485786
1313877
1571741
1461228
2997349
3126545
2971510
3152384
2764796
3229902
3126545
3204063
3410777
3384937
3410777
3488294
2919831
3307420
3462455
2764796
1909549
1822751
1961628
1996347
1822751
2117863
2065785
1961628
2152582
2031066
2100504
1944268
2343537
2187302
2274099
1909549
449810
449810
457771
469713
489616
441848
521461
477674
537383
489616
513499
449810
489616
485635
481655
529422
2990229
2809784
3170674
2861340
3428452
2912895
2835562
3222230
3093340
3170674
3428452
3299563
3248007
3428452
3222230
3196452
737957
893673
900443
805659
900443
839511
846281
846281
886902
839511
839511
737957
792119
805659
710876
771808
2420465
2270525
2463305
2806026
2334785
2677506
2548985
2763186
2891706
2270525
2634666
2698926
2591826
2848866
2356205
2399045
2581027
2581027
2305999
2305999
2454091
2750274
2454091
2221375
2411779
2813742
2771430
2623339
2856054
2771430
2559871
2496403
1304211
1316400
1413911
1316400
1426100
1426100
1523611
1279833
1279833
1279833
1413911
1401722
1547989
1426100
1596744
1547989
3410219
3071800
3436251
3384187
3175929
2785446
2733382
3410219
2993704
2759414
2785446
3254026
3175929
3280058
2759414
3436251
1296477
1565557
1308708
1357632
1320939
1320939
1406555
1626712
1541095
1528865
1479941
1516634
1308708
1431017
1382093
1504403
1442758
1468753
1598731
1455755
1533742
1546740
1624727
1637725
1494749
1455755
1650723
1611729
1507747
1429760
1624727
1403764
1264020
1061391
1128934
1283318
1215775
1273669
1273669
1177179
1177179
1177179
1119285
1138583
1109636
1022795
1215775
1022795
2970548
2349836
2615855
2660192
2881875
2549351
2438509
2593687
2793202
2682360
2327668
2615855
2527182
2482846
2460677
2926211
1658520
1806843
1550649
1591101
1429294
1645037
1698972
1712456
1577617
1766392
1685488
1618069
1806843
1658520
1779876
1712456
310663
323501
315798
277286
326068
282421
284989
328636
284989
328636
333771
323501
338906
277286
341473
318366
463249
424645
517294
424645
405343
432365
474830
497992
413063
432365
497992
440086
505713
405343
413063
420784
3406725
3129140
2826320
3002965
3230080
3053435
2750615
3331020
2952495
3053435
2750615
3028200
3230080
3154375
3154375
3053435
868206
855150
796400
802928
776816
685426
796400
815983
789872
737649
744177
855150
724593
750705
881262
783344
