23847
23847
22792
29756
30389
27646
24480
27224
28279
26591
27224
28279
26802
23847
24902
22159
3211444
2821483
2890300
2867361
2523277
2637972
2729727
2706789
2959116
2706789
2982055
3303200
3165566
2683850
3004994
2729727
1284356
1193428
1545774
1488944
1398016
1466212
1500310
1443480
1432114
1443480
1318454
1352552
1238892
1227526
1250258
1568506
2532024
2873646
2652596
2793264
2371260
2552119
2150211
2290879
2612405
2411451
2270783
2893741
2290879
2893741
2190401
2190401
1230798
1129762
1120577
1285908
1065466
1184872
1056281
1203242
1322648
1074652
1276723
1239983
1001171
1313463
982801
1010356
269221
307681
290588
237171
301271
288451
299135
247854
284178
235034
282041
305545
267085
282041
292725
247854
1043505
798821
1043505
1021915
827607
877983
913966
978736
1043505
1043505
971539
877983
856394
820411
827607
863590
627332
582164
542015
582164
592201
552052
637369
652425
562089
607257
722687
531977
607257
622313
727705
712649
85293
98168
97363
91731
93340
92535
113457
107824
91731
111043
105410
110238
91731
114261
105410
94949
2670365
2817551
2817551
2754471
2460100
2880630
2439074
2228809
2964736
2901657
2670365
2733445
2733445
2670365
2985763
2817551
1946922
1705333
1577433
1719544
1890077
1762177
1875866
1662699
1534799
2060610
1719544
1790599
1804810
1861655
2046399
1904288
3570010
3184757
3210441
3159074
3364542
3415909
2979289
3647061
2696770
3364542
3390225
3030656
3030656
3724111
3415909
3724111
3570930
3518416
3544673
3334618
3465902
3597187
3492159
3649700
2756968
2940766
3045793
3308361
3308361
3098307
3203334
3544673
951081
942192
1173296
1164407
1137742
933304
1022190
1271071
1244405
1111076
1191073
1253294
1235516
1182185
1013301
1164407
3642307
2961012
3458881
3301659
2987216
3616103
3275456
3458881
3799529
3327863
3642307
3458881
3773325
3354067
2987216
3616103
31621
30356
32127
35415
33897
33645
33139
30609
33392
32127
32633
35162
34909
30356
30862
26561
2923381
3203009
3584320
2974223
2847119
2720015
3101326
2796278
3075905
3050485
3253850
3101326
2821698
3457216
3380954
3279271
1707472
1680999
1548637
1680999
1548637
1416275
1641291
1853070
1548637
1906015
1442747
1919251
1641291
1601582
1906015
1628055
3496855
3030607
3600465
3237828
2719776
3704076
2771581
3419147
3678173
3419147
3470952
3186023
3419147
3134218
2771581
3263731
918425
884721
909999
1103795
918425
1162776
935277
1171202
960554
1011110
884721
1078517
1086943
1019536
1095369
901573
1113220
887228
1155071
1021149
1096480
1121590
954189
1046260
1088110
878858
1029519
1079740
1155071
1121590
1146700
1037889
51656
51656
63290
58171
61894
55379
51656
64221
48863
62359
65151
52121
50725
54448
60963
53052
3025800
2767184
3362000
3129246
3517169
2715461
3672338
2948215
2922354
3387861
2793046
3051661
3129246
2896492
2974077
3620615
1442307
1558622
1279466
1535359
1500464
1372518
1477201
1512096
1279466
1221308
1674937
1267834
1500464
1291097
1419044
1500464
3738516
3526401
3181716
3181716
3605944
3234744
2837030
2784001
3128687
2943087
3765030
3658973
3314287
3844573
3208230
3473373
1250765
1577051
1435661
1316022
1522670
1511794
1196384
1370403
1392156
1261641
1174631
1555299
1403032
1229012
1207260
1185507
1204791
1214203
1251853
1007130
1214203
1157728
1157728
1204791
1261265
1016542
1176553
1120079
1261265
1233028
1176553
1242440
3098953
2905268
2582461
2991350
2517899
2776145
2560940
2582461
2948309
2668543
2647022
2926789
2259653
2647022
3098953
2603981
662797
604471
731728
562052
641587
731728
641587
657495
599168
694611
630983
737030
715821
620378
620378
567354
3091649
2892188
3365909
2917121
3565370
2692727
2692727
2742592
2817390
2842323
3216313
2667794
3615235
3590303
2942053
3166447
2757390
2973186
3404778
3308868
2637504
3332846
2685458
2637504
3476709
3308868
2589549
2829322
3212959
2997163
2613526
2589549
2782325
2883134
2883134
2338766
2923458
2258119
2842810
2600869
2157310
2116986
2802487
2661354
2419413
2500060
2782325
2258119
363550
412600
323155
389518
409715
412600
337582
377976
418371
343353
308729
398174
389518
409715
409715
395288
608011
498988
574465
444477
566079
482215
524147
473829
540920
490602
566079
545113
524147
511567
461249
465442
2876707
2973403
3166795
3190969
2659141
3239317
3505231
2562445
2538271
3287665
3456883
2780011
2973403
3045925
3239317
2828359
1863595
2122878
2025647
2236314
1766364
2155288
1814980
2122878
2203904
2139083
1863595
2203904
2333545
2106673
2252520
1912211
3032029
3107829
3436299
3006762
3512100
2703559
3587901
3259431
3663701
3411032
3107829
3284698
2754093
3360499
2956228
3587901
3414993
3439920
3265431
3514701
3539628
2891527
3439920
3215577
3041089
3215577
3041089
3265431
3240504
3315285
3589482
3489774
596334
544683
676159
582248
582248
596334
493032
629203
563466
554074
554074
610421
676159
568161
516510
572857
2577183
2577183
2325278
2150882
2712824
2228391
2131505
2519051
2577183
2557806
2615938
2654692
2615938
2615938
2770956
2460919
269845
239622
295750
295750
235304
304385
308702
293591
246098
267686
235304
233146
289273
265527
256892
282797
1206404
1064963
973443
1189764
940163
981763
1181444
1189764
1064963
1040003
965123
923523
956803
990083
1073283
1048323
2020740
1866485
1635103
1743081
1681379
1681379
2097868
1712230
1681379
1928187
1866485
1912762
1696805
1665954
1881911
2005315
910269
917493
773006
1040307
765782
830801
903045
838025
801903
809128
1018634
910269
816352
931942
780230
888596
3006294
2759508
2737073
2557593
2961423
3208209
2983858
2692203
2490288
2355678
2422983
3163339
2849248
2557593
2692203
2602463
1734077
1721326
1683075
1568320
1568320
1644823
1491816
1619322
1683075
1632072
1810580
1619322
1453564
1338809
1619322
1440814
96650
89578
88793
94293
102151
88793
106866
92722
102151
95865
99008
102937
106080
105294
99794
88793
1780895
1470587
1618995
1794386
1848353
1457096
1470587
1902319
1605503
1888828
1699945
1659470
1767403
1511062
1834861
1875336
2121655
2312795
2026085
2465707
2580391
2274567
2542163
2752417
2083427
2255453
2351023
2140769
2637733
2102541
2408365
2178997
720547
892106
802896
857795
905831
768584
802896
871519
796033
878382
885244
919556
789171
857795
905831
988179
2679625
3074979
3118907
2328198
2965158
2679625
2811409
2899266
2833374
2438019
2833374
2591768
2372127
3096943
2459983
2921230
2442500
2794386
2380403
2897882
2566695
3001378
2980679
2339005
2980679
2918581
2318305
2525297
2442500
2877183
2939280
2794386
438748
475035
465139
418955
392564
451943
362874
359575
451943
435449
389265
352978
362874
372771
465139
442047
2662567
2970633
2442520
3014642
2860609
2794595
3146670
2838605
3014642
3058651
2794595
2552544
2772590
2992637
2706576
3058651
888834
825907
983223
880968
865236
1093344
1061881
865236
1054015
983223
841639
975357
857371
983223
959626
1006821
32754
42333
40479
34917
36771
35226
43260
32754
40170
38007
36153
42023
37389
35226
39861
38007
1922441
2120788
1663064
2197075
1983471
1983471
1846153
1968213
1876668
1998728
1632549
2059758
2105530
1800381
1693579
2166560
892328
921113
892328
935506
899525
834759
928309
813170
1036252
798778
805974
993075
971487
942702
1043449
928309
1146383
1394250
1342611
1208350
1290972
1218678
1425233
1456216
1270316
1177366
1249661
1115400
1094744
1146383
1146383
1125728
3089193
2952905
2771188
2385039
2566756
2544041
2634900
2884761
3225481
2930191
2475897
3180052
3225481
3248196
3134623
2612185
598367
592827
626069
603907
659312
703635
670393
703635
614988
603907
681474
637150
642691
592827
714716
609448
1699044
1781924
1795738
1920058
1850991
1560910
1726671
1961498
1588537
1754297
1450403
1712857
1989125
1850991
1823364
1533284
1788596
1717052
1988919
1974610
1759978
2074771
1788596
1945992
1845831
1788596
1616891
1545347
1888757
1545347
1903066
1903066
1856680
1889253
2361567
1726387
2247560
1758960
2166127
2133553
1710100
1921827
2166127
1758960
2068407
1824107
1791533
2361567
1833977
1746645
1528314
1775756
1601091
1921310
1659313
1950420
1863088
1571981
1790311
1979531
1819422
1906754
2081419
1688424
770726
852573
900317
934420
988985
798009
838932
757085
941241
750264
804829
975344
927600
791188
832111
791188
654453
626955
791943
615956
670952
764445
604957
643454
610456
780944
648953
736947
731448
665452
681951
742447
2523378
2172909
1892533
2383190
2348143
2225479
2190432
2225479
2470807
2418237
2348143
2015197
1945104
2470807
2488331
2102815
366396
450700
463670
463670
350184
415033
421518
431245
440973
466912
440973
440973
366396
437730
398821
343699
2948533
3039961
3291386
2902819
3199959
3039961
3291386
2468539
3108531
2994247
2537110
3062817
2788535
3085674
2514253
2628537
3365954
3007874
2984002
3270466
3198850
3222722
2769154
2960130
3151106
3246594
3103362
2673666
2530434
2936258
2816898
2936258
3042205
2553676
3086617
3019999
3019999
3042205
2376029
2442646
3197646
3219852
2598087
2820146
3064411
3086617
2820146
3042205
673060
786230
643279
649235
780273
851749
792186
774317
804099
661148
726667
714754
696885
714754
804099
625410
2048602
2296417
2032081
2279896
1800787
1751224
2197291
1850350
2114686
2329459
2296417
1767745
1899913
2246854
1833829
2032081
3551556
3551556
2959630
3452902
3230930
3008957
3502229
3576220
3230930
3255593
2885640
3230930
3181603
3304921
3280257
3132275
1085493
1133382
1029622
989714
1125401
1101456
846046
838064
1157327
1141364
949806
1117419
1117419
838064
1037604
877972
1824568
1782462
1600005
1936849
1922814
1908779
1543865
1656146
1487724
2021060
1642111
1670181
1866673
1838603
1950884
1810533
2584359
2730250
3022033
2771934
2230052
2563518
2813617
2438468
2730250
2730250
2459309
2584359
3001191
2876142
2188369
2605201
2837576
2651166
2485468
2775440
2734015
2299058
2754727
2941138
2734015
2796152
2340483
2216209
2941138
2713303
3003274
2236921
2169985
1900717
1694806
1948235
2027431
2185824
2280860
1932395
1869038
1758163
1837359
1837359
1789842
2106628
1853199
1742324
928648
1083423
980240
1195205
980240
1203804
1160811
1212402
1109219
963043
911451
1006036
1152212
1143613
1109219
1031832
3195196
3674476
3621223
2849050
3701102
3780982
3008810
3434836
2849050
3674476
3514716
2902303
3727729
3860862
3621223
3381583
1228908
1392762
1462986
1299131
1404466
1544913
1451282
1240612
1299131
1498097
1310835
1287427
1357651
1685360
1357651
1275724
695870
744279
714023
750330
853198
726126
768483
756381
835044
841095
695870
828993
732177
635360
877402
665615
1297600
1440643
1123906
1481512
1420208
1103471
1461078
1083036
1307818
1246514
1123906
1195427
1287383
1481512
1297600
1338470
1785921
1555479
1512271
1526674
1929947
1785921
1886739
1915544
1785921
1814726
1742713
1843531
1728310
2045167
1713908
1512271
2025996
2391040
2172014
1989491
2263275
1989491
1934735
1916483
2427545
2646571
2537058
2445797
2190266
2409293
2190266
2518806
3159525
3135589
2704745
2944103
2680809
2824424
2632938
2632938
2896231
2752617
3183461
2537194
3303140
2537194
2776552
2513259
1187029
1249038
1195888
1071870
1063011
1116162
1231321
1222463
1116162
947852
930135
1195888
1160454
1063011
992144
1257897
190232
201422
167852
155263
181840
153864
156662
163656
186036
172048
200024
177643
186036
183238
149668
190232
1304836
1407849
1625322
1590984
1613876
1362065
1499416
1327727
1659659
1407849
1510862
1293390
1350619
1316281
1396403
1213268
2841618
3282559
3233565
3454036
2768128
3331552
3062088
3037592
2939605
2572154
2743631
3503029
2768128
3086585
3405042
2719134
301052
361263
280109
366499
306288
306288
285345
356027
285345
366499
361263
321995
321995
277492
353409
348174
122548
158199
134803
148172
120320
132575
128119
120320
124776
128119
130347
138145
134803
145944
131461
128119
401532
474190
550673
539200
416829
470366
531552
550673
523904
493311
462718
481839
420653
512432
539200
405356
3170361
2768484
3103382
3058729
2433587
3125708
2656852
2656852
2813137
2411260
2522893
2723831
3170361
2455913
2947096
2433587
590084
605613
564203
621141
740193
543498
574555
548675
750546
631493
559027
719489
647022
636670
729841
657374
1093431
961890
945448
1027661
896120
1183865
1192087
1142759
1167423
1093431
912563
1011218
1192087
1118095
953669
1134538
779837
588968
692583
714396
790744
779837
730756
638048
621688
638048
610781
676222
648955
643502
605328
621688
531142
560650
619666
624584
619666
604912
713108
629502
639338
693436
649174
673764
634420
629502
575404
595076
1878615
2377363
2111364
2360738
2044865
1945115
1945115
1994990
1778866
2177864
2094739
1861991
1878615
2310863
1978365
2127989
2005340
2559196
2635590
2291817
2291817
2310916
2139029
2635590
2119931
2062635
2750181
2158128
2769279
2463703
2711984
2215423
1148722
1036652
1279471
1204758
1027313
1344846
989956
980617
999295
1195418
1204758
1130044
1008634
1036652
1074009
1354185
320328
329819
334564
317955
270499
313209
313209
287108
256262
272872
320328
282363
256262
284736
287108
301345
2921172
2688325
2772997
2413142
2328471
2370807
2772997
2370807
2328471
3005844
2540150
2921172
2709493
2815333
2349639
3048180
1076792
1045121
1053039
965945
1124297
855099
878852
878852
894687
1092627
1132215
1108462
1148050
847182
886770
1116380
828422
798836
1020734
872802
828422
1005941
880198
902388
939372
1050321
872802
1065114
931975
998545
828422
850612
2641043
3121233
3409347
2617034
2593024
3409347
3145243
3385338
2953167
3337319
2641043
2545005
2977176
2665053
3001186
3193262
2940203
2432542
2495999
2707525
2390237
2792135
2813287
2347931
2982508
3045965
3024813
2263321
2622914
2855592
2686372
2770982
1265225
1226885
1265225
1044769
1035184
1284395
1265225
1035184
1150204
1207715
1341905
1025599
1226885
1016014
1111864
1246055
117307
143619
132655
144715
115114
156775
151293
149100
132655
117307
153486
132655
115114
156775
144715
155678
2058802
2342775
2076551
2555755
2112047
2360523
1881319
2378272
2236285
2307279
1987809
2058802
2094299
2502510
2183040
2112047
1898513
1968312
1842675
1675159
1898513
1479723
1730997
1619320
1675159
1758917
1772876
1549522
1940392
1968312
1619320
1744957
2931198
2617141
2847449
2868386
2910261
2784638
2679952
2407769
2973072
2784638
2868386
2303084
2910261
3014946
2491518
2742764
626380
598746
584928
635592
571111
607957
644803
658620
630986
626380
552688
603351
644803
644803
649409
571111
2470588
1935006
1848621
2125051
2332373
2176881
1848621
2176881
1900452
2107774
2245989
2090497
2470588
2245989
2505141
1831345
2229193
2388421
2527745
2647166
2388421
2806394
2149579
2468035
2388421
2866105
2468035
2726780
2726780
2229193
2209289
2129675
2149101
2073027
2149101
2757697
2434380
2263213
2510455
2719659
2111064
2301250
2472418
2244194
2510455
2377325
2415362
2187139
2136396
2929914
2665408
2421248
2156742
2380555
2543328
2360209
2746795
2217782
2522982
2177089
2889221
2746795
2746795
2868874
1049078
859028
942650
950252
1041476
821018
851426
919844
805814
828620
1087088
1033874
889436
805814
851426
995864
237944
208446
228111
249742
224178
261541
214346
226145
212379
234011
273340
228111
253675
216312
271374
235977
2465667
2210598
2397648
2006542
2295621
2397648
2108570
2057556
2227602
1853501
2414653
2040552
2074561
1836496
2057556
2227602
2732354
2838259
2817078
2817078
3050069
2901802
2266371
2605267
2774716
2732354
2774716
2986526
2986526
2224009
2732354
2287552
1460354
1362271
1187900
1482151
1242391
1460354
1198798
1514845
1449456
1209696
1580234
1525743
1187900
1318678
1438558
1514845
1817572
2032376
1867143
2329797
1850619
1999330
2081947
2098470
2081947
2048900
2263704
1751479
2280227
1768002
1801049
2065423
3270691
2839670
3270691
3448171
3169275
2865024
3448171
3676359
2712899
3346754
3245337
2915733
2890378
2941087
3625650
2687545
2596994
2366615
2932090
2806429
2722655
2785485
2282841
2471333
2680768
2848315
2303785
2261898
2994920
2596994
2701711
2617937
1529563
1608874
1404932
1472913
1200990
1574883
1484243
1257641
1212320
1597544
1359612
1484243
1200990
1348281
1291631
1495573
409874
370209
356987
393347
433012
413180
456150
456150
426401
390041
373514
390041
433012
403263
456150
416485
1935147
1971318
2495797
2604310
2369199
2188344
2116002
2188344
2387284
1935147
2170258
2387284
2116002
2097916
2387284
1917061
3373045
2979113
2585180
2856009
3200700
2806767
3422287
2954492
3397666
2659043
3422287
3323803
2782147
3471528
3323803
3176079
2009229
2641765
2399913
2027833
2697577
2269685
2399913
2418517
2176665
2325497
2399913
2083645
2195269
2567349
2641765
2697577
2746723
3333630
3380582
2864104
2629342
2793676
2887581
3216248
3145820
2770199
3380582
3098867
2911057
2911057
2840628
2558913
1005378
943508
812036
904840
966710
850704
1005378
835237
928041
1059514
997644
850704
1028579
850704
1059514
997644
346947
349700
311151
316658
393757
382743
294629
297383
316658
305644
338686
396511
294629
319411
352454
291876
898482
804610
878366
744264
885071
710739
952122
965532
925302
972238
891776
818020
730854
744264
737559
784495
2687083
2825389
2430230
2785873
2667325
2608052
2706841
2331440
2370956
2351198
2627810
2805631
2627810
2311682
2746357
2548778
674566
637348
614087
548957
567565
525696
567565
558261
511739
497783
553609
586174
511739
581522
544305
618739
1496269
1496269
1472136
1279069
1327335
1592803
1399736
1749670
1423869
1375602
1351469
1472136
1484202
1532469
1592803
1737603
1076221
909365
1176334
1034507
1201363
884336
1117935
976107
1076221
1167992
992793
875994
1059535
1159649
967764
1193020
2678314
2248220
2678314
2326419
2600115
2756513
2619665
2736963
2228670
2736963
2365518
2541466
2658764
2209120
2404618
2600115
1618312
1933745
1508596
1782886
1974889
1673170
1700599
1659455
1837744
1440023
1440023
1892602
1906316
1824029
1974889
1508596
2573461
2370293
3137816
3024945
2889500
2957222
2957222
2799203
3250687
3228113
2618609
2438015
2731480
2799203
2663757
2415441
2301063
2761276
2629786
2301063
2607871
2476382
2651701
2717446
2454467
2892765
2520212
2520212
2410637
3024254
2585957
2805105
596441
478894
518077
548552
565966
583381
487602
509370
565966
631270
465834
605149
522430
539845
626916
522430
2660879
2598515
2369845
2390633
2203540
2785608
2265905
2432210
2473786
2931124
3014277
2577726
2764819
2411421
2182752
2452998
2020341
2525427
2490593
1898424
1968091
2177092
2037758
2490593
1950674
1985508
2020341
2455760
2229342
1881007
2473177
1968091
1202114
1022270
1050667
1031736
1031736
1116925
1296769
1050667
1145321
1344096
1079063
1202114
1183183
1050667
1363027
1097994
760890
629513
744468
602143
602143
574773
749942
684253
673305
607617
738994
662357
777312
656883
613091
645935
2047670
1996478
2064734
2440140
1928222
2201245
2115926
1962350
1808775
2423076
1808775
2115926
1808775
2354820
1825839
2013542
3122872
2858967
3034904
2529086
3122872
2463110
3078888
2463110
2705023
2309166
2309166
3122872
3100880
3056896
2617055
2661039
2285821
2002179
1918755
2035549
2085603
2202397
2252452
2235767
2235767
2052234
2002179
2018864
2135658
1801961
1835331
2052234
241576
238100
187699
220720
222458
182485
238100
201603
206817
198127
225934
199865
203341
187699
192913
225934
1029333
1014628
911695
919047
1058742
985218
823466
933752
801409
896990
867580
838171
1036685
838171
919047
948457
2014762
2505312
2295076
2032281
2522832
2224998
2084840
2049801
2119880
2400194
1962203
2154919
2084840
2470273
2172439
1892124
99399
100861
105977
76742
100861
104515
89898
82589
89167
100130
90629
84051
100130
94283
97937
92821
1686919
1549771
1467482
1700633
1769207
1590915
1988644
1837781
1604630
1906355
1645774
1481197
1824067
1700633
1769207
1440052
3466277
2744136
2671922
3105206
3201492
3249634
2864493
3129278
2599707
3466277
2768207
3105206
2984849
3008921
3297777
2551565
638022
787818
710146
599186
776722
776722
610282
726790
632474
798914
660214
804462
610282
676858
771174
682406
171065
166959
149168
186118
169696
198435
195698
151905
164222
198435
143694
157379
164222
187487
161485
169696
3127379
3251481
3276302
3003276
2680610
2978456
3325942
2705431
2680610
2953635
2630969
2953635
3400404
3301122
3052917
3301122
984902
970418
789370
811096
876273
861789
905241
1021112
934208
774886
999386
840063
977660
912483
905241
919725
1498364
1551877
1551877
1739172
1578633
1926468
1699037
1565255
1872954
1926468
1645524
1592011
1926468
1792685
1712416
1431472
3057709
2839301
2904823
2686415
2424326
2599052
2904823
2773779
2315122
2882982
2424326
3123231
2839301
2926664
2489848
2730097
1765366
1586271
1483931
1432761
1599063
1560686
1368798
1471138
1573478
1547893
1611856
1854913
1535101
1496723
1624648
1816536
574281
655596
625103
650513
706417
553953
675924
681006
614938
721663
655596
564117
594610
584446
584446
736910
1321617
1687422
1321617
1545820
1250816
1663822
1333418
1486820
1392418
1486820
1345218
1569421
1451419
1675622
1616621
1498620
832887
925431
953905
946787
1010855
975261
904074
861362
832887
754582
1025092
1003736
811531
932549
896956
747463
2743787
2574939
2849318
2363878
2849318
2807105
2574939
2870424
2553833
2342772
3060378
2258348
2743787
2532727
2406090
2384984
1052027
1312707
1033407
1256847
1052027
986857
1256847
1126507
1349947
1275467
1042717
1294087
1173057
1247537
1135817
1266157
2409532
2454995
3250595
2750504
2682309
3159670
3091475
2955087
2750504
2386801
2454995
2454995
2500458
3205133
2432264
2523189
2007355
2604136
2567967
2260535
2025439
2097776
1898849
2043523
2278619
2206282
2387124
2007355
2206282
2459462
2423293
2025439
2932668
2635151
2656402
2422639
2656402
2847663
2847663
2231378
2953919
2507643
2911417
2635151
2847663
2783909
2443890
2613900
484135
602968
572159
479734
470931
523746
532548
554554
563357
492937
497338
510542
629375
479734
519345
576561
2563361
2094013
2436998
2184272
2581413
2292583
2509205
2509205
2057909
2202324
2003754
2166220
2400894
2473102
1913495
2184272
141593
172919
139087
161642
157883
156630
162895
134075
167907
139087
170413
142846
156630
149111
177931
169160
274849
274849
231965
249509
280697
267052
270951
231965
267052
214421
267052
222219
212472
204675
204675
255356
2610791
2065253
2688725
2065253
2396472
2221121
2708209
2610791
2786143
2084736
2805626
2513374
2162670
2825110
2610791
2045769
1543467
1516855
1609995
1916028
1423715
1556772
1743053
1836193
1809581
1636607
1663218
1583384
1476938
1583384
1410409
1503549
858380
695166
840245
707256
834200
670987
652852
773751
689122
640762
816065
767706
652852
791885
852335
755616
1250910
1329092
1192274
1319319
1368183
1065228
1299774
1231365
1377956
1202047
1045683
1045683
1377956
1329092
1417047
1035910
2558797
2292682
2476915
2292682
2497386
2231271
2661149
2456445
2968205
2886323
2313152
2865853
2149389
2251741
2620208
2415504
434681
437743
401009
358153
425498
364275
407131
336725
324480
419376
321419
361214
416315
407131
440804
385703
3167040
3036171
2774432
2931475
3795214
2983823
3742866
3376431
3140866
3481127
2774432
3114692
3716692
2852954
2905301
2879127
3444507
3674141
3597596
3087299
3470022
3597596
2806635
3291418
3546566
2934210
2806635
2704576
2832150
2857665
2781120
3240388
1771493
1681635
1476244
1527592
1399223
1732982
1784330
1450570
1437733
1668798
1745819
1720145
1630287
1476244
1591776
1540429
10305
9786
10453
10008
9786
9638
9193
10157
9267
10083
10676
8748
8007
10453
10083
9489
3197313
2888607
2425548
2337346
3153212
2535800
2800405
2690153
2535800
2690153
3197313
2535800
3042960
2976809
2998859
3197313
2377641
2377641
3238120
2672015
2558794
2943746
3011678
3034322
3260764
3056967
3102255
2468217
2966390
2400285
2649371
2468217
1321785
1421752
1443967
1388430
1199603
1610578
1477289
1421752
1543934
1266248
1443967
1288463
1521719
1388430
1332892
1266248
579688
516285
475526
529871
547987
624977
643092
493641
575160
588746
498170
611390
534400
511756
611390
597804
2595070
2858975
3034912
2792999
2639054
2683038
2419133
2463117
2441125
3034912
3188857
2924951
2573078
2441125
2902959
2749015
2691008
2713622
3143279
2442260
2984984
2600554
3075438
2871917
2804076
3165892
3098052
3278960
2962371
2442260
3120665
2419646
3308
3571
3728
3282
3308
2914
3676
3676
3282
2862
3702
3413
2993
3545
3545
3545
2821403
2735906
2671783
2436666
2928274
2629035
2479415
2757280
2415292
2265672
2928274
2244298
2949649
2992397
2244298
2308421
1717608
1745090
1717608
1937462
1580200
1676386
1855017
1978685
1978685
1525236
1923721
1607681
1566459
1662645
1800053
1566459
3020198
2796480
2729364
2460902
2751736
3042570
3243916
2662248
3176801
2349043
2796480
2572761
2483274
2908339
3020198
3221544
2385994
2867202
2145389
2486245
2506296
2466195
2285742
2205540
2265691
2787001
2225591
2566447
2145389
2807051
2385994
2225591
2147120
2185462
2415510
2645559
2683900
2338827
2108779
2511364
2549705
2108779
2492193
2127949
2108779
2530535
2741412
2012925
929598
1094667
1146794
946974
964350
1233673
1181546
1007789
1129419
1190234
1068604
1242361
1112043
1094667
1155482
1198921
458471
490961
458471
451251
451251
407931
425981
498181
454861
411541
400711
379051
512621
516231
440421
386271
911773
935979
911773
911773
944048
1032805
855291
855291
1065080
911773
847222
968254
895635
911773
1129630
1008598
603395
598753
491999
640527
645168
621961
570904
631244
519848
561621
608036
598753
612678
640527
543055
589470
3238333
2400443
2649545
2876002
3034522
2377797
2785419
2853356
2966585
2853356
2785419
2423088
3079813
2966585
3170396
3215687
2756710
2937478
2643730
2688922
2801902
3073054
3073054
2779306
3118246
2395174
2395174
2982670
3163438
3208630
2462962
3186034
94558
92392
77956
81565
95280
91671
101054
87340
83009
90227
90949
96723
103220
98889
100332
97445
2678782
2796101
2541910
2502804
2678782
2248613
2209507
2581017
2111741
2483251
2307272
2209507
2405038
2483251
2189953
2717889
3082021
2677084
2767070
2384630
3014532
2564602
2654588
2542105
3014532
2699581
2384630
3261993
2362133
2609595
2902049
3014532
3199095
2540458
2493412
2822731
3010913
2775685
2893299
2611026
3199095
3363754
2916822
2681594
3057958
3293186
2611026
2658071
2570260
3058822
2740194
2782678
2485292
3016338
2315358
2251632
2846403
2803920
2294116
2612743
2294116
2740194
3080063
2549018
706381
655925
610515
635743
660970
565104
711426
640788
726563
615560
565104
630697
716472
529785
570150
620606
1081901
1099211
1142487
1211729
917452
917452
952073
926107
986693
1133832
1099211
934762
1229039
1168453
1029969
1038625
924068
997994
1020171
827965
953638
931461
827965
1005386
1064527
983209
975816
968424
842750
827965
857535
1027564
1695106
1969552
2017983
2001839
1937264
1808113
1824257
2276285
2034127
2243997
2292429
1727394
1743537
2114846
1856545
2243997
3365334
3108260
3248482
2944667
3295223
3201742
2827815
2547371
2921297
2968038
2453889
3365334
3225112
3318593
2827815
3131630
2954719
2828088
2300460
2300460
2764773
2300460
2722563
2743668
2722563
2532616
2785878
2237144
3039140
2574827
2933614
2279355
597318
654661
578204
592540
559090
535197
635547
640325
640325
516083
587761
563868
645104
501747
520861
640325
1496245
1507411
1585573
1339921
1395751
1362253
1418083
1205929
1473913
1563241
1373419
1328755
1205929
1406917
1406917
1228261
769100
663209
757953
774673
618624
635343
730087
674355
613050
613050
735661
774673
696648
791392
596331
741234
2314221
2653923
2271758
2887469
2845006
2292990
2675155
3014857
2335452
2887469
2887469
3036088
2760080
2696386
2653923
2335452
2866683
3182695
2482954
3069834
2979544
3047261
2866683
3069834
2956972
2505526
2821538
2866683
3114978
3114978
3137551
2370092
3147740
3025735
3464954
3489355
2586515
3074537
3513756
3294147
2879328
2806125
2562114
3196542
3196542
2610916
2879328
3391751
2250786
2121245
2218401
1845968
1716427
2040281
1926932
2250786
1748812
2169823
1975510
2105052
1748812
2153630
1910739
2218401
2766307
2108584
2650238
2785652
2185963
2650238
2630894
2650238
2398756
2127929
2321377
2147273
2302032
2804997
2321377
2185963
821250
1055893
938571
993321
907285
1087178
1102821
1063714
1032428
1032428
1134107
1024607
1087178
891643
1032428
829071
2187820
2137717
2171119
2354829
2171119
2271325
2338128
1920605
2404932
2371530
2338128
2254624
1753596
1970708
1870503
2338128
2660197
2590800
2729593
3099708
2729593
2613932
2960915
3145972
2613932
2960915
2498272
3099708
2868386
2660197
3284765
2452007
1121612
1313600
1111508
1354019
1242868
1081194
1333809
1364123
1374228
1384332
1141822
1212554
1263077
1444960
1434856
1293391
1269558
1067165
984367
1002767
1094764
1057965
1011967
1333956
1241959
1186761
1113163
1122363
1333956
1324756
975168
1011967
1981185
2449466
2179304
2125272
2107261
2323390
2557530
2071239
2179304
2089250
2557530
2413444
2089250
1981185
2197315
2431455
732058
765845
613802
613802
613802
675746
681377
602540
653221
816526
625065
720796
794002
608171
613802
670115
84227
77089
96361
102071
82085
87796
77089
83513
83513
93506
93506
82799
78516
80658
91365
89937
2291454
2104743
1816190
2087770
2155664
1884085
2240533
1968953
2053822
2325402
1833163
1782242
1985927
2410271
2308428
2274481
24246
24592
22168
23900
21302
21995
24419
24939
23034
19050
23553
23207
24592
19397
19397
23380
584233
647967
732946
770125
701079
732946
690457
663901
679834
610789
647967
701079
594855
727635
706390
754191
97944
97944
101505
116642
129108
117532
109519
105957
121094
108628
93492
103286
121984
112190
123765
103286
885147
841203
866314
803537
803537
822370
828648
853759
790982
728206
872591
740761
721928
834926
897702
740761
1022087
805732
947482
925100
1051929
947482
813193
895258
835574
783351
820653
828114
790811
798272
902719
865416
3042058
3359490
3650469
3491753
3465301
3756280
2962700
3491753
3015605
3465301
3253679
3624017
3729827
3835638
3385943
3280132
3181314
2783650
3040962
3274882
3391842
2947394
2526338
3134530
3391842
2573122
2526338
3204706
3181314
2783650
3087746
3134530
488122
534812
522078
573012
449921
513589
513589
560279
466899
471143
449921
445676
573012
594235
581501
539056
1566904
1710657
1538153
1739407
1725032
1667531
1796908
1840034
1710657
2012537
2041288
1796908
2084414
2070038
1509403
1998162
1848900
2025752
1977520
2282990
1881055
2266913
1768514
2009675
2009675
1752436
2218681
2234758
1704204
1800668
1720281
2299068
1223050
1365011
1386851
1266730
1397771
1496052
1496052
1474212
1496052
1572492
1419611
1583413
1365011
1506972
1288570
1386851
2241395
1971754
2241395
2291953
1904343
2022312
2106575
2072869
2376216
2224543
1769523
1938048
2123427
2325658
1938048
2072869
1672960
1883837
1490199
1743252
2038481
1560492
1574550
2010364
1560492
1940071
1996305
1701077
1926013
1630784
2038481
1869779
1642583
1965233
1774576
1862571
1965233
2082560
1789242
1979899
1833240
1847905
2023896
1539921
1583919
2067894
1891903
1627917
299516
326745
304962
334914
291348
324022
375757
375757
329468
340360
378480
340360
332191
383926
367588
375757
1377597
1452350
1409634
1313523
1527104
1153337
1217411
1420313
1452350
1548462
1228090
1452350
1238769
1366918
1495067
1430992
409910
504505
490491
479980
381882
423924
402903
385386
427428
378379
434435
395896
399400
448449
493994
434435
2392714
2745737
2118140
2333876
2824187
2451551
2686900
2588838
2275039
2216202
2235814
2490776
2608450
2706512
2765349
2667287
532005
570696
701279
701279
527168
619060
677097
662588
633569
638406
551350
556187
677097
657751
551350
522332
539909
430417
407763
411539
479499
483275
460621
502153
483275
539909
422866
502153
411539
524807
475724
513480
1231525
1307311
1155738
1023113
1117845
1184158
1079952
1326257
1155738
1345204
1174685
1023113
1051532
1108372
1117845
1307311
331060
427879
359169
418510
384154
446619
362292
368538
421633
371661
424756
412263
387278
327937
443495
331060
2620151
2400139
2660154
2300133
2140124
2280132
2420140
2320134
2380138
2460142
2780161
2760160
2660154
2260131
2420140
2240129
1782120
1646196
2099278
1646196
2159688
1691504
1585785
2053969
2084175
1812326
2069072
2099278
2053969
1691504
1933148
1691504
3354037
2428785
2868279
2636967
2706360
2798886
2983936
2636967
2868279
3307774
2498179
2960805
3192118
3192118
3307774
3354037
242738
272340
264446
221029
240764
284181
217082
213135
270366
221029
256552
238791
246685
250631
284181
228923
1651707
1578838
1408809
1384519
1736722
1700287
1530258
1360229
1518113
1688142
1736722
1299505
1566693
1688142
1481679
1554548
3339333
3413540
3265125
3339333
3487747
2621994
3413540
2869352
2968296
2646730
2646730
3116710
3561955
2671466
3364068
2621994
2382283
2580806
1967188
1967188
2562759
1949140
2292045
2382283
1931093
2147664
2310092
2003283
2111569
2346188
2183759
2003283
479682
566111
557468
540182
492646
535861
596361
540182
587718
596361
566111
592040
574754
466717
600682
596361
11614
14725
11095
11199
12858
11095
14829
10888
14932
12340
13169
13066
13273
13066
10888
12858
3054383
3054383
2756395
2880557
3501366
2731562
2930222
3178545
3178545
3551031
2781227
3600696
2905389
3153713
2781227
3352372
2547792
1915236
2055804
2196372
1985520
2407224
2284227
2266656
2495079
1844952
2266656
2442366
2372082
2512650
2407224
1932807
353078
322814
340468
327858
345512
295072
305160
363166
297594
327858
327858
350556
350556
274896
348034
332902
3432636
2843452
2869069
3202086
3048386
3048386
2971536
3483869
3176469
3535103
3688803
3176469
3714420
3278936
2997152
2971536
2760171
3573436
3548792
3425570
3474858
3179126
3228415
3425570
3253059
3080548
3154481
2858749
3474858
2858749
3376281
3105193
1216289
1195847
1206068
1338940
1461591
1482033
1461591
1206068
1083417
1318498
1134522
1206068
1390045
1093638
1400266
1390045
1550437
1923690
1622216
1851911
1650928
1693996
1952402
1765775
2009825
1823199
1923690
1981114
1966758
1794487
1909334
1536081
2620177
2399994
2422013
2355958
2928433
2576141
2311921
2333939
2598159
2576141
2620177
2906415
3038525
2928433
3148616
3148616
2013801
2141661
1806028
2205591
2221574
2237557
2205591
2253539
2029783
1806028
2093714
2141661
1710132
1933888
1678167
2125679
733441
717725
649619
722964
696769
560559
754397
612947
707247
660097
571036
639142
581514
681053
565797
733441
2226645
2292620
1764822
2342101
2259632
1830797
2061708
2309113
1896772
2309113
1995734
1748329
1764822
1814303
1863784
2243139
1809300
1563235
1809300
1881672
1896146
2026415
1707979
2011941
2055364
2040890
1838248
1852723
1592184
1707979
1693504
1693504
1102952
1134922
871172
847195
1031020
999051
1023028
1031020
991058
927119
863180
1142914
991058
927119
1158899
951096
2234907
1821035
2334236
2102468
1970029
2268017
2301126
2284572
2119023
2268017
2085913
2119023
1870700
1837590
1738261
2383901
2372626
2110939
1866698
2302842
2128385
2023710
1971373
2372626
2128385
2320288
1919035
2058602
2267951
1884144
2337734
2180722
1095103
1231991
1122480
1213739
1204613
1314123
1149858
1204613
1122480
1049473
1095103
1003844
1012970
958215
1304997
1067725
3039504
3267466
2659566
3267466
3140820
3115491
2887528
3444771
2786212
2760882
3419442
2963516
3115491
3394112
2938187
3292796
2810062
3173433
3270331
2834287
3343005
3343005
2761613
3124983
2810062
3294556
3318781
2761613
2955410
2906961
3488353
3003860
2092979
2352286
2092979
2593071
2185588
2648637
2092979
2111501
2389330
2222632
2593071
2222632
2352286
2222632
2611593
2278198
2528048
2892451
3302405
3029102
2846901
2459722
2391397
2710249
2687474
2960777
2778575
3142978
3097428
3029102
2983552
3006327
415438
328888
326003
415438
337543
360623
331773
326003
302923
328888
346198
308693
377933
320233
305808
340428
2668504
2687035
2649973
2390535
2094034
2334941
2075503
2334941
1982846
2687035
2297878
2557316
2075503
2390535
2668504
2112565
1925596
1835333
1835333
1579590
1835333
1730027
1880465
2045945
1790202
1730027
1654809
1684896
1805246
2030902
2030902
2151251
21770
20281
21956
24561
26235
20839
24933
25491
20839
22328
26980
24933
19909
25305
21211
20653
716456
786354
646558
768880
739755
710631
611609
634908
640733
733931
745580
698982
751405
687332
739755
745580
1070446
1079754
1331076
1210069
1247302
1079754
1191453
995980
1284535
1014597
1256611
1061138
1293843
1154220
1098371
1163528
972490
1034236
933899
1088263
1057390
1011081
972490
957054
995645
949336
918463
887590
1034236
818127
1026517
1026517
2951291
2824807
2656161
2761565
2213468
2529678
2339952
2529678
2403194
2719403
2234548
2403194
2677242
2761565
2592919
2888049
1031996
1085375
951927
960824
1129858
1236616
1156547
1254409
1112065
1263305
1209926
1245512
1165444
934134
1156547
996410
1874286
2165123
1793498
2278227
1777340
2035862
2165123
2310542
1728867
1922759
2116650
1712709
2262069
1987389
1728867
1987389
1012725
1158626
1081384
909736
935483
961231
1124297
1029890
918318
986978
901154
1124297
1218703
918318
1158626
1038472
2421779
2842958
2779781
3032488
2821899
2337543
2948253
2758722
2569191
2969311
2821899
2948253
2758722
2927194
3011429
2737663
1869530
1596606
1733068
1623898
1965054
1692130
1596606
1705776
1951408
1637545
1814945
1501083
1787653
1719422
1869530
1555667
1745001
2129222
1825047
2129222
2209268
1873075
1969130
1953121
1761010
1777020
1680964
1680964
1841056
2049176
1969130
1889084
2016682
2295410
2229827
2115056
1967494
1787141
1754349
2246223
1852724
2360993
1737953
1754349
1787141
1934703
1770745
2328202
258961
252146
274862
252146
240788
283948
258961
254418
263504
327108
304393
320294
247603
315751
306664
240788
3612880
3329011
3354817
3432236
3483849
3509655
2967723
3096754
3045142
3587074
3483849
2864498
2709660
2812885
3509655
3199979
2299727
1976328
2587193
2245827
2048194
1976328
2263794
2515326
2299727
2335660
1976328
2066161
2299727
2605159
2155994
2209894
2465008
2316737
2261135
2539144
1946059
1964593
2112864
2205534
1964593
2594746
2279669
1946059
2242601
2094330
2094330
2613279
1999818
2399782
2417172
1843311
2295444
2330223
2417172
1965039
2069377
1965039
2382393
1947649
2382393
2156326
2521510
2417172
1472582
1331820
1180231
1234370
1515893
1223542
1180231
1364304
1342648
1364304
1526721
1472582
1288509
1136920
1570032
1570032
959717
916094
923364
959717
850659
1032423
857929
1046964
865200
908823
952447
865200
807035
879741
1017882
981529
1355829
1365445
1269286
1307750
1076970
1346213
1346213
1346213
1211592
1346213
1038507
1326981
1269286
1144281
1221207
1230823
3234424
3327501
2931924
2885385
3327501
2815578
3001731
3094808
2466539
3257693
2955193
3187885
2885385
2838847
3141347
2792308
1224426
974367
939876
1026103
1233048
1043349
1146821
922631
948499
1233048
1017480
974367
914008
1241671
965744
1043349
1313654
1334021
1334021
1272921
1099803
1323838
1293287
1384938
1405305
1303471
1364571
1201637
1160904
1079437
1446038
1313654
980776
816065
793605
823552
965802
1003236
905907
1003236
823552
980776
1063131
928368
1048157
890933
898420
1018210
211648
198538
200411
243490
258473
262220
211648
198538
198538
249109
230379
250982
226633
269712
256601
267839
276102
241333
216791
269966
239288
237243
243378
218836
265876
222926
288373
286328
261785
274056
272011
292463
1251874
1241354
1420193
1241354
1199274
1504352
1136154
1251874
1367593
1483312
1167714
1399153
1493832
1357073
1462273
1262394
1769490
1950976
2177834
2192958
2102215
1663623
1769490
1724118
1814862
1950976
1799738
1860233
1920728
1724118
1950976
2071967
2302198
3020315
2450046
2745741
2787983
2999194
2471167
2830226
2956952
2471167
2661257
2513409
2238835
2978073
2428925
2956952
1087391
1203601
1145496
1045888
1045888
1128895
1178699
913077
1004384
1095692
987783
1079091
1070790
1037587
1004384
1054188
890292
731311
667719
820340
693156
744029
788544
775826
858496
909369
680437
903010
883932
922088
782185
744029
71458
71458
87756
77100
73965
71458
67697
81487
78980
83995
79607
75219
72085
75219
80234
75219
2171534
1942952
1714369
1991934
2106225
1861315
1861315
2122552
2302153
2318480
1893970
2171534
1975606
1959279
2171534
2073570
799263
863204
914357
709746
728928
754504
824840
728928
684169
690563
703352
818446
677775
786475
760899
882387
878216
780636
1003675
829426
913066
1003675
780636
1003675
822456
968825
857306
836396
745786
940945
857306
989735
2680454
2385150
2839465
2975759
2794033
2907612
2407866
2862180
2589592
2748602
3248347
3021190
2476013
2725886
2839465
2930327
1931544
2074621
2128275
1895775
2217699
2128275
2110391
1913659
2414430
2396545
2378661
2396545
1895775
2217699
2485969
1931544
1212986
1184106
1367016
1049329
1261121
1058956
1241867
1049329
1357390
1270748
1097464
1376643
1145598
1010822
1145598
1357390
2202882
2517579
2307781
2895216
2496599
2412680
2223861
2244841
2286801
2769337
2790317
2622478
2496599
2790317
2979135
2391700
2508872
2638005
2619557
2269053
2305948
2508872
2066130
2379739
2656452
2490424
1992339
2269053
2195263
2121472
2084577
2379739
3263539
3384411
2707529
3481109
2610831
3239365
2659180
2562483
3191016
2828401
2973447
2973447
2562483
2997621
3142668
3094319
125163
127460
152722
140091
166502
140091
127460
144684
122867
127460
143536
156167
159612
138943
134349
143536
1896708
1857466
1883628
1543528
1530447
1883628
1648174
1530447
1582770
1425801
1818224
1765901
1569690
1713578
1778981
1635093
585791
648876
518200
630852
639864
648876
599309
486657
500175
527212
621840
608322
599309
585791
626346
549742
1055827
965586
1164117
1290456
1146069
974610
1128021
1082900
1227287
1064852
1164117
1254359
956562
1010707
1209238
1173142
1885758
1672850
2083459
1977004
2037835
1916173
2144289
1977004
1916173
2129082
1809719
1642434
1764096
1764096
2007420
2022628
1804059
1751386
1514356
1514356
1514356
1909406
1435346
1659208
1777723
1909406
1553861
1382673
1606535
1869901
1817228
1672376
1454180
1824584
1646241
1495336
1893177
1865740
1948052
1714835
1714835
1673678
1879459
1961771
1879459
1591366
1728553
1536492
3255484
3140855
2590632
3049151
2476002
2842817
3232558
3209633
2590632
2796965
2728188
3117929
3095003
2934521
2430150
3026225
1339304
1543388
1581654
1632675
1403080
1785739
1441346
1505123
1390325
1760228
1696452
1607165
1696452
1658186
1607165
1709207
3067520
2961743
3649291
2855967
2935299
2776634
2776634
3384849
3834400
3331961
3146852
3146852
3834400
3675735
3569958
3067520
2656410
2656410
2583129
2180088
2051847
1923607
2638090
2271688
2344968
2161768
2198408
2216728
2436569
2528169
2399929
2601449
1088419
1318086
1168303
1447897
1078434
1228216
1138347
1088419
1198260
1278144
1358027
1088419
1228216
1308100
1108390
1338057
2785008
3427702
2546973
3094453
3332488
3118257
2880222
2832615
2570776
2927829
2642187
2832615
3118257
2713597
3451506
3023043
1153266
1064553
991970
1072618
887128
1169396
903257
983905
879063
903257
1121007
1145201
1024229
975840
1032294
895192
516220
625148
629884
563580
554108
587260
634619
615676
539900
658299
677243
554108
677243
677243
634619
629884
1426338
1414451
1533313
1331248
1461996
1711605
1497654
1545199
1592744
1687833
1485768
1307476
1426338
1580857
1438224
1497654
2337865
2076024
2057321
2599705
2169538
2057321
2057321
2244350
2618408
2599705
2562300
2711923
2188241
2132132
2057321
2543597
1441648
1480611
1753355
1480611
1623477
1779331
1649453
1571526
1766343
1597501
1610489
1727380
1818294
1454635
1519574
1480611
1577828
1771823
1513163
1590761
1810622
1526096
1409699
1720091
1733024
1577828
1849421
1745957
1810622
1539029
1733024
1513163
268807
340809
316809
297608
295208
340809
254407
343210
326409
254407
273607
283208
331209
266407
348010
278408
2868437
2971618
2476348
2744619
2187441
2496985
2290622
2579530
2269986
2290622
2909709
2455712
2517621
2909709
2723983
2455712
2991683
2249066
3055335
2737071
2928030
2673418
2970465
2567330
2779506
2461242
3076553
2249066
2800724
2694636
2821942
2524895
3669668
3643076
3616484
3244199
2951689
3696260
3164424
3510117
3749443
3669668
3244199
3430342
2818730
3696260
3217607
2792139
1123238
1160065
1058790
1215306
1031169
1086410
1031169
966721
1279754
975928
1031169
1040376
1077203
1206099
1104824
1040376
1121002
1222911
1273866
1335011
1100620
1253484
1294248
1314629
1100620
1436921
1202529
1355393
1477684
1396157
1375775
1436921
1351776
1441150
1195372
1418807
1541695
1519352
1184201
1452322
1508180
1318261
1273574
1217716
1251231
1575211
1586382
1262403
1924047
2409392
2270722
2392058
2322723
2409392
2340057
2461393
2357391
1924047
2097384
2392058
2114718
2374725
1941381
1837378
1623925
1623925
1499961
1400790
1685907
1537151
1698304
1636322
1723096
1797475
1648718
1450376
1785078
1623925
1623925
1561943
3505622
2660294
2983508
2759745
2660294
3381309
3008370
3058096
3505622
2834332
3107821
3157546
3157546
3256996
3232134
3281859
1311862
1651541
1276723
1534410
1440706
1265010
1393854
1522697
1651541
1405567
1370428
1698393
1382141
1276723
1358714
1311862
1314020
1098145
1238933
1295248
1192004
1323406
1332792
1192004
1210775
1229547
1267091
1145074
1154460
1314020
1145074
1079373
3288140
2970664
2970664
2743896
3084048
3016018
2471774
2925311
3038695
2925311
3265463
2585158
2789250
3242786
2449097
3129402
636142
689650
790719
755048
802610
766938
766938
737212
683704
814500
659923
707485
796664
707485
743157
832336
2219437
2253065
2152181
2337134
2303507
2152181
2135367
2118553
2320320
2421204
2000856
1984042
2253065
2353948
1849531
2387576
199851
191085
213875
219135
238418
194591
231406
247184
184073
243678
240171
187579
247184
206863
208616
220888
394186
365202
414475
408678
327522
330421
350710
379694
350710
379694
405780
310132
342014
408678
318827
399983
1133821
1540285
1304964
1540285
1347750
1315660
1240785
1433321
1433321
1540285
1476107
1347750
1251482
1219393
1465410
1358446
734411
683567
598827
711814
638373
672269
745710
734411
723112
706165
627074
615775
621425
593178
819151
807852
1047542
1367625
1183335
1280330
1212433
1028143
1115439
1367625
1193034
1309428
1202734
1319127
1280330
1270630
1377324
1173635
1336923
1489094
1413009
1499963
1239100
1510832
1249969
1195623
1315185
1260838
1434747
1271708
1326054
1249969
1413009
1239100
1707611
1984082
2309341
2114186
2293078
2293078
1967819
2228026
2358130
1740137
2228026
1821452
2325604
1853978
1788926
2130449
3562922
3312012
3437467
3537831
3387285
3613104
3362194
2960738
2684737
3286921
3186557
2985829
3036011
2910556
2709828
2860374
1591848
1652146
1555670
1435075
1676264
1652146
1386837
1603908
1302421
1290362
1712443
1664205
1302421
1640086
1495373
1350659
381055
482670
475412
406459
424604
479041
486299
428233
399201
471783
500815
508073
417346
468153
446379
428233
2395659
2033725
1964785
2343954
1809670
2119900
2240544
2171604
1861375
2171604
1826905
2447364
2154370
1895845
1809670
2154370
241611
206129
234853
221336
234853
221336
223025
197682
187544
185854
187544
226405
217957
231473
211198
207819
2119147
2286448
2081969
2286448
2676817
2063380
2546694
2230681
2509516
2695406
2305037
2323626
2044791
2490927
2193503
2676817
1678005
1528849
1653146
1752583
1615857
1404552
1528849
1342404
1628286
1503990
1305115
1392123
1429412
1628286
1516419
1789872
1236817
1516851
1691873
1516851
1260153
1633532
1388502
1575192
1353498
1388502
1376834
1668536
1306826
1446843
1633532
1248485
1779958
1606906
1779958
1619267
1508020
1718153
1520380
1532741
1631628
1409133
1310246
1755236
1470937
1681071
1334968
1643989
2293685
2610055
2155273
2748467
2392551
2412324
2708921
2135500
2847333
2570509
2412324
2788014
2412324
2847333
2689148
2392551
1347223
1538168
1304791
1474520
1294183
1336615
1336615
1410871
1326007
1177494
1347223
1166886
1156278
1432088
1113846
1368439
3662581
2766698
2924795
3478135
2898446
3609882
3030193
3583533
3451785
3478135
2898446
3082892
3267339
2872096
2819397
2819397
373999
398750
310749
379499
393250
297000
346500
330000
360250
371250
305250
321750
341000
332750
288750
346500
106840
131287
100502
96881
96881
108651
122233
121327
129476
110462
116800
107746
124949
110462
130381
125854
1559829
1766087
1869216
1443808
1572720
1585611
1430917
1534046
1585611
1817652
1843434
1353570
1534046
1688740
1405135
1405135
384203
459090
374435
351643
348387
468858
351643
442810
410250
459090
364667
429786
367923
403739
416762
390715
3423766
3064629
2849147
3375881
2897032
3016744
3112514
2849147
2705493
3256169
3280111
2777320
3160399
2513954
2609723
3208284
2704878
2202543
2453711
2627596
2105941
2666237
2337787
2569634
2047979
2067299
2801481
2183223
2666237
2588955
2453711
2125261
2737153
2311373
2453300
2514126
2656052
2919630
2291098
2737153
2757428
2858804
2473575
2899355
2534401
2858804
2696602
2716878
3126937
2654522
2587034
2677018
2677018
2632026
3059449
3216920
3126937
2969465
2407066
2474554
2722009
2452058
2767001
2654522
1674568
1315732
1519072
1423382
1327693
1650645
1279848
1674568
1566917
1447305
1495150
1722412
1447305
1447305
1363576
1279848
904217
969978
937098
920657
945318
1101501
978199
969978
904217
904217
1068620
978199
1101501
895997
887777
871336
2543741
3163087
2632219
2941892
3030370
2831294
2742816
3074609
3185206
2720697
2919772
3207326
2964011
2322546
2565860
2587980
1342476
1705307
1535986
1463419
1584363
1269909
1632741
1620646
1330381
1402948
1475514
1693213
1560175
1294098
1439231
1439231
2506234
2789958
3239189
3002752
2577165
2884533
3002752
2931821
2931821
2813602
3286477
2553521
2695384
2529878
3239189
3333764
3187872
3013535
3536545
3038440
2664861
3461829
2739577
3162966
2963724
3013535
2913914
3511640
2615051
3063345
2913914
2714672
1496836
1519012
1385960
1596625
1352696
1408135
1252907
1208557
1308346
1385960
1463573
1330521
1485749
1430310
1175294
1164206
1120375
1316440
1325777
1176393
1017674
1269758
1223076
1279095
1279095
1260422
1279095
1353786
989664
1288431
989664
1204403
1051948
1092099
979677
1140279
851194
1140279
971646
867255
1076038
891345
1051948
963616
851194
947556
1011797
1019827
2427188
1841315
2243056
2259796
2159360
1858054
2058925
1874793
2293274
2293274
1807836
1774358
2025446
1824576
2058925
2176099
3160990
2514424
2801787
3041256
2873628
3280725
2753893
2562318
3328619
3089150
2873628
3065203
2945468
2682052
3448353
3041256
31094
33185
37104
35014
30310
36843
32401
31094
31356
29004
32139
32139
32401
29265
36320
36582
2555162
2391632
2882223
2412073
2677810
2861782
2228101
2923105
2371190
2268984
2677810
2841340
2698251
2412073
2657369
2493838
3232799
2809191
2742305
3076733
2430173
2474763
2920667
2720010
2608534
2898372
2430173
2831486
2541649
2675420
2608534
3099028
1705826
1767298
2090022
2182229
1859505
1844137
2182229
1798033
1982447
2105389
1767298
1874872
1997815
1690459
2059286
2120757
2763876
2883180
2584920
2425848
2704223
2843412
2863296
2863296
2167356
2545152
2286660
2743992
2266776
2306544
2386080
2664456
1051960
1158040
937040
1193400
1149200
1158040
981240
1131520
945880
990080
1158040
1069640
1255280
1193400
1140360
963560
3667708
3405729
2960364
3065156
2907969
3589115
3798698
3065156
2829375
3169948
3012760
2855573
3693906
2803177
3458125
3379531
683700
734722
581655
607166
566348
556144
591859
561246
632677
663291
596962
591859
622473
545939
551041
535735
1400994
1576118
1388485
1488556
1501065
1313432
1388485
1588627
1400994
1688698
1388485
1513574
1801278
1613645
1588627
1613645
1757404
1609836
1891557
1408606
1864726
1757404
1824480
1945218
1931803
1609836
1811065
1556174
1475683
1931803
1730573
1542759
2344230
2503161
2185299
2662092
2582626
2125700
2840889
2662092
2602493
2622359
2602493
2721691
2860755
2403829
2364096
2622359
3541695
2724381
3219723
2625312
2724381
2674846
2699613
3269257
3021586
2674846
3219723
2897750
3516928
3294024
2625312
2699613
3097070
2328142
2798043
2456297
2349502
2285424
2798043
2456297
2499015
3054352
2434938
3075711
2477656
2819402
2563093
2349502
469213
503269
525973
507053
544893
461645
514621
404885
446509
465429
408669
495701
518405
461645
499485
450293
2732998
2773190
2753094
2351182
2130131
2230609
2652616
2250704
2190418
2250704
2712903
2411469
2632520
2652616
2652616
2732998
869188
875532
856499
812088
869188
691543
900910
729610
856499
875532
793055
678855
824777
913599
666166
761332
517362
495805
612211
504427
504427
612211
534607
469937
534607
603589
478559
551852
577720
551852
560475
547541
3228952
3251375
3161682
2466560
2802910
2982296
3116835
2533830
2982296
2533830
2690793
2959872
3161682
2466560
3094412
2556253
2109851
2394966
2585043
2547027
2052828
2642066
2566035
2337943
2623058
2052828
2052828
2718096
2432981
2528020
2432981
2185882
1103806
1214187
1052861
1112297
1001916
976444
984935
1180223
1214187
1112297
891536
1052861
1154751
1095315
1061352
950971
2385125
2004167
2103547
2020731
2120111
2169801
1772280
2136674
2401688
2318871
2302308
2103547
2269181
2186364
2070421
2169801
1420628
1795889
1755682
1795889
1501041
1501041
1849498
1849498
1447433
1474237
1635063
1447433
1527846
1755682
1702074
1688672
591567
517621
637783
637783
586945
642405
526864
637783
596188
600810
619297
665513
503756
554594
540729
623918
607755
688431
779863
618512
715323
758350
699188
709944
634647
715323
645404
656161
688431
640026
752971
742215
1494886
1448890
1345398
1299401
1483387
1506386
1379895
1483387
1563881
1230406
1575380
1667373
1230406
1586879
1241906
1471888
2114919
2163725
2147456
2310142
2196262
2228799
2001039
2033576
1822084
1740741
2342679
1838352
1740741
1952233
2066113
2001039
1171869
1402058
1171869
1402058
1506689
1339279
1203258
1391594
1307890
1391594
1109090
1140480
1297426
1234648
1255574
1454373
950719
737151
930051
806044
978276
957608
888715
930051
868048
930051
998944
930051
888715
909383
730262
950719
2233503
2183500
1783469
2266839
2283507
2383515
2000152
1900145
2333511
1833473
1866809
2383515
2150164
2000152
1983484
1783469
1969442
1717353
2174264
1937931
1748864
2016709
1780376
1969442
1985198
2205775
2221531
2268797
1985198
1780376
1717353
1748864
1711899
1918983
1794733
1684288
1573842
1656676
1891372
1988012
1849955
1753316
1905178
1836150
1808538
1656676
1587648
1518620
2991113
2764201
2454776
2454776
2722944
2413519
2186607
2496032
2743573
2165978
2351634
2681688
2413519
2227863
2681688
2661059
1801639
2430513
2328534
2209558
2158568
1937612
1988602
1903619
2379524
2175564
2073585
2073585
1954608
1971605
2345530
2447510
1942859
1568165
1706941
1693063
1776328
1831839
1859594
1734696
1595920
1776328
1720818
1873471
1595920
1679185
1984492
1970614
1615927
1556518
1639691
1402054
1402054
1604045
1342645
1271354
1485227
1295118
1425818
1675336
1485227
1687218
1378291
1722863
2218313
2509240
2145582
2254679
2109216
2272862
2127399
2145582
2636520
2527423
2218313
1909204
2272862
2600154
2527423
2254679
2575539
1992753
2594339
2331145
2312345
2519141
2274746
2030352
1973953
2105550
2161949
2650737
2049152
2180748
2688337
2105550
2772304
2819694
2606440
3412067
3175117
2653829
2819694
3293592
2559050
3127728
2559050
2748609
2843389
2795999
3056643
2914473
2452264
2143460
2397769
2216120
2415934
1907316
2543088
2306944
2252450
2524923
2343274
2306944
1943646
2052635
1979976
2034471
1702246
1816576
1448179
1714949
1613322
1676839
1448179
1664136
1714949
1371959
1727652
1613322
1397366
1410069
1473586
1638729
1909880
1994763
1768407
1994763
1683523
1655229
1938174
1485462
1513756
2008910
1697671
1853291
1655229
2051352
1527904
1626934
1142953
1288420
1475449
1329982
1413106
1091001
1496230
1485840
1267639
1153344
1381935
1371544
1288420
1278030
1392325
1278030
1453041
1532298
1386994
1571926
1571926
1902163
1756859
1439832
1571926
1677602
1624764
1519089
1426622
1717231
1849325
1624764
2419717
2303571
2206782
2768156
2129351
2497148
2400359
2555221
2652010
2690725
2361644
2671368
2787514
2168066
2477790
2109993
1452537
1431637
1348038
1295788
1212189
1191289
1285338
1348038
1170389
1389838
1191289
1473437
1139040
1358488
1316688
1515236
3154679
2612468
2637114
3475076
3351846
2637114
3056095
3302554
2858927
3228616
3056095
2883573
2908219
3499722
3450430
3425784
777750
874165
764895
835599
719901
835599
848455
758467
674907
681335
842027
874165
880593
713473
687762
790605
2840702
2864374
3361497
3124772
2603977
2817029
3172117
2793357
2840702
2769684
3266807
2959065
2722339
3432515
3101100
2580304
2100218
1589748
1866860
1793936
1735597
1735597
1954369
1589748
1604333
1881445
2071048
2100218
1954369
1764766
1706427
1648088
3166685
2977629
3024893
2552253
2788573
3403005
3119421
2646781
2575885
3143053
3143053
2694045
3237581
3237581
2764941
3095789
2889342
2935944
3215558
2586427
2469921
3192257
2959246
2796138
2563126
2935944
2982547
3192257
3122354
2726234
3262161
3099052
127708
109213
103047
118020
126828
118020
109213
123304
115378
127708
124185
115378
118901
109213
98644
104809
2670455
2583611
2670455
2561900
2909276
2887565
2344790
2909276
2561900
2692166
2388212
2800721
2366501
2974409
2800721
2930987
152253
146163
149817
135201
168088
140073
143727
137637
169306
149817
158343
159561
172960
131547
157125
160779
2528513
2370481
2458276
2335362
1984180
2405599
2282685
2282685
2282685
2528513
2370481
2124653
2054417
2142212
2159771
1878825
400497
428851
379232
496192
425307
450117
453661
393409
432396
467838
450117
372144
496192
382776
513913
389865
1388634
1332185
1298316
1490241
1580559
1445082
1298316
1264447
1219288
1343475
1366054
1343475
1490241
1185419
1591849
1546690
2272817
1995221
2186068
2376915
2359566
1925822
2081970
2428965
2203418
2203418
2290167
2394265
1908472
2238117
2324866
2290167
3258325
3205344
3682172
3231834
3443758
3231834
3072892
3814624
3708662
2966930
2913949
2940439
3629191
3841115
3364287
3761643
1244834
1523848
1277028
1352147
1191177
1330684
1287759
1148252
1223371
1201908
1545311
1244834
1266296
1126789
1191177
1523848
1121961
1147852
923460
914829
1147852
992504
906199
906199
1225526
1130591
1035656
1104700
1035656
1001134
1147852
1139222
3128344
3360073
2664885
2896615
2711231
2688058
3313727
3151517
2502675
2456329
2618539
3174690
3336900
2919787
2641712
2942960
948810
969142
921701
765825
935256
725162
982696
860706
881038
914924
914924
779380
752271
853929
765825
813266
240055
283308
285471
227079
231404
229241
227079
266007
287633
283308
244380
227079
272495
289796
257356
313585
1774496
1575858
1456676
1906921
1602343
1602343
1840708
1814223
1853951
1403706
1695041
1695041
1615586
1602343
1695041
1681798
1809865
1432810
1621337
1646474
1470515
1747022
1319693
1696748
1709317
1545926
1747022
1583632
1445378
1432810
1319693
1369967
1066712
1268522
1355012
1239692
1268522
1364622
1028272
1335792
1210862
1162812
1364622
1345402
1210862
1210862
1172422
1230082
989608
1030842
1080322
1039089
973115
973115
964868
882401
890647
1138050
948375
1121556
948375
1022595
907141
1105063
2170612
2094450
2532381
2018288
2684704
2399097
2532381
2437178
2380057
2418138
2341976
2189652
2475259
2475259
2760866
2627583
3109600
2418578
2828872
2375389
2289011
2850467
2677711
2310606
2289011
3044817
2353795
2742495
2310606
3044817
2418578
2375389
521595
426759
497886
470226
450468
565061
438614
462323
509740
509740
545304
565061
438614
414905
454420
493935
1839027
1604258
1760771
1891198
1721643
1656429
1473830
1786856
1812942
1825985
1891198
1812942
1799899
1473830
1617301
1512959
1386756
1270385
1347966
1377059
1231595
1105526
1318873
1154014
1221897
1250990
1328571
1357664
1386756
1347966
1309176
1027945
1111464
979332
963787
917152
1057057
1018194
886062
956015
1119237
886062
847200
1018194
1018194
862745
1057057
893835
2148159
2185197
2592606
1962973
2500013
2462976
2518532
2185197
1944455
2166678
2000010
1981492
2407420
2185197
2592606
2314827
1766798
2036310
1751825
1796744
1976418
1691934
1811717
1886581
1946473
2051283
1572151
1811717
1736852
2156093
2126147
1961445
2135204
2294021
2082265
1888156
1976387
1994034
2064619
2399899
2382253
2099912
2399899
2082265
2082265
2417545
1994034
2241082
2790874
2635825
2209441
2674587
2674587
2500158
2616444
2383871
2790874
2054393
2558301
2693968
2442014
2732730
2732730
2655206
2467603
2446330
2680327
2510147
2254878
2701599
2680327
3084503
2297423
2786689
2318695
2467603
2893051
2914324
2659055
2573965
1080624
1293055
1089860
1191458
1025208
1126805
1329999
1200694
988263
997499
1172985
1274583
1062152
1209930
1154513
1256110
1932653
1916135
2114356
1883098
2395169
2196948
1800506
2031764
2015246
1767469
2015246
2395169
2147393
2329095
2213466
1982209
1604154
1604154
1483541
1724767
1399111
1664460
1531786
1483541
1519725
1362928
1459418
1411173
1338805
1567970
1567970
1688583
2349252
2069579
2423831
2554345
1995000
2162803
2498411
2703504
1995000
2050934
2647570
2628925
2181448
2554345
2703504
2311962
1183575
1203807
1234155
1406128
1082415
1375780
1466824
1284735
1143111
1112763
1224039
1436476
1153227
1325199
1325199
1062183
118021
94949
118908
126007
104710
112697
103823
99386
100273
120683
112697
99386
117134
101161
126895
116246
1152646
978505
953628
1102891
1169231
1136061
1061429
1086307
1003382
903873
986797
1127769
895581
1036552
961920
1202400
2533410
2295903
2315695
2335487
2751125
2137565
2770917
2790710
2810502
2572995
2097980
2553202
2474033
2869879
2711540
2513618
149665
126988
143996
131524
157602
145130
120185
151933
143996
147397
132658
151933
164405
134925
139461
126988
2006982
1713654
2037859
1806284
2006982
2130489
2099612
2022421
2053297
2161366
1790846
2099612
1960667
2192242
2099612
2037859
1120241
1085772
1094389
1059920
965130
1137475
1068537
1154710
1111623
1180561
1025451
1189179
1016834
1042686
1206413
1085772
276882
368330
309905
304825
304825
320066
337847
363250
314986
292124
360709
332767
312445
312445
350548
314986
2005838
1715137
1671531
2093048
1816882
1598856
1991303
1904092
1875022
1875022
1933162
2063978
1540716
1860487
1656996
1569786
3437652
2673729
3335795
2851978
3641364
2877442
3514044
3233939
3208475
3666828
3615900
3641364
2877442
3157547
2979298
3004762
587896
652120
716344
642240
558255
548374
686703
627419
647180
607658
543434
528613
558255
568135
711404
592837
2077938
2077938
1946238
2034038
1536503
2019405
2077938
1887704
1580403
1946238
1668204
1726737
1990138
1960871
1741371
1814537
2407060
2587027
3171920
3194416
3171920
2542035
2722002
3036945
2542035
2744498
3171920
2991953
2407060
2991953
2474547
3216912
1965170
1997923
2047052
1866911
2112558
1997923
2194440
2030676
1834159
1768653
1735900
1768653
1817782
2112558
2276322
1932417
3387343
2990389
2831607
2910998
3572588
2963925
3546125
3334416
3519661
3307952
3704906
2884534
2910998
3440270
3016852
3519661
1430152
1406513
1371055
1631082
1524707
1536527
1371055
1453791
1264680
1465610
1241041
1453791
1335596
1311957
1371055
1489249
2455170
2513626
2201859
2182373
2162888
2123917
2669510
2611054
2552597
2065460
2240830
2416199
2747452
2045975
2825394
2338257
487108
612365
565973
510304
593808
575252
668034
487108
635560
593808
570612
598447
640199
556695
524221
584530
1234584
1030440
1108209
1059604
1380401
1234584
1166536
1234584
1079046
1273469
1117931
1030440
1351238
1254027
1108209
1079046
1372542
1135897
1060170
1012841
1154828
1041239
1107499
1003375
1372542
1258952
1221089
1211623
1079102
1277884
1088568
1325213
1632493
1325634
1337908
1730688
1583396
1693865
1620219
1546573
1632493
1362457
1742963
1779786
1448378
1337908
1583396
1669317
2970842
2577642
2424731
2708709
2577642
2905309
2948998
2752398
2359198
2533953
2665020
3014531
3014531
3123753
2861620
2446576
491587
468544
553036
545355
414777
414777
437820
510790
483906
514631
483906
510790
430139
522312
433979
518471
383721
364693
428118
390063
380550
440803
447146
412262
336152
361522
342495
371036
361522
393235
437632
352008
1589152
1318134
1650747
1527557
1736980
1663066
1490600
1367410
1761618
1539876
1515238
1663066
1429005
1305815
1429005
1675385
1061484
868487
964986
868487
948902
1029318
1085609
868487
1125817
1109733
1037359
852404
908695
916736
1085609
956944
2251400
2154911
2299644
1945853
2203155
1833283
2122748
1736794
2170993
2219237
2251400
1736794
2315725
1688550
1833283
2251400
306017
266210
348313
358264
315969
303529
288602
306017
281138
328409
350800
320945
273674
325921
323433
313481
742129
949390
929333
715385
962762
949390
849102
782244
715385
849102
895903
929333
728757
875846
929333
862474
