3314259
3590448
3640664
2912531
2812099
2761883
3389584
3264043
3339367
3565340
3464908
2786991
2912531
3063179
3088287
3339367
2064837
2123832
2281153
2694121
2320484
2753116
2674456
2300819
2340149
2320484
2281153
2261488
2733451
2694121
2222158
2281153
2898854
2803809
3065181
3445359
2946376
2898854
2851332
3231509
2685004
3231509
3088943
3112704
2685004
3255270
2922615
3160226
1195836
1111917
1489550
1300733
1248285
1384652
1363672
1195836
1216815
1269264
1153876
1174856
1342693
1416121
1363672
1437101
866917
927400
887078
772833
846756
866917
934120
819875
866917
927400
880357
712350
900518
745952
786273
806434
1244833
1398956
1683489
1446378
1304111
1256689
1505656
1719056
1268544
1292256
1683489
1410811
1470089
1351533
1564933
1410811
1339850
1321241
1060715
1256110
1014192
1218892
1209587
1209587
1023497
1060715
1107237
1079324
1023497
1330546
1274719
1181674
2212129
2525659
2072782
2403730
2473404
1968272
2229547
1950854
2037945
1916017
2090200
1863762
2037945
2281802
2455985
2351475
1822856
2050713
1792475
1716523
2141856
1670951
1822856
2005142
1913999
1974761
1989951
2050713
1640570
1853237
2005142
1959570
2801147
2693411
2951978
2671863
2499485
2607222
2671863
2628769
2758053
2908884
2477938
2499485
2779600
2305560
2413296
2413296
2433801
2122274
2647975
2706386
2044393
2647975
2044393
2355919
2122274
2200156
2239097
2316978
2647975
2122274
2336449
2628505
2526989
2894551
3147250
3009414
2435098
3124277
3193195
2687797
2595907
3009414
2687797
2458071
2917524
2504016
3170222
2572934
1164949
1135078
1045467
1443740
1045467
1085294
1383999
1204776
1364085
1065380
1374042
1294387
1254560
1413869
1174905
1274474
1459121
1346880
1484063
1459121
1509005
1633716
1533947
1558890
1384294
1421707
1608774
1708543
1721014
1583832
1795841
1459121
2018566
2094452
1866794
2139983
2185515
2200692
1669490
2155160
2200692
1654313
2094452
1669490
1699845
1715022
2003389
1669490
469110
599419
560326
499516
508203
625481
512547
529921
521234
608106
621137
573357
603763
490829
521234
586388
1152172
1218281
1133284
1133284
1171060
1227725
1010512
1161616
1322165
1142728
1208837
1322165
1076620
1019956
1189949
1350497
3074342
3731253
3783805
3521041
3652423
3153171
3521041
2916683
3284553
2916683
3258277
3179448
3363383
3310830
3258277
3547318
932610
962453
813235
835618
902766
1066905
917688
977375
932610
880383
865462
880383
783392
1029601
783392
1044523
2423374
2140647
2120452
2524348
2625322
2786881
2221426
2564738
2645517
2908049
2423374
2282011
2605127
2302206
2362790
2847465
86591
111446
84185
86591
87392
116256
104230
94608
111446
110644
101023
90600
90600
109040
89798
92203
2280253
2829957
2361691
2585645
2687442
2300613
2626363
2911395
2137738
2158097
2891036
2382050
2320972
2219175
2585645
2524566
2037923
2416652
2542895
2488791
2218270
2146131
2073992
2073992
2110062
2290409
2380583
2398617
1911680
2254340
2146131
2344513
1619225
1451305
1271391
1415322
1427316
1415322
1583242
1595236
1355351
1511276
1667202
1667202
1679196
1427316
1499282
1559253
496623
544299
512515
560191
512515
568137
560191
437028
556218
472785
548272
548272
480731
572110
480731
568137
3117663
3672502
2932717
3276189
2827034
2853455
3434714
3566818
2906296
3117663
3223347
3408293
3619660
3540397
3249768
3408293
614948
560833
669064
600189
590350
526396
614948
659225
600189
624787
669064
565752
526396
708420
659225
698581
907818
990347
892812
832791
802781
825289
967839
832791
937828
892812
922823
1027860
907818
907818
937828
937828
1442797
1430971
1478276
1478276
1478276
1430971
1608364
1360014
1454623
1454623
1383666
1395492
1360014
1395492
1360014
1596538
768157
806565
761755
780959
812966
691341
774558
896183
729749
832170
883380
806565
851374
908986
755354
761755
2204301
1977388
1734266
1847723
2188093
2236717
2188093
2204301
2269134
2236717
2042220
2317758
2285342
1701850
2333966
2090844
760657
819169
661186
754806
737252
743103
631930
807466
614377
690442
667037
707996
661186
719698
789913
649484
2605167
2233000
2307434
2605167
2437692
2158567
2530734
2177175
2474909
2251609
2233000
2623775
2698209
2307434
2009700
2084134
3456004
3309976
2774538
3090933
3309976
3115271
2555496
3017919
2677186
2847553
2750200
2944905
3261300
3017919
2555496
3017919
561414
717362
738155
597802
587405
753750
603000
644586
587405
753750
654983
727759
571810
732957
706966
639388
2359567
2161561
2062558
2194562
1996556
2260564
2013057
1947055
2013057
1798551
2095559
2161561
2326566
2079059
1963555
2211062
3086588
3130061
2956169
2890959
2608384
2412755
3108325
2304073
2695330
2477965
2564911
2347546
2673594
2956169
2934432
2412755
1111424
835538
969540
1024717
882833
1142953
985305
914363
977422
1119306
1048364
1001069
985305
977422
859185
1008952
1983279
1954113
2085360
1735369
1779118
1706203
1939531
2070777
2114526
1633289
1662455
1531208
1939531
1983279
1749952
1852033
2517589
1962239
2258426
2036285
1999262
1999262
2647171
1980750
2165867
2610148
2350984
2110332
2388008
2350984
2499078
1980750
1380693
1091037
1062072
1062072
1023451
1033106
1380693
1052416
1110348
1313107
1100692
1129658
1062072
1023451
1313107
1351728
1521418
1442040
1455270
1547878
1640486
1455270
1653716
1494959
1666945
1680175
1415581
1693405
1693405
1852162
1547878
1918310
3469646
2741748
3324066
2547642
2911591
3105697
3105697
3299803
2960117
2790274
2863064
3275540
3178487
3032907
3324066
3129960
1966985
1434260
1447919
1707452
1543537
1830389
1516217
1953325
1721112
1953325
1475238
1734771
1939666
1857708
1570856
1680133
2692860
3168071
2806005
2534456
2760747
2534456
2466569
2421311
2579715
2534456
2896522
3054925
2489198
3077554
3258587
2557086
2165646
2052515
2036354
1842415
2149484
1874738
1907061
2230292
2068677
1729284
2262615
1810092
2311100
1842415
2343423
1955546
1819678
1553725
1819678
1931659
1931659
1707698
1945656
1637711
1707698
2029641
1973651
1847673
1567723
1889666
1721696
1567723
1029142
1111473
930344
897412
996209
897412
1185572
996209
930344
1020909
987976
1136173
1037375
979743
905645
1029142
2085242
2385818
2047670
2667607
2216744
2197958
2047670
2104028
2179172
2611249
2630035
2554891
2442176
2085242
2442176
2047670
1717001
1492470
1743416
1888701
1756624
1664170
1783039
1901908
1769831
1769831
1532093
1386808
1743416
1809454
1875493
1862285
2188366
2678862
2659997
2339288
2622266
2452479
2716593
2678862
2565671
2226097
2678862
2490210
2131770
2716593
2207231
2301558
1064629
991206
1057286
1005890
807649
888414
792965
785622
932468
866387
829676
903099
998548
969179
785622
1020575
57725
59558
59558
59100
61390
54060
64139
51311
66430
59100
60932
54976
56809
48104
56809
53602
1766252
1557736
1287892
1447345
1680392
1717189
1606798
1459611
1300157
1533205
1704923
1520939
1361486
1386017
1741720
1766252
1284894
1010192
1045638
974747
1249448
1169696
1019054
1276032
1178558
1267171
1019054
1019054
1089944
1134251
1010192
1284894
1060245
1194880
1068660
1152807
1060245
1178051
1169636
908782
1119148
1060245
1135977
1085489
1110733
976099
1060245
1085489
665704
680720
610646
715757
540572
555588
570604
525556
720763
580614
575609
680720
660699
665704
720763
570604
2527148
2527148
2201064
2873612
2853232
2934753
2404867
2669810
2160304
2221445
2201064
2302965
2914372
2323346
2771711
2710570
2556025
2188251
2464081
2537636
2629579
1949199
2316972
2022753
2151474
2482470
2316972
2445693
2169863
1930810
2390527
2059531
238864
235160
240715
261084
209237
222199
251825
209237
203682
255529
211089
240715
216644
238864
266639
237012
621557
607322
583599
564620
569365
645280
640535
507683
536152
602578
607322
664259
540896
588344
555131
531407
2824656
2594499
2803732
2552652
2761886
2343418
2971119
2322495
2615422
2259725
2720039
2217878
2552652
2510805
2657269
2782809
2757363
3120174
3410423
3313673
3095987
3362048
2660614
3362048
2999237
2781551
2563864
3337861
2902488
2539677
2975050
3168549
1267830
1229411
1085340
1123759
1363878
1114154
1133364
1383088
1373483
1344669
1325459
1133364
1056525
1392693
1171783
1239016
284883
312940
302149
282725
241719
297832
263301
299991
287041
280567
248194
302149
282725
306465
256826
252510
2621262
2042776
2097009
2585106
2223553
1898155
1916233
2548951
1988543
2097009
2494718
2458563
1934310
1970466
2295864
2205475
2162408
1715013
1774666
1700100
1923797
1565881
1923797
1595708
2162408
2072929
1670273
1640447
2132581
2162408
1655360
1864145
1974027
2122079
2039828
2089179
2303032
2286581
2352382
2089179
2204330
2138529
1727274
2154980
2105629
1842425
2105629
2187880
2685274
2760562
3387962
3212290
3212290
3588730
3187194
3387962
3488346
2810754
3337770
2860946
2860946
2936234
2986426
3337770
1275561
1238045
1228666
1041083
1284940
1172391
1341215
1097358
1209907
1359973
1069220
1078599
1322457
1181770
1022325
1059841
585993
639754
585993
661259
693515
564489
704267
672011
607498
731148
763404
672011
747276
623626
564489
720396
113041
116841
104492
117791
117791
117791
116841
107342
137739
116841
123490
117791
113991
122540
103542
125390
458309
425337
471498
438526
474795
375879
352799
468200
428634
362690
392365
402257
405554
431931
352799
441823
2592469
2628728
2519953
2139240
2447436
2193628
2084853
2483694
2628728
2574340
2102982
2429307
2048595
2356790
2030465
2157370
2651794
2834677
3040419
2537493
2651794
3314743
2948978
2628934
3063280
3063280
2903258
3223302
2400331
3291883
2400331
3040419
113171
102621
138107
121803
132353
128516
131393
119885
127557
126598
102621
137148
116048
110294
132353
117966
755342
643439
677010
671415
783318
637844
744152
604274
677010
654630
788913
738557
783318
682605
710581
632249
1118983
994652
953208
928342
986363
886898
1201871
1185294
1002941
1069251
1044385
870320
928342
961497
870320
969786
3033954
3181952
3403949
2935289
3527280
3502614
3527280
2935289
2787291
2787291
3058621
2737959
3329950
2639294
3527280
2614627
1366901
1413237
1285814
1494324
1586995
1529076
1505908
1413237
1390069
1227894
1297397
1227894
1656499
1644915
1390069
1413237
2007095
2476042
2100884
2401011
2532316
2419769
2138400
2644863
2213432
2007095
2663621
2269705
2644863
2288463
2269705
1988337
1854442
1517271
1756101
1573466
1924686
1924686
2008979
1517271
1938735
1938735
2037077
1643710
1517271
1503222
1798247
1826345
3444109
2750504
3085348
2630917
2583082
2894009
2606999
2606999
3181018
2846174
2894009
3252770
2798339
3037513
3157100
3085348
11738
12669
11272
12483
10433
9781
10247
11458
12483
10433
10620
11924
11551
10527
10154
10340
2177324
2380295
2324939
1937449
2029709
2251131
2343391
2638621
2140420
2048160
2195776
1974353
2214228
2288035
2158872
2527910
2120802
1895184
1865102
1639485
1940308
2165925
1850061
2090719
2075678
1729732
2165925
1624444
1835020
1925267
2180966
1970390
2848556
2616452
2616452
2384347
2236644
2637552
2806355
2257744
2363247
2890757
2616452
2806355
3038460
2954058
2215544
2553150
2250187
1931012
2282105
2314023
2026765
2234229
2010806
2202311
1851218
1915053
2026765
2314023
2074641
2298064
2250187
2234229
1309387
1167283
1431190
1136832
1289086
1248485
1441341
1065780
1309387
1349988
1360138
1278936
1106381
1451491
1177433
1187583
1465508
1133896
1294353
1379931
1529691
1444113
1551085
1551085
1433416
1551085
1412022
1379931
1230171
1540388
1165988
1497599
2367928
2635996
2568979
2904063
2971080
2501962
2524301
2993419
3194469
3216808
2390267
3194469
2971080
2591318
2792368
3216808
477646
504430
535678
562462
473182
607102
495502
549070
611566
624958
526750
557998
473182
499966
557998
647278
2197520
1918730
1918730
2082725
2345115
2246719
1935130
2148322
2230319
2345115
2213920
2361515
2049926
2131923
1771136
2000728
569415
578750
564748
578750
625423
662762
578750
653427
620756
564748
564748
658094
606754
644092
490070
672096
3347294
3323555
2540145
3038679
2753802
3252336
3323555
2896240
3371034
2682583
2682583
2896240
3252336
2540145
3133637
3181117
1210759
1386514
1025239
1220523
1230287
1220523
1230287
1308401
1396279
1083825
1298637
1200995
1396279
1288873
1200995
1181466
589714
606807
487155
602533
542707
448695
487155
598260
474335
525614
542707
564074
504248
559800
495701
448695
2127117
2286651
1914405
2020761
1967583
2357555
2268925
2499363
2127117
2162569
2499363
1967583
2570267
2375281
2339829
2410733
1823326
1981252
1651043
1579259
1665400
1737184
2024322
1823326
1852040
1794612
2009965
2024322
1780255
1952538
1794612
1708471
2539076
2575348
2430258
2158214
2412122
2430258
1958716
1958716
2339577
2230759
2049397
2176351
2013124
2248896
2049397
2557212
490764
447229
569920
522426
534300
498680
542215
542215
510553
490764
415566
415566
510553
463060
562004
565962
603483
612840
617518
636231
678334
495886
495886
552024
622196
589449
580093
631552
500564
631552
673656
608162
3128903
2747329
3179780
2798206
3332409
2899959
2925397
2899959
3485038
3535915
3408724
3383285
3027150
3663106
3001712
2772768
1302809
1327391
1499460
1560913
1474879
1782145
1585495
1487169
1438007
1462588
1536332
1732983
1511751
1757564
1696111
1487169
2896035
2623758
3143559
3044550
2722768
2698015
3564351
3168312
2698015
2821778
3019797
3193064
3143559
3490094
3539598
3415836
1492551
1293544
1194041
1558887
1182985
1470440
1536775
1238265
1205097
1404104
1205097
1603111
1569943
1503607
1304600
1536775
2391523
2865315
3000684
3113492
2865315
2594577
2684823
3045807
2436646
2933000
2752507
2617138
3203738
2910438
2820192
3090930
3275896
2832542
3128111
2660126
2807911
2980326
3054219
3472942
2980326
3078850
3374419
2586234
2881803
3448312
2586234
3177373
2623434
2665076
2706718
2706718
2415225
2207016
2873285
2810822
2665076
2394404
2186195
2706718
2873285
2248658
2852464
2352762
555918
479703
502119
555918
533501
636615
506602
623166
515569
470737
641099
546951
555918
551434
502119
511085
188341
192687
175302
201380
204277
160814
207175
189790
179648
179648
181097
204277
153570
155019
189790
201380
60008
78010
67645
58917
62735
57280
68191
75828
71464
59462
74737
77465
67645
73101
57280
72555
641715
558439
578033
582932
695599
533946
671106
514351
700498
578033
631918
685802
558439
582932
710295
529047
628341
545435
527981
466892
575979
523617
545435
519254
527981
580342
628341
475619
501800
575979
584706
597796
2549877
2443632
2783616
2656122
2953608
3059853
3059853
2358636
2932359
2974857
2847363
2507379
2783616
2826114
2634873
2316138
2218997
2467525
1934965
2414269
2112485
1863957
2556285
2254501
2538533
2343261
2325509
2396517
1917213
2574037
2147989
2005973
1774013
1616641
1831239
1874159
1816933
1702480
1659560
1616641
1802626
1959998
1931385
2002918
1673867
1859852
1774013
1573721
2725933
2640076
2962037
2833253
2854717
2811789
2446900
2468364
2597148
2661540
2575684
2296652
2640076
2489828
2962037
2833253
1651242
1408036
1804846
1395235
1408036
1497638
1804846
1600041
1446437
1651242
1561640
1587240
1548839
1728044
1548839
1715244
2932795
2517123
3325374
2794238
2863517
2470938
2609495
2424752
2909702
3233003
2540216
2563309
2886610
2724959
2701866
3256096
1525559
1669706
1369399
1681719
1429461
1477510
1645682
1693731
1633670
1657694
1705743
1273301
1285313
1741780
1693731
1357387
1710090
1797787
1914716
2075494
2090110
1637009
2060878
1812403
2017030
1900100
1856252
2046262
1651626
1841636
1914716
1593161
1543501
1565395
1160362
1258884
1313618
1247937
1269831
1204150
1554448
1149416
1171309
1313618
1269831
1390246
1477820
1390246
2726726
2510320
2986415
3116259
2899852
2380475
2770008
2899852
2445397
2705086
2856571
3051337
2726726
3116259
2726726
2726726
1392580
1381615
1546093
1436441
1502232
1293893
1414510
1370650
1162311
1436441
1589954
1381615
1381615
1502232
1458371
1337754
114815
100574
117485
96124
111255
112145
119265
127275
96124
95234
101464
113035
114815
98794
116595
123715
291387
332667
344808
262248
313241
303528
264677
279246
264677
339952
325382
281674
254964
284102
339952
322954
3146794
2856664
2432628
2343357
2923617
2566534
2878982
2499581
2387992
2990570
3169111
3213747
3146794
2410310
2856664
3191429
163045
183597
191818
186337
146603
147974
187707
189077
157564
157564
174006
191818
186337
147974
149344
175376
976050
935717
919584
1048648
1169646
1032515
1024449
959917
1040582
1024449
951850
967983
919584
1113181
1048648
855052
3069502
3429210
3069502
3405229
2829697
2925619
2733775
3165424
3141444
2853678
3021541
3381249
2541931
2805717
3357268
2925619
2924818
2295170
2863884
2132680
2376415
2173302
2315481
2599838
2904507
2356103
2762328
2457660
2762328
2559216
2538905
2193613
680291
627218
593445
636868
574146
511424
670641
656167
694765
641693
694765
641693
636868
516249
583795
622394
2523442
2880533
3047175
2523442
3404266
3094787
2761502
3166205
2880533
3356654
3190012
2856727
3190012
3261430
2618666
3023369
1263856
1090585
1396357
1386165
1355587
1284241
1304625
1100778
1284241
1274048
1467704
1294433
1090585
1100778
1284241
1365780
12230
11344
12585
11876
9749
12762
11078
10901
11167
11876
12230
11256
11167
11787
11256
9306
1929397
2664405
2407152
2278526
2260150
2058023
2333651
1966147
2609279
2002897
2039648
2113149
2646030
2443902
1929397
2315276
202805
198428
207182
202805
172165
208641
195510
182378
196969
208641
157575
192591
196969
205723
185296
175083
1049425
1032222
972009
1204259
1238666
1015018
1075231
954805
1083833
1161249
954805
1083833
1204259
1083833
903194
954805
923799
909135
843150
982453
894472
865145
828486
791827
1055770
857813
1048438
1063102
784496
1055770
828486
791827
805583
799034
864528
700792
733539
733539
759737
864528
890726
772836
943122
792484
943122
916924
884177
897276
880063
832675
724360
961300
900372
764978
968069
832675
974839
751438
968069
798826
724360
798826
737899
954530
2631505
3266696
2586134
2699561
3175954
2472707
2427336
2767617
3221325
2450022
2427336
2381965
3266696
3085213
2812988
2676876
2919266
2795569
3240881
2944006
2696610
3315099
3389318
3339839
3240881
2944006
3364578
3042964
2820308
2597652
3265620
2770829
1366807
1257462
1574562
1574562
1421479
1279331
1268397
1574562
1552693
1159052
1399610
1355873
1268397
1487086
1268397
1388676
209483
225000
175345
206380
176897
211035
169138
189311
204828
209483
164483
184655
183104
198621
184655
201724
281990
293180
273038
317798
277514
234992
308846
299894
241706
273038
268562
313322
243944
295418
277514
299894
315996
293625
327182
332775
394296
383110
366332
349553
310403
349553
299218
302014
318793
402685
397093
338368
991857
914903
1197070
1179969
983307
1068812
983307
957656
1077363
1026060
923454
1111565
1154317
1137216
1000408
1008959
2398647
2501153
2255138
2337143
2173133
2337143
2931680
2685665
2788171
2870176
2849675
2808672
2829173
2685665
2419148
2521654
122299
120115
147414
143046
145230
145230
153966
125575
121207
153966
136495
131035
137586
128851
148506
143046
2369292
2166788
2470543
2652797
2450293
2774299
2794549
2774299
2227539
2835050
2875551
2511044
2268040
2916051
2895801
2794549
1303994
1650928
1435590
1650928
1268104
1603075
1615038
1734671
1315957
1351847
1674855
1495406
1387737
1363810
1280067
1591112
119720
97799
110446
115504
113818
88525
91054
107073
105387
121406
101172
116347
105387
98642
91054
98642
1805564
1903162
1854363
1919429
2163424
2000761
2179690
2098359
1903162
2277289
1854363
1805564
1951962
2163424
2326088
2098359
1063233
1221785
1147173
1053906
1119193
979294
1137846
1296398
1044580
1277745
1175152
988620
1296398
1165826
1277745
1184479
2432627
2336855
2011227
2413473
2509246
2011227
2356009
2317700
2624173
2375164
2030382
2662482
2394318
2777409
2758255
2336855
333658
328143
314356
391566
391566
369506
355718
325386
372263
328143
366748
330901
361233
314356
328143
308841
2609080
2633017
2896318
2680890
2585144
3375049
3398985
3327176
3279303
2968128
3255366
3422922
2848445
3470795
3327176
3470795
1496756
1584067
1322134
1434391
1409445
1446864
1334607
1471810
1421918
1521702
1484283
1609013
1322134
1359553
1309661
1658905
1871187
1728249
1780227
1390396
1676272
1832204
1650283
1819210
1416385
1650283
1676272
1481357
1832204
1754238
1507345
1624295
1920821
1888539
2324355
2195224
1727125
1775549
1904680
1872397
2275931
2292073
1904680
1969245
1823973
2130659
2179083
2082235
1957111
1533557
1767242
1811058
1869479
1533557
1708821
1811058
1723426
1708821
1913295
1679610
1913295
1927900
1825663
2044743
2915927
2711300
3555385
2788035
3325180
3606541
3478650
3657698
3274023
2788035
3555385
3529806
2839192
3248445
3171710
3606541
1284327
1041831
1005906
1266364
1032850
1122663
1149607
987944
1194514
1302289
1014888
1122663
996925
952018
1023869
1158588
2266833
2108682
1950530
2442556
2442556
2143826
2407411
2073537
2038392
2091109
2337122
2301977
2249260
1845096
2460129
2038392
1438738
1219084
1515618
1284980
1493652
1537583
1394807
1284980
1241049
1438738
1471687
1175153
1471687
1306946
1394807
1416773
3335995
3723901
3310135
2870507
3361855
3723901
2896368
3129112
2741205
3465297
3672181
3154972
2896368
3258414
3723901
2792926
1979685
1728531
1964911
1817173
2053554
1639888
1817173
1580793
1654662
1625114
1920590
1669436
2112649
2024006
2083101
1684209
366187
375496
403426
394116
397219
332050
409632
394116
325844
431355
332050
353773
397219
434459
440665
406529
318820
275240
268359
284415
254597
327994
321113
256891
243129
275240
291296
266065
259184
318820
254597
321113
134500
135690
159496
134500
166637
148783
129739
152354
127358
127358
144022
146403
152354
149974
169018
147593
1083555
1319110
1337955
1271999
1290844
1130666
1262577
1130666
1328533
1130666
1074133
989333
1309688
1111821
1243733
1149510
808075
782624
833526
827164
693545
839889
865340
865340
801712
782624
808075
878066
903517
776261
827164
801712
2558371
2381253
2479652
2322214
2263174
2794528
2243494
2597730
2322214
2164775
2558371
2125416
2774848
2578051
2420612
2125416
2742982
2894170
2505401
2591794
2591794
2872572
2613393
2526999
2505401
2354213
2678187
2311017
2656589
2375811
2656589
2375811
495449
478365
555245
482636
546703
512534
448467
499721
469823
457009
499721
482636
589414
533890
452738
550974
1705925
1806274
1567946
1593033
1793730
1605576
1705925
1630664
1643207
1593033
1806274
1530315
1492684
1530315
1530315
1630664
3155352
2812911
2837371
2763991
3326573
2666150
2984132
3448874
2715071
3204273
3351033
3253193
3424414
3497794
3253193
3302113
2913817
3584254
3326394
2862246
2733316
3145892
3506895
3171678
3120106
3455324
3377966
3249036
3635826
3274822
3532682
3171678
2159258
2159258
2176395
2416312
1867929
2450586
1919340
2073573
2124984
2073573
2244943
2296353
2262080
2382038
2467723
1833655
1796473
2083305
1720991
1720991
1690799
1600220
1675702
1811570
2038016
1871956
1675702
2173884
2068209
1660606
2113498
2022920
463127
508210
491816
545096
491816
508210
442634
491816
581982
569687
524604
479520
463127
500013
487717
561490
2530688
2159048
2512991
2530688
1893591
2176745
2141351
2389111
2424505
1982077
2406808
2017471
2194442
2566082
1999774
2212140
322578
296977
286736
327699
368661
330259
320018
353300
366101
325139
325139
353300
340499
325139
294417
368661
2934372
2835737
2638469
3476861
2860396
3501519
2934372
2835737
2909713
2687786
2860396
2687786
2761762
3328909
3353568
3131640
3090683
3140134
3560467
2620899
2892879
2967056
2917605
2596174
3560467
3461565
3115409
3486291
3288487
2942330
2967056
2769252
3446307
2985181
3397767
2936642
3446307
3252149
2669674
3057991
3033721
3300688
3519116
3106530
3082260
3203609
2742484
2572595
1712882
1511366
1842428
1712882
2058337
2015155
1525760
1640912
1756064
1669700
1626518
1871216
1928791
1943185
2015155
1540154
2289374
2110205
2727341
2269466
2369004
2269466
2568080
2269466
2329189
2607895
2488450
2607895
2369004
2886602
2528265
2169928
2966957
3294023
2733338
2733338
2616529
2780062
2803424
3317385
2966957
2896871
2523081
3223938
2896871
3223938
2826786
2803424
2740351
2930984
2573547
3383737
2668863
3193104
3407567
3002471
2573547
2883325
3097788
3002471
2525888
2978642
2907155
3336079
2795510
2409139
3068243
3136426
3000060
2750055
2818238
3068243
2386411
2840966
2500050
2818238
2818238
2727327
2727327
2886421
751417
978911
958229
723842
765205
951336
909973
861717
916867
985804
778992
785886
806567
772098
868611
806567
777268
732670
688073
739041
726299
834607
726299
809123
904689
917431
783639
898318
917431
847349
904689
790010
924750
973422
1159994
989645
1038316
884191
916639
1103211
1062652
1159994
1013981
1168106
932862
924750
1054540
1135659
1184204
1058224
898651
1184204
915448
1159008
949042
1125413
1184204
940644
965840
932245
1142210
965840
881854
881854
1410773
1470552
1374906
1530330
1542286
1566198
1482508
1434685
1566198
1625976
1733577
1362950
1637932
1578153
1446640
1506419
1996361
1967003
1761495
1849570
1688099
1893607
1820212
1864249
1952324
2055078
1820212
1967003
1937645
2113794
1952324
1820212
723776
642147
680241
653031
593170
729218
778195
636705
674799
778195
729218
685683
625821
674799
674799
756428
2957355
2531836
2340353
2382905
2425457
3063735
2957355
2233973
3085011
2957355
3021183
2702044
2787148
2999907
2276525
2638216
52365
52365
45142
40086
44059
43336
49837
43697
37919
44059
48753
38280
47670
43336
37919
45864
2388884
3177667
2569178
2659324
3177667
3042447
2569178
3132594
2952301
2659324
2569178
3132594
3064984
3132594
3110057
3222740
1265349
1310140
1489304
1310140
1198162
1489304
1354931
1444513
1612480
1534095
1578886
1388524
1489304
1298942
1545293
1399722
1645585
1422874
1633212
1361010
1645585
1633212
1361010
1422874
1670330
1323891
1521856
1781686
1484738
1497111
1472365
1695076
1866034
1752450
1833582
1963393
1752450
1736223
2174336
2060751
1703770
2271694
1882261
1736223
2044525
1849808
2093204
2060751
2220072
2596692
2378649
2438115
2477760
2775091
2656158
2576870
2081318
2398471
2557048
2319183
2180428
2180428
2140784
2398471
1606974
1630433
1407568
1266811
1630433
1466217
1431028
1302001
1360649
1384109
1583514
1583514
1384109
1360649
1278541
1395839
1302228
1199910
985972
1153402
1023179
1023179
1255720
1032480
1023179
1013877
1069687
1032480
1013877
1060385
1078989
1162703
677522
509310
635469
532672
588743
509310
537345
621451
668177
499964
560708
649487
644814
616779
542018
532672
1202194
1202194
1479624
1304946
1202194
1233020
1417973
1181644
1459074
1181644
1109718
1294671
1428248
1489899
1140543
1222745
2523778
2822043
3280911
3005590
2913816
3005590
2753212
3097364
3166194
2844986
2913816
2936760
2730269
2409061
2661439
2661439
1379325
1707735
1392461
1471280
1405598
1523825
1707735
1523825
1799690
1707735
1904782
1615780
1839100
1799690
1891645
1550098
704135
636330
756293
740646
625898
636330
730214
651977
620682
688488
573740
584171
657193
641545
667624
657193
1772664
1876178
1410368
1371550
1423307
1617395
1643273
1876178
1526820
1371550
1746786
1695029
1604455
1591516
1552699
1513881
889125
926800
926800
904195
791170
994614
851450
911730
813775
1032289
1077499
843915
813775
1002149
798705
889125
737771
846623
786150
834528
719629
665204
816386
659156
695440
647062
858718
834528
761961
786150
755913
828481
918845
927432
1082004
1099179
918845
1099179
918845
927432
944607
1099179
1202227
961782
1185052
936020
1021893
1056242
948945
783911
948945
928316
887058
770159
893934
749529
921440
825170
832046
866428
935193
825170
852676
893934
275218
236868
279730
272962
306801
275218
286498
250403
297777
241380
275218
302289
288753
300033
263939
261683
3441547
2581160
3146557
3392382
3318634
2876150
3539877
2851567
3466129
3441547
3269469
3490712
3146557
3072810
2753237
3023645
97971
98702
90660
76768
90660
81886
81886
92853
84811
81886
97971
97240
87004
78230
87735
97240
333451
349180
393221
396367
349180
346034
402658
456136
371200
380638
393221
390075
437262
421533
352326
333451
3854395
3296172
3827813
3827813
3189844
3189844
3243008
3030352
2817696
3801231
3322755
3163262
3429083
3561993
3083516
3668321
376415
410634
351528
326641
363971
435521
413745
447965
388858
376415
345306
441743
438632
357750
385747
335973
2468082
2233027
2135087
2566022
2840254
2272203
2311379
2056735
2056735
2272203
2213439
2546434
2526846
2272203
2115499
2193851
2383214
2839997
2641395
2085312
2343494
2244193
2820137
2641395
2383214
2085312
2581815
2462654
2204473
2542095
2323634
2164753
1927740
1715024
1502307
1927740
1462423
1754908
1449128
1635255
1754908
1608665
1648550
1435834
1781497
1834676
1555486
1847971
162573
176436
144929
182737
153751
137368
151231
167614
177696
171395
157532
175176
167614
141149
175176
132327
1706807
1648949
1909310
1634485
1620020
1909310
2068419
1894845
1909310
1750200
1706807
1677878
1562162
1822523
2025025
1967167
302243
297407
328841
302243
350602
253884
275646
273228
287736
287736
253884
340930
331259
287736
350602
294989
599531
565411
662896
584908
584908
682393
609280
594657
541040
550789
667770
701890
628776
594657
565411
565411
3503407
2915244
3068678
3170967
2812955
3170967
3196540
3554552
3580124
3170967
3631269
2991961
3094250
2991961
3349973
3503407
2150285
1808970
2474535
1826036
2218548
2355074
1894299
2082022
1928430
1911365
2406272
2440403
1843102
2423337
2201483
2355074
2801704
2338113
2902485
2519518
2902485
2217176
2761392
2277644
2741236
2176864
2257488
2479206
2459050
2317957
2539674
2640455
92853
112574
96140
100248
106000
118326
97783
103535
110109
104357
89566
109287
88744
95318
94496
89566
2602697
2461465
2582521
2441289
2501817
2501817
2844808
2582521
2804457
2360586
2723753
2421114
2905336
2562345
2340410
2380762
2403659
3065216
2403659
3109320
2425711
2866749
3153424
2888801
2381607
2602126
2337503
2337503
2624178
2932905
2866749
3043164
2629342
2406859
2143925
2265279
2224828
2730470
2831599
2528213
2710245
2386633
2447310
2548439
2285505
2568665
2690019
2912502
3127906
3607182
2926105
3380156
3203581
2951330
2951330
3329706
2673855
2926105
3102681
3556732
3127906
3052231
3506281
3632407
1292641
1191478
1337602
1584890
1191478
1393804
1371323
1315122
1573650
1303881
1236439
1258920
1303881
1360083
1202718
1416285
1077022
1205474
1185712
1185712
1284522
1363569
1333926
1146189
1116546
1047379
1195593
1037498
1126427
1156069
1324045
1086903
1225184
1225184
1328062
1084895
1178421
1000722
1038133
1028780
1150363
1309357
1159716
1094248
1141011
1019427
1356119
1169068
1421020
1128753
1461333
1400864
1360551
1249691
1461333
1330317
1058206
1239613
1189222
1400864
1189222
1058206
1310160
1098519
2623335
2434606
2000529
2170385
2679954
2057148
2000529
2415733
2227004
2623335
2264750
2151512
2076021
2547844
2415733
2321369
832846
950833
923071
791204
791204
770383
950833
818966
867548
964714
825906
902250
902250
846727
812025
867548
2851298
3311184
2506383
2667343
3242201
2851298
2621354
3242201
2575366
2529377
2460394
2667343
2414405
2989264
2483388
2483388
2818569
3257527
2495127
3142012
3211321
2749260
3095806
3072702
2541333
2749260
3326836
3049599
2564436
2425818
2749260
2957187
2934346
2912928
3105695
2248951
2698742
2827253
3020021
2291789
2527393
2377463
2356044
2356044
2505975
2270370
2270370
3084276
557438
646838
641579
641579
752015
715203
657356
567955
678391
557438
730980
694168
620544
746756
641579
625803
605908
631367
621183
707742
539717
641550
738292
626275
560083
661917
626275
651733
667008
595725
539717
570267
1430496
1321390
1285022
1745690
1309267
1406250
1478987
1697199
1466864
1272899
1757813
1466864
1709321
1454742
1685076
1575970
217897
221754
210184
244894
268033
262248
258392
269962
210184
214041
233324
227539
252607
229467
208256
208256
2812438
2453403
2214047
2892223
2433457
2533188
2194100
2114315
2413510
2732652
2233993
2253939
2652867
2353671
2194100
2493296
2852872
3660765
3458792
3054845
2701392
3660765
3181079
3585025
3357805
3307312
3105339
3054845
3080092
3534532
3054845
3610272
285386
250529
252708
233101
294100
307171
298457
285386
313706
285386
315885
254886
300635
254886
259243
228744
2811067
2691447
2212968
2890814
2332588
2392398
2452207
2412334
2472144
2811067
2432271
2432271
2173094
2492081
2711384
2272778
2372812
2666962
2451252
2137492
2215932
2608132
2549302
2412032
2470862
2059052
2745402
2588522
2294372
2117882
2804232
2137492
2362551
2116845
2324750
2400352
2324750
2494854
2381451
2570455
2041244
2532654
2230248
2589356
2683858
2589356
2400352
2362551
1467155
1184592
1184592
1467155
1412816
1347609
1184592
1510626
1260667
1162856
1249799
1543230
1173724
1510626
1304138
1467155
1614403
1466606
1261963
1318808
1261963
1409760
1443868
1193749
1591665
1512082
1455237
1625772
1455237
1273332
1216487
1580296
537461
517103
533390
545605
460099
521175
439741
427526
443813
443813
545605
447884
435669
447884
553748
496744
2326330
2984725
2611634
3072511
2458009
2304383
3116404
2699420
2831099
2633581
3028618
2545795
2743313
2787206
2962778
3028618
2535818
2139596
2278274
2238652
2119785
2456573
2298085
2595251
2674495
2634873
2714117
2179218
2674495
2337707
2813173
2516007
2556211
2864720
2512139
2534175
2908792
2379921
2379921
2401957
2622320
2446030
2556211
2357885
2379921
2512139
2512139
3195264
1897534
2280370
1747729
2263725
2130565
2180500
2047339
2413530
2097275
2197145
2230435
1797664
2080630
1781019
1814309
2346950
2223253
2558506
2346767
1976225
2082094
1888001
2099739
2135029
2064449
2223253
2505571
2276188
2099739
2135029
2452636
2240898
1526577
1342521
1515750
1537404
1548230
1375002
1299214
1461616
1461616
1299214
1559057
1569884
1364175
1234254
1245080
1288388
3258426
3503421
3307425
3184928
3380924
3111430
2694939
3405423
2743938
2890935
2621441
2621441
2890935
2939934
3258426
2792937
3055686
3172315
2775776
3382248
2449214
3382248
2845753
3125663
2612495
2822427
3009034
3312270
2775776
2845753
3312270
2612495
45565
41209
37859
46570
41880
35849
42550
40874
46905
35849
40204
37859
47575
37189
42885
43555
41364
39206
41724
42803
42803
51075
44961
44241
47838
48917
45680
49637
51435
48558
43162
50356
1030908
1258985
1222492
1113015
1186000
1122138
1322846
1067400
1113015
1222492
994415
1067400
1195123
1313723
1149508
1186000
2069108
2344989
1810469
2189806
2138078
2431202
2310504
2172563
1810469
1948410
2051865
2276019
2155321
2500172
2034623
1844954
868322
908897
949473
1176698
1022510
852091
973819
949473
884552
868322
1176698
917013
1014395
949473
1022510
1168583
1640512
1727619
1800208
2090564
1771172
1800208
1959904
1785690
1524370
1858279
1596959
1625994
1684065
1669548
1959904
1771172
2528683
2721345
2576848
3130751
3299329
2552766
3395660
3347495
3202999
3467908
2938089
3491991
3058502
3395660
2649097
3323412
2266267
2284543
2302820
2211438
2485583
2321096
2174885
2558689
2339372
2101780
2229714
2101780
2595241
2120056
2576965
2120056
1710449
1619629
1634765
1786132
2043457
1998047
1725586
2043457
2028320
1846679
1634765
1710449
1846679
2134277
1755859
1665039
3577410
2998711
2761971
3814151
3656324
2998711
3577410
2893493
2788275
2946102
3551106
3708933
2867189
3630019
2788275
2814580
272959
242630
268915
258805
266893
222411
281046
262849
244652
250718
242630
258805
230498
212301
240608
287112
1697737
2083587
2160757
2191625
1975549
2129889
1960115
1805775
1620567
2191625
1821209
1636001
2145323
2191625
1975549
2191625
1507935
1239078
1355972
1648208
1309215
1402730
1402730
1449488
1694965
1543003
1671587
1227389
1414419
1531314
1671587
1507935
947870
1020783
1166610
955972
931667
1004581
907363
988378
964073
1166610
955972
1053189
1134204
939769
915464
1118001
484337
544880
404876
488121
435147
484337
525960
450282
537312
507041
499473
457850
476770
412444
472986
507041
397526
471018
447635
420910
447635
450975
437613
387504
370802
394186
384164
350758
434272
367461
484381
390845
1886217
1729033
1843349
2043402
2014823
1528979
1714743
2043402
1886217
1829059
1571848
1571848
1900507
1771901
1771901
1657585
2020407
1848457
1862786
1590533
1805470
1619191
1576204
1891445
1891445
1819799
2006078
2077723
2006078
1662179
1776812
1647849
1651096
1435736
1363949
1483594
1268233
1447700
1591274
1531452
1387878
1639132
1519487
1340020
1495558
1435736
1375914
1328056
2974913
2434020
2933306
2933306
2954109
2933306
2309198
2475627
2392412
2413216
2870895
2933306
2371609
2808484
2350805
2225984
1807822
1545999
1321580
1620806
1533532
1334048
1658209
1695612
1371451
1483661
1795354
1458725
1583402
1720548
1658209
1620806
1021076
1314162
1162892
1153438
1257436
1361435
1021076
1181801
1285799
1096711
1068348
1068348
1011621
1058893
1021076
1191255
2973645
2541987
2589949
2829759
3117531
3093550
3309379
3069569
3429284
2733835
2589949
2949664
2901702
2541987
2781797
2877721
1294949
1512684
1512684
1650201
1272030
1512684
1443925
1615821
1547063
1317868
1294949
1237650
1226191
1237650
1512684
1455385
2903629
2507679
2683657
2947623
2639662
2639662
3013615
2639662
2441688
2683657
2529676
2595668
2793643
3013615
2771645
2375696
290296
309649
395356
351120
400885
329002
359414
389826
293061
395356
298590
400885
329002
301355
389826
395356
1085150
1076182
1156896
1273482
950628
1067214
1264514
1156896
1147928
1255546
1219673
1004437
1076182
977532
1013405
1112055
2586622
3301023
3325657
2956140
3251754
2660526
3054678
3153216
3128581
3177850
2709795
3128581
3276388
2759064
3005409
2906871
2239758
1795225
1829420
1914907
2017492
1932005
2000394
1897810
2154271
1949102
2256855
2427829
2376537
1795225
2308147
1863615
916167
958582
1009480
1111276
992514
1111276
967065
967065
1026446
958582
1060378
967065
1111276
1221556
1153692
890718
1617286
1725105
2017757
1894535
2063965
1740508
2048563
1694300
1786716
2233395
1894535
2171784
1786716
2187187
1894535
2187187
1415587
1449835
1427003
1472667
1221515
1244347
1324259
1301427
1461251
1232931
1404171
1301427
1404171
1369923
1369923
1369923
1351371
1511703
1225396
1511703
1454442
1294109
1626226
1660583
1614774
1259753
1614774
1271205
1477346
1408632
1328466
1431537
1826110
1961936
1599732
1886477
1931752
2143038
1720467
1811018
2127946
2082671
1750651
2173222
1780834
1811018
1614824
2188313
1856970
1688155
1805027
1818013
1610240
1597254
1558297
1805027
1830999
1843985
1376495
1662183
1428439
1545311
1415453
1597254
2693037
2598545
2693037
3023761
2834776
3425355
2622168
2882023
3283616
2598545
2976515
2574922
2598545
2952892
3259993
3236370
532699
583214
642913
647505
574030
578622
647505
528107
652098
633729
619952
665874
596991
537292
638321
647505
590130
509464
496728
471254
505219
547674
539183
505219
577393
590130
509464
467009
539183
496728
513710
471254
846621
795088
780364
1001222
1067479
787726
1015946
898155
1030670
979136
802450
773002
802450
905517
957050
861345
73934
86792
93221
73934
89364
77792
85507
89364
68148
84221
86149
73291
90007
91936
88078
83578
1495035
1505791
1462768
1441257
1301433
1398234
1365967
1462768
1408990
1398234
1398234
1140098
1505791
1516546
1344456
1247655
1126045
874913
1174652
850610
1117944
1028833
955923
874913
1061237
915418
1134147
891115
1166551
1004530
1045035
988328
2717915
2717915
2560355
2540660
2816390
2087674
2619440
2796695
2343709
2383099
2422489
2816390
2067979
2225539
2717915
2816390
1862093
2134986
2070776
1878146
2231301
1974461
2199196
2102881
2295511
2247354
1894198
1894198
1781830
2151039
1717620
2199196
3364976
3075798
3522709
3680443
3128376
3154665
3680443
3207243
3627865
3075798
3470132
3180954
3470132
3706732
3627865
3417554
2373009
2393825
2976669
2581167
2789326
2310561
2872590
2789326
2352193
2581167
2373009
2893405
2185666
2893405
2352193
2789326
2028942
2117801
1643887
1584648
1895654
1732746
2058562
1925274
1836415
1954893
1584648
1880844
2073371
1969703
1703126
1747556
1202514
1464881
1344629
1453949
1147854
1147854
1300902
1377425
1257174
1289970
1344629
1333697
1377425
1388357
1585132
1344629
1337567
1152065
1288751
1083722
1210645
1093486
1034906
1171592
1191118
1230172
1034906
1327804
1357094
1191118
1366857
1269225
1824445
1929991
1703820
2186318
1749054
1914913
1764133
1945069
2141084
2110928
1929991
1613352
2171240
1733976
1583196
1749054
2400152
3011100
2400152
2880183
2400152
2967461
2661987
2727446
2771085
2356513
2945641
2880183
2640167
2334693
2487430
2792904
2497791
2474876
2841524
2589453
2795693
2566538
2956102
2635284
3276919
2749862
2864440
3299834
3322750
2933186
3208172
3093595
2754310
2336990
2336990
2399588
2503918
2900372
2336990
2295258
2211794
2649980
2816908
2503918
2462186
2274392
2837774
2274392
215689
250127
206627
212064
193939
244690
197564
210252
262815
235627
219314
237440
261002
251940
248315
244690
2587359
2069887
2355389
2069887
2069887
2069887
1927136
2533828
2337545
2069887
2355389
2462452
2248326
1962824
2373233
2266170
3453092
2718392
2571452
3428602
2938802
2816352
3281662
3159212
3159212
2889822
3134722
3012272
2644922
3330642
3281662
2669412
2160763
2469444
2881018
2839860
2757545
2778124
2181342
2798703
2922175
2736967
2695809
2304814
2860439
2325393
2634073
2922175
2556356
2682078
2451587
2514448
2598263
2723986
2304911
2263003
2682078
2283957
2765893
2535402
2242050
2891616
2577310
2577310
179911
205398
179911
205398
166417
160420
167917
191905
170915
188906
182909
206897
194903
169416
202400
166417
2575835
2875351
2875351
2236384
2096610
2456029
2456029
2376158
2775513
2655706
2296287
2555868
2096610
2735577
2396126
2775513
184795
172968
181838
171489
199578
162619
156706
170011
189230
208448
159662
168533
214362
196621
195143
162619
719940
724975
634353
634353
614215
548765
639387
553800
543731
709871
634353
699802
674629
578973
644422
654491
2221132
2430673
2472581
2828800
2556397
3038341
2200178
2556397
3038341
2304948
2954525
2744984
2724030
2514489
2870708
2304948
43465
52232
44561
42370
41274
43100
51501
41274
38352
47849
50771
48579
43831
40178
38717
46753
2616313
2330154
2820713
2432354
2432354
2922912
2289274
2800273
2514113
2493673
2411914
2943352
2473233
2371034
2698073
2309714
2952857
3006062
3830734
3325290
3750927
3777529
2819845
3272085
3857336
3750927
3112471
3591313
3139073
3059266
3617915
3511506
230861
232922
237044
237044
255596
251473
259718
216432
249412
237044
282392
270025
234983
284453
278270
257657
288085
261711
255625
221135
284027
235337
259682
233308
290114
249538
288085
290114
251567
251567
223164
281999
219091
259257
224568
217265
202659
241000
235523
250129
251954
215439
264735
235523
226394
250129
231871
264735
1833310
1847094
1929800
1502487
1929800
1530056
1778173
1819526
1723036
1957369
1805741
1874663
1502487
1640330
1847094
1640330
90669
100933
99222
114619
97512
98367
110342
119751
105210
117185
120607
106065
117185
106921
105210
101789
2909018
3351189
2746113
3374461
3188284
2653025
2490120
3374461
3118468
2629752
2629752
3165012
2466847
2699569
2559936
2629752
3097894
2710657
3025287
2565443
3388322
3339917
2710657
3291512
2952680
2904276
3001085
3509333
3485131
3388322
3388322
3388322
2416203
2328341
2877479
2350307
2855513
2811582
2591927
3119099
2547996
2569962
2460134
2613893
3163030
3141065
2701755
2855513
677134
764105
875925
782742
851076
838652
900774
726832
714407
701983
695770
851076
689558
701983
832440
677134
2442182
2905355
2821142
2421129
2800088
2357969
2800088
2610609
2842195
2652715
2294809
2757982
2884302
2673769
2905355
2652715
869830
1025156
931960
1110586
1102820
939727
931960
955259
908661
862063
963026
893129
1102820
931960
869830
1087287
2663588
2403726
2555312
3140002
2966761
2988416
2338760
3140002
2901795
2945105
2382070
2490346
3118347
3010071
3096692
2923450
2964695
2485783
3078722
2531393
3261165
2531393
3055916
2691031
2759447
2599809
2782252
3192749
3078722
2394561
2850668
2805058
836919
905394
852136
836919
913003
859744
913003
943436
973870
981478
981478
821702
852136
1087995
1034736
844527
2151020
1687953
1702890
2001643
1717828
1687953
1986706
1956830
2076331
1762641
1882142
1687953
1568452
1956830
1717828
1882142
49753
60511
47960
58718
64993
63648
47960
49305
53339
61855
47960
49305
63200
51098
49305
51994
109093
100137
112349
96881
118048
96067
107465
86297
89554
100137
91182
99323
105836
107465
94439
111535
2374865
2459682
2290049
2968582
3074603
2798949
2459682
2290049
2798949
2311253
3032194
2883765
3074603
2396070
2883765
2989786
1605183
1468307
1592739
1617626
1791832
1605183
1555410
1804275
1704729
1717172
1343874
1430977
1630069
1654956
1393647
1804275
87880
110806
93229
82531
102400
106221
110806
90173
81767
80238
94758
96286
95522
102400
91701
103928
3042429
3462074
2806378
2885062
3724353
3226024
2989973
3226024
3068657
3042429
3147340
2911290
3698125
3278480
3252252
2911290
3261200
3357828
3430299
2874687
2778059
3430299
3019630
3140415
3092101
3019630
2729745
2584803
3406142
2898844
3116258
3333671
2931879
3298364
2565394
3029608
2907447
3029608
3102905
2760853
3518255
2956311
3029608
3347229
2760853
3102905
3054041
3322796
947237
938780
1107929
989525
1040270
1031812
1014897
1082557
1116387
938780
913407
1150217
1124844
989525
1091014
1200962
1005406
926970
784359
1012536
912709
1005406
919839
976883
777228
827142
855664
955492
798620
748706
926970
798620
3236394
2950830
2593875
2570078
2927033
3402973
3212597
2879439
3402973
2998424
2665266
3331582
3236394
3426770
3426770
3165003
715860
737071
673439
646925
615109
620412
604504
742373
572688
721163
699952
620412
620412
731768
641623
652228
883625
929106
773172
721194
786167
799161
714697
773172
838145
883625
721194
747183
825150
935604
825150
812156
2175304
2387059
2059801
2406310
2136803
2618065
2175304
2425560
2752818
2579564
2541063
2098302
2502562
2483311
2117552
2194554
423977
495779
359012
423977
430815
441072
376108
430815
400042
437653
420557
413719
359012
492360
423977
396623
3004258
2317570
3047176
2253193
2381947
2875504
2617996
2617996
2982799
2575078
2317570
2317570
2682373
2789668
2746750
3025717
1039331
1301505
983151
1245325
1048695
1132965
1348322
992515
1067421
1245325
1254688
1198508
1132965
1264052
1161055
1161055
365074
337694
343778
349863
352905
386370
362032
349863
410709
331609
322482
319440
410709
374201
383328
368117
2555801
2077737
2096124
2427091
2224834
1930641
2188060
2335156
2243221
2335156
2151286
2151286
2188060
2574188
1985802
2610962
2199663
2001197
2133507
1753114
2398128
2067352
2034274
2199663
2232740
2331973
1901964
2166585
1753114
2282357
1753114
1819270
2455173
2565766
2565766
2322461
2410936
3118733
3118733
3118733
2786953
2742716
2698478
2455173
3140852
3140852
2986021
2853309
2297308
1963828
2649315
2352888
2149094
2649315
2501101
2501101
2575208
2667841
2241728
2630788
2519628
2130568
2112041
2519628
1402860
1565984
1391985
1207112
1457235
1141863
1250612
1544234
1326736
1315861
1250612
1533359
1478985
1217987
1565984
1424610
3125637
2679117
2902377
3125637
2857725
2813073
2433531
2813073
2500509
3125637
3125637
3237267
3103311
2522835
3036333
2947029
2172240
2061250
1966115
1775846
2156384
2124673
1886836
2045394
2045394
2077105
2045394
1966115
1966115
2140528
1823413
2156384
1767142
1961945
1461023
1808886
1753228
1739313
1683655
1892373
1544510
1711484
1614083
1516681
1822800
1586254
1920202
1627997
734267
589558
723548
702110
584198
632435
627075
653873
600277
637794
621715
659233
707469
675312
578838
696750
1740090
1986717
1616777
1918209
1616777
1507165
1698986
1520866
1945613
1603075
1644180
1822299
1986717
1657881
1452359
1685284
1960490
2028093
2366109
1842185
2214002
2163299
2061895
2332307
2028093
1960490
2247803
2264704
1960490
1960490
2028093
2078795
2726792
3130761
3383242
2878281
2979273
3559979
2802536
2853033
3130761
3257002
2903529
3130761
2954025
3635723
3029769
3156010
3346201
2906554
3004254
2906554
3077528
2662306
2711156
2808855
3199652
2637881
2882129
2662306
2882129
3199652
3370626
3053103
2907761
3157647
2703309
2476141
2885045
2430707
3089497
2998629
3044063
3248515
2635159
2748743
2430707
2680593
3248515
3021346
2282962
2176777
2530725
2194475
2017501
2265264
1982106
2477633
1964409
2424541
2530725
2265264
2548422
2477633
2176777
2141382
1607328
1853613
1840650
1555479
1542517
1685102
1840650
1659178
1477705
1607328
1840650
1711027
1685102
1762876
1620291
1412893
1995157
1710134
1662630
1662630
2280179
1710134
1710134
1805142
1678465
2121833
1900149
1947653
1900149
1725969
1900149
2010991
2498257
2712951
2264046
2264046
2068869
2517775
2712951
2517775
2751987
2576328
2283563
2322599
2654399
2830057
2322599
2654399
2367260
1863587
1880376
2182580
1830009
2266525
2182580
1913955
2333682
2283314
2434416
1762853
2434416
2232947
2400838
2132213
1310018
1263645
1623031
1344797
1298424
1310018
1599845
1599845
1680996
1414355
1472321
1414355
1495507
1252052
1553472
1333204
497565
504776
479538
400216
378582
497565
411032
504776
443482
454299
468721
504776
421849
429060
501171
382188
761630
658048
883490
810374
694606
883490
676327
865211
670234
749443
743350
846932
846932
810374
743350
731164
396276
369857
359950
396276
356648
402880
465624
416089
346741
350043
435903
399578
442508
350043
455717
462321
499469
406465
382352
454689
468468
368574
399575
437466
378908
485691
496025
396131
361685
475357
399575
478802
3308928
3427954
2928044
2499550
2666186
2951849
3308928
2523355
2666186
3427954
3070875
2856628
2523355
2928044
2880434
2547160
251133
207375
213083
218790
214985
266354
209278
249231
237816
258744
224498
256841
249231
253036
275866
243523
2661747
2089964
2602597
2267414
2208264
2070248
2661747
2602597
2267414
2168831
2602597
2661747
2444864
2188548
2346281
2582881
730087
730087
641052
641052
724151
670730
819122
813186
842865
646988
854736
771637
747894
860672
801315
777572
2657555
3046465
2960041
2895222
3024859
2938435
2549524
2311856
2506312
2463099
2852010
2441493
2506312
2960041
2419887
3132890
620446
603330
569099
599051
594772
599051
607609
487799
466404
517751
539146
492078
560541
526309
496357
581935
197062
260924
255450
226256
198886
226256
257275
264574
191588
195237
231730
202536
246327
233555
246327
259100
2357423
2162448
2251073
2056098
2357423
1878848
2233348
2233348
2197898
1985198
2109273
2233348
2002923
2446048
1861123
2516948
749106
749106
742417
969825
789237
862810
916317
762483
836056
876186
742417
949759
836056
943071
902940
836056
514991
425583
461346
482804
464922
404125
375514
411277
475651
479228
479228
482804
393396
393396
429159
411277
1416146
1509665
1763502
1870381
1456225
1937181
1669983
1923821
1563104
1469585
1710063
1937181
1857021
1790222
1696703
1536385
977312
1072448
1072448
1158936
1107043
1176234
1046502
1184882
1124341
908121
951365
925419
1063799
1141638
1245424
1037853
2273385
2364320
2200636
2018765
2291572
2291572
2218823
1964204
2637126
1909643
2400694
2073327
2509817
2018765
2073327
1946017
2662802
3066977
3376052
3447377
3423602
2757902
3423602
3043202
3352277
3185852
3043202
3209627
3280952
3447377
2829227
3209627
2736477
2627018
2999179
2911612
3130530
2342424
2845936
2714585
3064854
2539451
2845936
2648910
2320532
3108638
2539451
2429992
2405490
2460577
2625840
2258589
2019877
1983152
2313677
2111689
2497302
1928064
2515665
2387127
2515665
2240227
2570752
1946427
1873674
1890554
1907434
1974954
2346313
2093113
1839914
1789274
2261913
2346313
2363193
1806154
2346313
2160633
2346313
2076233
1813167
1700847
1684801
1845258
2182219
1781076
1941533
1716893
2230356
2085944
2326630
2021761
2326630
2053853
1684801
2118036
880062
963517
1039384
834542
986277
1062145
842129
1016624
880062
1100078
826955
902823
963517
1039384
1016624
826955
794987
852226
826787
686869
775907
826787
845866
814067
756828
909465
852226
845866
903105
915825
763188
712308
3108164
3729797
2823249
3237671
2926854
3211769
2719643
2849150
3341276
3600290
2771446
2771446
3393079
3367178
2797347
3755698
229423
267661
241498
257598
281748
257598
279736
247536
261623
275711
219361
287786
249548
257598
231436
263636
752742
839341
932601
766065
899294
919278
766065
879310
919278
832680
712774
939263
792711
806034
939263
905955
1706363
1403010
1567326
1516767
1415649
1390370
1491488
1466208
1390370
1668444
1403010
1630525
1681084
1643164
1719003
1428289
3307024
3408779
3078076
3383340
3357901
3230708
3612288
3383340
2925444
2721935
3001760
2747374
2747374
3485095
2950883
3256147
263834
219526
279946
227581
253764
292030
227581
245708
265848
243694
273904
283974
281960
223554
217512
259806
3092896
2927627
3234556
2597089
2644308
2667918
2479039
3258166
2549869
2833188
2998457
2502649
3305386
3423435
3423435
3163726
1716826
1954111
1702868
1521415
1702868
1702868
1465583
1619121
1968069
1563289
1730784
1479541
1716826
1954111
1926195
1842448
3031708
2770354
3632823
2822625
2874896
3502146
3319198
3789635
3580552
2796489
2744219
3214656
3266927
3371469
3345333
2953302
312750
277439
358149
335449
343016
269873
325361
302661
300139
264828
315272
310228
343016
305183
312750
330405
2326944
2027262
2203546
2256431
2133032
2133032
1921492
2044890
2203546
2397458
2274059
1939120
2133032
2133032
2556113
2344573
1781577
1858370
1935162
1674068
1766219
2226972
2042671
2211613
1612635
1858370
2058029
2058029
1766219
2058029
2011954
1965879
1056163
919884
962471
1056163
1183925
1158373
928402
1149855
1022094
1132820
1047646
1107268
919884
1124303
902849
1235030
410904
417640
447953
424376
431112
370487
360383
407536
370487
407536
370487
363751
387328
441217
370487
468161
1925354
2173787
1878773
1971935
1863246
2142732
1785610
2189314
2111678
1770083
2065097
1692448
2204841
2204841
1909827
1940881
1994718
1575538
1864627
2009172
1965809
2023627
1517720
1748992
1879082
1720083
1618901
1821264
1980263
1546629
1589992
1662265
453130
560001
577100
560001
585650
491604
547176
453130
478779
547176
517253
504428
585650
542902
470230
470230
1094361
1025000
878571
832331
809210
940225
1117481
1017293
940225
1063534
1063534
878571
863158
1001880
816917
855451
2429619
2517172
2385842
2692280
2342065
2648503
2933053
2582838
2451507
2298288
2976830
2560949
2648503
2911165
2495284
2626615
2409976
2428514
2076287
2372899
2354361
1965057
2335823
2187517
2261670
2131902
2447052
1965057
2335823
2243131
2576820
2002134
762130
762130
673215
730375
806588
920908
908205
743077
838343
673215
876450
800237
679566
914556
717673
793886
1260232
1249642
1249642
1334363
1535577
1196691
1154330
1440265
1217871
1450856
1355544
1524987
1302593
1302593
1239052
1334363
2874664
3006529
3375752
2769172
3613110
3560364
2821918
3349379
2848291
3824095
3375752
2795545
3243887
3296633
3349379
3138395
809596
992901
947074
855422
1061640
1000538
1046364
908886
870697
931799
969987
947074
947074
855422
931799
1008176
1345408
1309371
1597673
1453522
1741824
1657736
1333396
1657736
1261320
1417484
1609685
1645723
1585660
1657736
1525597
1273333
2600303
2356524
2194005
2681562
2884711
2133061
2336210
2925341
2681562
2722192
2579988
2173691
2173691
2742507
2315895
2823766
470284
517312
607094
572891
453182
568616
504486
513037
598543
560065
517312
530138
448907
547239
577166
619919
738622
764768
725549
732085
921643
941253
803987
692866
902034
947789
692866
692866
882424
725549
902034
849742
1785196
1813759
1756633
1942293
1856604
1799477
1542409
1728069
1699506
1785196
1770914
2070827
1656662
2013701
1570972
1856604
2261505
2328512
2043730
2026978
2060482
1876211
1892963
2311760
2177745
2144241
2093986
2244753
2211249
2412272
2194497
1809204
260821
236088
283305
296796
258572
240585
254075
294548
314784
254075
260821
263069
247330
281057
292299
256324
1016928
1103109
1085873
999692
1008310
947984
982456
965220
965220
1223761
904894
1137581
1240997
965220
1025546
1094491
112658
110097
92174
90467
92174
112658
118632
110097
109244
108390
90467
90467
116071
97295
96442
99002
2149678
2587575
2149678
2687098
2468149
2726906
2229296
2189487
2348722
2726906
2089965
2627384
2408436
2229296
2726906
2667193
735614
645076
792199
594149
797858
679028
690345
628101
729955
701662
786541
701662
712979
712979
679028
758248
3192940
3044432
3019680
3564213
2945426
3415704
3242443
2747414
2623656
3118686
3242443
2722662
2673159
3489958
3069183
3069183
67512
77422
76803
89190
72467
89810
81758
74325
80519
84235
66893
84235
84855
67512
67512
82377
1754487
1998165
1819468
1705751
1933184
1721996
2144373
2128127
1851958
1884448
2290580
2355561
1786977
2258089
2030656
2079392
2299734
1809349
2012267
2012267
1860079
2096816
2062996
2451922
2367373
2181365
1792439
2113726
2147545
1843169
2435012
2215185
2800696
2843784
2671433
2822240
2391364
3037678
2283644
2736065
2391364
2283644
2326732
2455995
2434451
3102310
2822240
2369820
1792072
1808073
1792072
1792072
2064083
1984080
2080084
1904077
1776072
1840074
1712069
2176088
1920078
2224090
2144087
2288092
247618
272571
228422
257215
205388
226503
253376
218825
247618
232261
214986
224583
274491
238020
218825
239940
3056065
2979021
2747890
3621052
3312877
2824934
3364239
2696528
3056065
3338558
3235833
3261514
3518327
3544008
3287196
3672414
1253027
1241636
1412503
1218854
1366939
1378330
1480850
1628935
1241636
1435286
1458068
1651718
1275809
1389721
1458068
1401112
2720929
2499223
2620153
2277518
2257363
2196898
2539533
2620153
2418603
2720929
2196898
2902324
2116278
2862014
2337983
2136433
2432040
2267466
2395468
2121178
2413754
1920032
2029748
2541756
2029748
2285752
2505184
1938318
1956604
1993176
2322324
2011462
2106210
2010473
1691350
2217903
2281728
1771131
1850912
2074298
1707306
1787087
1771131
1882824
1930692
1818999
2090254
2138122
2983044
2618211
2317761
2253378
2553829
2875740
2360682
2532368
3090348
3111808
2489447
2510907
2983044
2425064
2296300
3004505
1772988
2009386
2110700
2060043
1874301
2043157
2043157
2009386
2161356
2380869
1958729
2212013
2431526
2212013
2245784
1857416
1299109
1462863
1484697
1168107
1277276
1331860
1561115
1386445
1244525
1408278
1462863
1375528
1189941
1310026
1550198
1397361
537117
551900
625815
709585
576538
527261
635670
630743
566683
665236
561755
615960
655381
675092
517406
709585
885349
939240
923842
1070117
1093213
1085515
893048
954637
846855
1093213
877650
1062419
1062419
846855
916144
808362
1875996
2121454
2489640
2226650
2174052
1981192
2244183
2366911
2191585
2366911
1911062
1981192
2086388
1858464
2542238
2068856
362266
283512
325514
288763
322889
367516
336015
343890
315014
362266
354391
330765
328140
375392
336015
299263
669808
669808
652026
634243
681663
776503
800213
711301
681663
752793
699446
806141
723156
640171
699446
634243
1112612
1065467
1272904
1037181
1093754
1357764
1254046
1272904
1301190
1131470
1046610
1178615
1056039
1301190
1357764
1244617
1355152
1410240
1322100
1542450
1597537
1211925
1421257
1300065
1597537
1564485
1575502
1443292
1289047
1289047
1476345
1222942
796147
796147
772382
659495
736733
683261
629788
724850
748616
635729
796147
665436
813971
819913
659495
671378
3305771
2961971
3596679
2909078
3094201
3755356
3438002
3252878
2882632
3781802
2856186
2856186
2882632
2961971
3808248
3173540
650106
572821
613737
554636
609190
654652
659199
577367
595552
559182
504628
591006
631921
577367
641014
618283
2125778
2330897
2330897
2703841
2386839
2032542
2461427
2032542
2703841
2498722
2498722
2461427
2386839
2591958
2088484
2088484
439384
501598
556035
513263
447161
489933
458826
470491
451049
509375
548258
408277
419942
451049
419942
443273
2027134
1902661
1920443
2098261
2311644
2169389
2453899
1884879
2258298
2453899
2240516
1884879
2276080
2578372
2027134
2027134
1089189
1240728
1221786
1089189
1022890
1136545
1041833
1146016
1117602
1041833
1127073
1250199
1325969
1278613
1136545
1325969
2982499
3625279
2982499
3599568
3599568
3162477
3445300
2828232
3213900
3728124
3496723
3599568
3239611
2751098
3239611
3702412
1025319
1127851
939876
897154
1136395
982597
1136395
1196206
922787
897154
1221839
1025319
1153484
1042408
922787
1059496
1649991
1735546
1319993
1747768
1429992
1515547
1674435
1772213
1698880
1772213
1772213
1564436
1381104
1735546
1662213
1344437
2035116
2271758
1908908
1924684
2145549
2192877
2082445
1814251
2066669
1830027
1814251
2240206
1845803
2035116
2050893
1703818
656715
580098
788058
580098
760695
634825
689551
574626
585571
700496
782586
771640
749750
612934
716914
788058
1615476
1530451
1275376
1579037
1518305
1336108
1591183
1761233
1481865
1736940
1749087
1506158
1761233
1761233
1481865
1336108
919178
827260
709080
807563
748473
768170
722211
912612
748473
827260
702514
846957
886350
919178
873219
833826
2630009
2688453
2396230
2259859
2357267
2065044
2220896
2707935
2591046
2104007
2162452
2220896
2045562
2357267
2045562
2376749
3109138
3237615
2903575
3443178
3648741
3725827
3648741
3443178
2826489
2698012
2698012
3648741
3674436
3057747
3109138
3109138
2343418
2382803
2638807
2599421
2619114
2678192
2284340
2776655
2363110
2126799
2835732
2638807
2619114
2835732
2166184
2835732
2500933
3009597
2288989
3009597
3051986
2246601
2606905
2755265
2628099
2352572
2331378
3051986
2861237
3073180
2903625
2734071
2200838
2438766
2676694
2260320
2537903
2756004
2696522
2240492
2795659
2498248
2498248
2379284
2855141
2200838
2260320
2161183
1735767
1937600
1883778
1870322
1453200
1695400
1574300
1708856
1453200
1641578
1681945
1560844
1856867
1480111
1480111
1533933
3125616
2975586
3350660
3200631
3000591
3300650
3225635
3600709
2825557
3450680
3150621
2650522
3200631
3450680
3575704
3450680
914363
943623
928993
768065
870474
928993
1016772
804640
907048
870474
855844
848529
877789
1046032
1031402
790010
342269
327766
362573
365474
408983
397380
362573
411883
388679
400281
394480
382877
321965
330667
411883
403182
2453421
2433793
2217892
2433793
2590812
2728204
2826341
2257147
2335657
2649694
2257147
2708577
2217892
2531930
2473048
2159010
2811427
3024056
2905929
3094932
3047681
2551547
3425688
3260310
3283936
2693300
3142183
2976805
3024056
2669674
2929554
3354812
789413
696861
631530
593421
778524
778524
767636
696861
696861
778524
751303
778524
598865
685972
702305
713194
680035
699604
582188
689819
631111
709389
572403
616434
670250
601757
621327
680035
557726
513695
689819
582188
622662
639341
594865
689376
728293
722733
617103
722733
600424
633781
750531
767209
783888
672698
711614
633781
1599708
1382148
1766078
1394946
1817269
1510125
1689292
1842864
1714887
1343755
1689292
1612506
1625304
1548518
1574113
1599708
3435432
3130060
2672003
2722898
2901032
3308194
3689909
2672003
3460880
3409985
3613566
3689909
3130060
3460880
3384537
3613566
2514237
2126009
2347854
2588185
2384828
2532724
2403315
2310880
2421802
2680620
2606672
2680620
2273905
2588185
2495750
2292392
2223989
2073210
2695173
2186294
2695173
1978973
1997821
2714021
2506700
2129752
2148600
2450158
2431310
2280531
2431310
2073210
2085880
1908015
1778658
2231407
1859506
1859506
2005032
2247577
1827167
1956524
2166729
1924184
1810997
2037372
2199068
2005032
1883529
1898018
1579267
1782108
2100860
1782108
1564778
1782108
2100860
1782108
1782108
1753131
2042905
2071882
2057393
1564778
550723
579709
538301
554864
596272
492752
525879
596272
583849
509315
509315
600413
509315
575568
488612
563146
2700001
2788526
3031968
2456558
2921313
2877050
2987706
2545083
2633608
3209018
2567214
2700001
2854919
2877050
2434427
3209018
423584
436042
342604
364407
342604
448500
417355
364407
355063
445386
373750
401782
389323
423584
351948
423584
1299062
1427798
1287359
1357579
1416095
1474612
1451205
1310766
1404392
1275656
1568238
1380985
1591644
1322469
1521425
1380985
2373064
2290522
2827041
2290522
2909582
2909582
2558782
2166710
2496876
2207981
2620688
2538146
2600052
2620688
2434970
2806406
285006
275040
269061
245145
281020
229200
233186
211263
255110
281020
233186
261089
277033
285006
281020
285006
1804098
1761482
1491577
1917742
1875126
1591016
1576810
1889331
1960358
1889331
1917742
1647838
1704660
1676249
2002975
1619427
2256933
2629979
2443456
2462108
2182323
2238280
2200976
2331542
2406151
2462108
2462108
2107714
2294237
1995800
1995800
2200976
