2080620
1925350
1987458
1956404
1847715
1816661
1816661
1692445
1878769
2096147
1832188
2018512
1707972
2080620
1863242
1801134
2730282
2299185
2668697
2442884
2771339
2381299
2155486
2401827
2709754
2566055
2771339
2401827
2401827
2155486
2483941
2750810
2785202
2346588
2390449
2829064
2522033
2850994
2785202
2960648
2785202
2456241
2675549
2346588
2894856
2522033
2434311
2675549
769996
669304
775919
698919
746304
764073
746304
675227
740381
651535
752227
698919
633766
687073
657458
764073
2337469
2627067
2709809
2709809
2296098
2730495
2213355
2792551
2689124
2668438
2378840
2689124
2192670
2461582
2213355
2316783
123680
141349
127214
124858
140171
146060
124858
153128
141349
130748
151950
123680
142527
135459
146060
154306
1749797
1651808
1749797
1581816
1777794
1735799
1595815
1749797
1511825
1847786
1511825
1665807
1833787
1749797
1875782
1609813
1853835
1885525
2107351
1679543
2028128
1885525
1663698
1727077
2075662
2043972
1711233
1806301
1727077
1711233
2123196
1885525
1088983
1088983
1117641
1222718
1241823
1184508
1184508
1050773
1232271
1022116
1012563
1136746
1022116
1003011
1012563
1251376
2814892
2660953
2529005
2726927
2858875
2704936
2485022
2572987
2419048
2726927
2463031
2726927
2660953
2902858
2572987
2616970
1488911
1395854
1547071
1337693
1419118
1360958
1465647
1267901
1244636
1465647
1256268
1244636
1488911
1337693
1244636
1221372
1659880
1374975
1449298
1597944
1374975
1350201
1622719
1374975
1585557
1313040
1560783
1412137
1622719
1374975
1412137
1536009
566425
606884
556310
531023
596769
642285
576540
556310
531023
536081
657458
571482
561368
611941
591712
647343
956807
840123
1026817
941249
855681
1011259
941249
847902
925691
1019038
1042375
980143
925691
863460
972365
1003480
1606894
1606894
1499767
1428350
1523573
1333127
1571185
1321224
1261709
1321224
1249806
1452156
1392641
1547379
1416447
1594991
1437256
1437256
1585937
1313354
1474426
1561157
1610718
1585937
1437256
1400085
1387695
1647888
1486816
1499206
1437256
1561157
1713624
2182446
2117781
1907619
2166280
2133947
1697458
2117781
2020783
1907619
1794455
1810622
1842954
1697458
2117781
1842954
1313823
1468390
1424228
1247579
1357985
1225498
1247579
1490471
1214458
1192377
1324863
1324863
1346944
1214458
1236539
1324863
2661791
2991571
3132905
2638236
2803125
2756014
2779570
2520457
2520457
2756014
2520457
3156461
2638236
2473346
2873792
3180016
853326
923143
845568
822296
884356
923143
1023991
853326
961931
1031748
837811
861083
923143
899871
1000718
961931
1767575
1947328
1632760
1692677
1842472
2007246
1632760
1842472
2022225
1737616
1917369
1962307
1992266
1872431
2007246
1797534
1104338
1256312
1154996
1215786
1134733
1256312
1094207
1185391
1225917
1236049
1084075
1225917
1306969
1144865
1063812
1357627
1984322
1931641
2247728
2142366
2317970
1896521
2353090
1966762
1843839
1914081
1896521
2212607
2159926
2001883
1878960
2353090
2047105
2084666
2103447
2403939
2497843
1971981
2272474
2084666
2479062
2441501
2253693
2216132
2234912
2347597
2122228
2141008
2513993
2554541
2311251
2453170
2493719
2372074
2189607
2655912
2149058
2128784
2169332
2331526
2270703
2331526
2290977
2453170
2059822
1997873
1951411
2013360
2028848
1858486
2059822
2044335
1827512
1920436
2013360
2044335
1796537
1951411
1641663
1703612
2212659
2008128
2156878
2324222
2045315
2101097
2398597
2510160
2417191
2435785
2491566
2175472
2417191
2380003
2045315
2156878
545078
554014
589757
473593
478061
495932
549546
486996
580821
603161
603161
594225
580821
554014
594225
540611
1780687
1429946
1510886
1821158
1537866
1713237
1807668
1578337
1591827
1767197
1591827
1416456
1618807
1686257
1632297
1483906
812533
719291
839173
865814
732612
885794
745932
719291
819193
859154
719291
852494
699311
852494
832513
732612
1406766
1145042
1145042
1275904
1406766
1308620
1461292
1297715
1352241
1232284
1155948
1374051
1155948
1374051
1210473
1341335
1195767
1290170
1405551
1342616
1227235
1405551
1321637
1122343
1237724
1153810
1279681
1353105
1300659
1153810
1374083
1195767
2898479
3215120
3068978
2922836
2679266
2849765
2801051
2557481
2922836
2727980
2801051
3020264
2703623
2752337
3020264
2679266
2660205
2888223
3014899
2786881
3242917
2837552
2685540
2837552
3420264
2761546
2989564
2913558
2913558
3040234
3166911
2989564
1520107
1557795
1620610
1620610
1570358
1557795
1595484
1494981
1356789
1469855
1469855
1419604
1444730
1658298
1532670
1545233
1727628
1887325
1727628
1901843
1727628
1698593
1916361
1771182
1887325
1945397
1742146
1538896
1756664
1756664
1655039
1843772
2005183
1848256
2040056
2284165
2249293
2214420
1830819
2040056
1918001
2214420
2319038
2353911
2284165
2162111
2249293
1865692
817364
982337
824863
839861
959841
997335
862357
847359
787369
899851
884853
832362
989836
997335
1012332
1004833
2225558
2013600
1854631
2384526
2048926
2066589
1942947
2349200
2313873
1960610
1907621
1854631
1978273
2366863
2013600
1960610
2197186
2600339
2378605
2519708
2217343
2358447
2318132
2701127
2237501
2418920
2418920
2620497
2459235
2660812
2701127
2257659
928061
1000066
952063
1040068
880058
1024067
1080071
1072071
1064070
1032068
920060
952063
968064
1040068
880058
1024067
2370838
2191531
2091916
2589991
2171608
2390761
2151685
2649760
2410684
2669683
2350915
2251300
2410684
2370838
2649760
2171608
1704281
1631449
1820813
1951912
1893646
1864513
1573183
1675148
1864513
1937345
1631449
1558616
1587749
1689715
1704281
1966478
821489
775851
769331
762811
736732
854088
762811
762811
801930
854088
743252
710653
743252
743252
854088
860608
2621899
2920888
2552902
2690897
2989885
2736895
3104881
2989885
2920888
2460905
2529903
2966886
2621899
3012884
2713896
2483904
1901453
1515443
1672706
1672706
1658410
1544037
1729893
1858563
1744190
1529740
1644113
1544037
1515443
1501147
1644113
1701300
1728069
1755070
1552562
1660566
1674066
1444557
1768570
1795571
1701068
1620064
1417556
1579563
1512060
1498559
1647065
1566062
2692498
3161832
3285342
2741902
2593691
2914814
2890112
3087727
2643094
2593691
3260640
3310043
2890112
2593691
2988920
3038323
1366722
1226545
1390085
1343359
1460173
1530262
1261590
1343359
1530262
1261590
1390085
1238227
1226545
1541943
1284952
1390085
253179
222303
257296
269646
275821
269646
244946
247004
255237
271704
263471
247004
240829
263471
238770
267588
428686
381855
486325
432289
385457
407072
425084
421481
414277
479120
461108
432289
486325
450301
399867
446698
2358661
2588774
2397013
2262780
2531246
2473718
2224428
2262780
2531246
2397013
2454542
2013491
2205252
2531246
2588774
2205252
2331751
2187306
2434926
2703181
2187306
2579371
2600006
2600006
2723816
2744451
2187306
2765085
2641276
2785720
2187306
2393656
1401912
1434769
1380007
1445722
1445722
1325245
1292387
1390959
1204768
1336197
1336197
1204768
1193815
1314292
1369055
1456674
927987
996097
910960
1047178
1055692
1013124
893933
902446
996097
996097
996097
1055692
953528
945015
1072719
1140829
902069
785893
854232
806395
813229
922571
751724
833730
826897
902069
915737
874734
779060
826897
861066
724389
1839295
1889006
1822725
1839295
2004997
1789584
2187270
1806155
1789584
2170700
1806155
1806155
2154129
1922146
2087848
1971857
2448390
2841881
2601414
2535833
2951185
2557693
2929324
2907463
2448390
2863742
2688857
2579554
2448390
2645136
2492111
2863742
129885
108237
128901
126933
105285
128901
117093
105285
130869
109221
104301
103317
116109
104301
124965
123981
3413409
2947944
2715211
3051380
3335831
3465127
3413409
3284113
3361690
2844507
3128958
2818648
3465127
3258254
2973803
3128958
1265349
1171620
1087263
984160
1002906
993533
1134128
1162247
1012279
1012279
1002906
1143501
1049771
1162247
993533
1002906
1276138
1287532
1241955
1469837
1241955
1321714
1367290
1253349
1355896
1435655
1424261
1378684
1378684
1504019
1321714
1207773
2402328
2381438
2256099
2799234
2444107
2527667
2423217
2235209
2632116
2444107
2778344
2193430
2297879
2402328
2297879
2381438
945302
914561
999100
914561
968359
830022
1037527
968359
929932
976044
883819
914561
1014471
883819
883819
845392
3110285
2555738
2724513
3062063
3158506
3134396
3037953
2724513
3182617
2869178
2845067
2603959
3086174
3086174
2628070
2628070
2654887
2565647
2543337
2677197
2900297
2409477
2788747
2543337
2721817
2610267
2654887
2677197
2610267
2409477
2587957
2699507
1505251
1466655
1698232
1428059
1608175
1633905
1479521
1479521
1543848
1582444
1530982
1543848
1595309
1543848
1389463
1479521
561447
579413
525514
543481
480599
480599
552464
494073
606363
507548
530006
471615
579413
579413
521023
534498
200136
218035
185492
172475
206645
182238
206645
198509
192001
174102
218035
196882
216408
205018
178984
175730
30145
29922
29252
24116
27912
25902
23893
29922
30145
24563
29922
26349
27019
23669
28359
24786
923914
931678
885094
1001554
1001554
947206
1017082
916150
830746
838510
1040374
846274
916150
846274
916150
869566
258487
287750
287750
282872
321889
256048
285311
258487
260925
280434
304820
292627
290188
299942
324328
324328
1216724
1432073
1410538
1410538
1227491
1238259
1302863
1432073
1130584
1238259
1421306
1227491
1324398
1302863
1399771
1238259
839683
737903
782432
750626
782432
782432
826961
744265
763348
667930
756987
788793
769710
667930
814238
693375
1184580
1390594
1287587
1153678
1277286
1318489
1184580
1328790
1081573
1369993
1328790
1122776
1369993
1091874
1215482
1308188
1244128
1444077
1455185
1310778
1344103
1421861
1199695
1166370
1332994
1488510
1399644
1399644
1399644
1266345
1477402
1455185
3031378
2794139
3136817
2899579
3479494
2873219
2794139
3031378
3163177
3294976
3242256
3532214
2873219
2873219
3453135
3321336
3165650
2788787
2663166
3040029
2839035
2989780
2763663
3040029
2864159
3090277
2864159
3165650
2763663
2763663
2763663
2864159
2309936
2094603
2231633
2623147
2368663
2075027
2603572
2642723
2564420
2446966
2544844
2388239
2094603
2055451
2544844
2446966
485233
533756
542578
577868
502877
573457
480821
471999
533756
502877
533756
538167
480821
591102
524933
467588
2765384
3140351
2695077
2765384
2952867
2484158
2531029
2695077
3116916
3116916
2812255
2812255
2999738
2484158
2929432
2741948
2544967
2590011
2567489
2612533
2454880
2792708
2477402
2680098
2454880
2680098
2387315
2612533
2815230
2590011
2837751
2499924
509316
491601
518174
544747
487172
580178
597893
473885
597893
575749
469457
544747
496030
558033
540318
478314
2549011
2711221
3081986
2525838
2641702
2873430
3081986
2456319
2479492
3035640
2525838
2757566
3128332
2803912
2433147
2688048
1868697
1603732
1854751
1478223
1659514
1464277
1561896
1771078
1534005
1771078
1757133
1812915
1659514
1729242
1715296
1631623
1720528
1643027
2061534
1627527
1782529
1720528
1875531
1736029
1860031
1984033
1751529
1674028
1860031
1844530
1984033
2030534
532336
515301
511042
455679
485490
545112
459938
455679
464197
519560
459938
557888
511042
519560
489749
502525
2084588
1758871
2182303
1954302
1726300
2182303
1921730
1824015
2182303
2166018
1742585
1938016
1938016
2084588
2084588
2117160
1417708
1525724
1525724
1512222
1485218
1498720
1498720
1714752
1647242
1566230
1809266
1593234
1606736
1795764
1444712
1782262
1733886
1765701
1781608
2099753
1845237
1717979
2004309
2067938
1845237
1717979
1797515
2052031
2036124
1972495
1717979
1733886
1526037
1432333
1472491
1780376
1405560
1579582
1552809
1552809
1606354
1445719
1512650
1432333
1592968
1592968
1445719
1793762
2356405
2738525
2441321
2526236
2250261
2526236
2377634
2398863
2292719
2780983
2802212
2844669
2250261
2844669
2483778
2802212
45280
43206
36293
38367
37675
45280
43206
42169
36984
36293
46317
46317
37675
38712
38021
38712
2730147
2753887
2801368
2753887
2967551
2896330
3038772
2540223
2753887
2682666
2587704
2563964
2920070
2991291
2801368
2587704
67712
74840
62960
76622
64742
71870
64148
80185
75434
75434
76622
71276
76622
73652
62366
76622
2466070
2595864
2444438
2444438
2487703
2704025
2898714
2466070
2530967
2444438
2660760
2704025
2877082
2293013
2509335
2790553
1331231
1298495
1167555
1342142
1353054
1178466
1418524
1451260
1254848
1462171
1473083
1353054
1276672
1254848
1320319
1211202
2925000
2824138
2849353
3328448
2773707
2798922
3227586
2647629
2798922
3252802
3101508
3328448
3101508
2849353
2698060
2672845
163111
170525
172008
197216
192767
177939
179422
158662
195733
155697
172008
174973
192767
186836
166076
192767
2083275
2016610
1916612
2199938
1899946
2049942
2083275
1999944
1949945
2016610
1933279
1816615
1916612
2116607
2183272
2233270
956097
972871
939323
1056739
905776
998031
1014805
1115447
939323
1098673
1107060
1006418
922550
1073512
922550
947710
206644
224458
187049
204863
203081
235147
206644
203081
194174
192393
220896
208426
219114
192393
226240
215551
2119313
2220233
1799734
2136133
2085673
2237053
2052033
2186593
1833374
2085673
1799734
2136133
2152953
2035213
1833374
1951114
2483708
2408444
2314364
2521339
2107388
2069756
2107388
2446076
2333180
2050940
2107388
2427260
2239100
2163836
2163836
2088572
1723818
1376482
1659497
1569447
1427939
1363617
1466532
1736683
1633768
1415075
1659497
1633768
1479396
1530854
1440803
1505125
2904608
3195069
3564746
2798986
3115852
3300691
2878202
2825391
2798986
2825391
3142258
2772580
3142258
2878202
3300691
2798986
1743236
1964834
1551184
1610277
1787555
1950061
1935287
1698916
1669370
1758009
1565958
1950061
1802329
1580731
1595504
1639824
1015872
851769
922099
828326
945542
1023686
1031500
1047129
883027
1054944
968985
1015872
1039315
929913
1008057
1039315
2150313
2166603
1922249
1791927
2101442
2134022
1775637
1743056
1808217
1857088
2068861
2199183
1726766
2166603
1759347
1971120
3051523
3075935
3027111
2685340
2953874
3295645
2636516
2563279
2758577
2978287
3051523
2807401
2563279
2856226
3246821
2880638
1940621
1564083
1708905
1766834
1593047
1766834
1622012
1810281
1897174
1839245
1940621
1795799
1665458
1882692
1723387
1897174
876209
737860
869621
751036
863033
691744
711508
783976
889385
691744
691744
757624
856445
744448
810328
816916
155311
157879
166864
138625
156595
146326
156595
168147
142476
163013
168147
168147
155311
134774
161729
150177
1972260
1832493
1972260
1677197
1770375
1925671
1801434
1972260
1879082
1972260
1910142
1801434
2080967
1925671
1863553
1770375
120460
130253
105769
127315
105769
131232
121439
103811
120460
109687
111645
119480
105769
107728
114583
108707
3434248
3128982
3179860
3256176
2950910
2798276
3001787
3383371
2849154
2823715
3434248
2671082
3357932
3078104
3357932
2849154
250349
268667
242207
223889
272738
272738
238137
213712
264596
270702
262561
248313
234066
225924
236101
252384
1054946
1333612
1114660
1044994
1253993
1263945
1054946
1114660
1184327
1084803
1253993
1104708
1124613
1184327
1234088
1064899
319052
399561
375706
313089
387634
330979
357816
330979
384652
325016
393597
366761
339925
381670
381670
336943
1220829
1211216
1009347
1163152
1018959
1009347
1076636
1153539
1268893
1028572
1182378
1076636
1201603
1038185
1018959
1057411
1651724
1664050
1553113
1368219
1294261
1442177
1590092
1343566
1343566
1540787
1590092
1429850
1479156
1540787
1503808
1466829
2464245
2464245
2398238
2640262
2376236
2464245
2332232
2376236
2552254
2794278
2354234
2442243
2552254
2882286
2882286
2684267
1795441
1621689
1824400
1578251
1882318
1578251
1940235
1867838
1549292
1708565
1809921
1563771
1592730
1650648
1896797
1708565
2560499
2802056
2729589
3188547
2753745
2657122
2826212
2657122
2632966
2971146
2874523
2802056
3212702
3140235
2608811
2826212
3134682
2521887
3111113
2898991
3016837
3181820
2474749
2663301
3040406
2969699
3040406
2922560
2639732
2828284
3111113
2710439
549501
587727
578170
568614
563835
559057
611618
539944
559057
630731
645066
645066
592505
630731
544722
549501
524742
549148
508471
435251
463725
443386
549148
455590
447454
549148
475929
451522
508471
427115
479996
532877
648204
741639
642364
759158
689082
636525
753318
683242
776677
724120
694921
619006
770837
753318
630685
654044
488960
561398
534234
602145
602145
484432
602145
475378
511597
475378
534234
507069
561398
611200
493487
484432
2556660
2182515
2473517
2639804
2431945
2265658
2265658
2224087
2411159
2307230
2265658
2598232
2473517
2722947
2619018
2286444
725102
811583
758364
698493
784973
705145
891410
804930
725102
838192
818235
745059
824887
831540
731755
824887
2012293
1818517
1714176
1684364
1654552
1609835
1684364
1580023
1609835
1997387
1893046
1893046
1818517
1967576
1982482
1803611
2872746
2737026
2533445
2872746
2375105
2669165
2759646
2804886
2601305
2872746
2397725
2895366
2510825
3031086
2442965
2872746
2430541
2058119
2567749
2352136
2273732
2410940
2077720
2606951
2528547
2646153
2587350
2371737
2371737
2469743
2175726
2254131
1940050
2153634
1868856
2029043
2029043
2385016
1922252
2135835
2029043
2278224
2242627
1904453
2367217
2385016
2029043
1904453
1767515
1752010
1627974
1627974
1643479
2046596
1876046
1891551
2062101
1829533
1627974
2077605
2093110
1736506
1829533
1721001
977400
940929
765873
882577
889871
838813
955517
787755
867989
889871
962811
773167
816931
889871
926341
787755
52945
51564
54787
53866
55708
61693
55248
57550
55708
49262
52025
59852
49723
48802
55708
60772
2211560
2211560
2388484
1981557
2193867
2229252
1857710
2034635
1875402
1893095
2388484
1857710
2052327
2282329
2246944
2264637
1443184
1625098
1443184
1382546
1418929
1309780
1431056
1309780
1334036
1382546
1612970
1576588
1443184
1503822
1285525
1418929
1397075
1548111
1522938
1397075
1611042
1548111
1384489
1522938
1573283
1648801
1522938
1371903
1472593
1522938
1661387
1548111
1181518
1430829
1159839
1322433
1463348
1170678
1170678
1170678
1148999
1279075
1138160
1398310
1257395
1279075
1159839
1398310
1972499
1743138
1697266
1865464
2018371
1620813
2018371
1926626
1941917
1819592
2048952
1880754
1697266
1620813
1620813
1789010
2392273
2486457
2166232
2072048
2316926
2072048
2222742
2185068
2034374
2015537
2072048
2411110
2147395
2298089
1996700
2260416
1886856
2025341
2198447
2146515
1817614
2233068
2094583
2042651
2111894
1990720
2025341
2111894
2302311
1938788
2250379
2267689
1107349
1116577
1015070
1005842
1116577
1107349
1088893
1162716
1070437
1079665
1107349
1033525
1024298
1033525
1051981
1051981
347083
395290
401717
347083
372793
420999
356725
430641
420999
398503
420999
356725
427427
404931
404931
430641
1321825
1196480
1538331
1469961
1435776
1299035
1526936
1264850
1367406
1458566
1435776
1344615
1230665
1412986
1424381
1333220
1984047
1736041
1751541
1937546
2092549
1798042
1860044
1705040
1999547
2015048
1844544
1720541
1736041
1968546
2015048
1875544
1566724
1851583
1694911
1509752
1880069
1737639
1680668
1723396
1509752
1609453
1523995
1737639
1609453
1623696
1680668
1566724
510393
432188
510393
539206
452768
444536
535090
456884
452768
432188
555670
547438
469233
555670
469233
510393
890293
990139
915255
1106626
1006780
1114947
956857
915255
940216
915255
1006780
1081665
1123267
923575
948537
1098306
150390
191926
181900
189062
157551
173307
184765
179036
180468
183333
163281
190494
158984
180468
187629
158984
2149346
1822645
1908619
2183735
1960203
2097761
2166541
1822645
2269709
1839840
2046177
2252514
2080567
2235320
2286904
2269709
2822237
2550466
2780426
2696804
2529560
2550466
2425033
2780426
2362316
2592277
2550466
2195073
2425033
2383222
2215978
2425033
1370246
1447807
1577075
1745124
1654636
1719271
1628783
1680490
1370246
1460734
1409026
1525368
1680490
1473660
1383172
1602929
1829596
2018864
1656099
1782278
1955775
1813823
1908457
1798051
2050409
1924230
2066181
1703417
1734961
1734961
1940002
1971547
1767507
1796966
1973716
1679132
1988446
1796966
1561298
1782236
1900070
1841153
1855882
1958987
1929529
1988446
1796966
1914799
199272
189472
209072
179671
178038
181305
171504
189472
179671
184571
178038
213972
196005
217239
215606
200905
2485926
2900247
2922053
2682183
2769408
2376894
2769408
2725796
2900247
2507732
2813021
2376894
2922053
2747602
2333281
2813021
991820
1073713
1182905
1128309
1110110
1137408
964522
1055515
1101011
964522
1164706
1046416
1228401
1210202
1155607
1219302
958374
981749
833707
1012915
934999
981749
849290
1051874
934999
981749
833707
841499
911624
981749
919415
1036290
497275
515035
488395
563874
546115
475075
479515
523915
506155
488395
599394
537235
497275
568314
537235
550555
2651776
2282266
2630040
2477889
2890870
2608304
2412681
2760455
2456153
2434417
2890870
2934342
2934342
2456153
2651776
2499625
1560891
1352772
1549329
1479956
1491518
1526205
1294961
1399021
1341210
1560891
1503080
1318086
1503080
1294961
1560891
1387459
2839460
3054209
2839460
2863321
3221236
2553128
2576989
2672433
2624711
3078070
2576989
3101931
2529267
2791738
2744016
3149653
2234566
2542782
2465728
2157512
2562045
2138248
2253829
2253829
2484991
2600572
2118985
2138248
2465728
2215302
2041931
2504255
2549587
2407943
2509117
2731700
2286534
2266299
2367473
2650761
2448413
2670996
2590056
2124656
2205595
2529352
2468648
2185360
2414757
2432778
1946222
2342675
1946222
2288613
2180490
2306634
2270593
1964243
2360695
2342675
2360695
1946222
2018304
2306634
2784854
3200140
2809283
2760426
3029140
2613854
3102425
2858140
2882568
3053568
2564997
3224568
2833711
3200140
2687140
2882568
2021158
2263006
1865684
2245731
2124807
1917509
1831135
2263006
2280281
2211182
1831135
2193907
2124807
2228456
2211182
1831135
1378324
1448409
1273198
1390005
1425047
1425047
1553535
1319921
1354963
1331602
1226475
1343282
1553535
1471770
1390005
1436728
716727
667486
689371
640130
607303
574476
623716
727669
623716
612774
672957
727669
683900
733140
722198
634659
573385
568871
577900
496633
577900
514692
586930
519207
586930
532752
591445
505663
546296
550811
573385
595960
552552
607351
547986
543419
520586
484054
525153
607351
506887
593651
561685
534286
552552
511453
579951
534286
3568255
3355225
2849278
3142194
2955793
3168823
2955793
2982422
3115566
3328596
3222081
3514997
3195452
3088937
3248709
3035679
871746
1028817
926721
911014
958135
942428
950281
958135
1020964
926721
824624
879599
934574
856039
887453
973842
2523413
2477112
2616015
2870671
2708617
2847521
2546563
2523413
2500262
2477112
2893822
2616015
2639166
2430810
3102177
2824370
1206152
1091776
1403712
1143765
1185357
1247744
1102174
1382916
1341325
1403712
1393314
1226948
1091776
1403712
1393314
1133367
685336
615641
609833
633065
667913
644681
696952
615641
662105
708568
696952
673721
737608
731800
766648
667913
1698501
1474668
1382501
1566834
1474668
1435168
1501001
1461501
1474668
1724835
1777501
1698501
1698501
1659001
1606334
1645835
2365025
3040746
2725410
2432597
2500169
3018222
2973174
3018222
2702886
3018222
2477645
2838030
2792982
2590265
2410073
2792982
1824513
1656096
1866617
1487680
1515749
1698201
1656096
1712235
1712235
1824513
1543819
1501715
1684166
1613992
1684166
1712235
1600100
1662119
1327215
1488465
1438850
1426446
1352022
1314811
1550485
1612504
1414042
1637312
1376830
1414042
1612504
1674523
1970421
2331966
2422352
1898112
2042730
2422352
2223502
1898112
1970421
2024653
2331966
2313889
2006575
2404275
2331966
1916189
719766
840848
719766
854302
861029
733220
834121
847575
713039
739946
733220
760127
793761
726493
760127
847575
2926946
2826880
2726813
3252163
2851896
2901930
2676780
3152096
2876913
3127080
2651763
2651763
3052030
3377246
2926946
2926946
92769
97695
95232
96053
92769
105905
105905
95232
91127
93590
97695
89485
107547
100158
98516
88664
1815482
1915548
1872663
1758302
1886958
1515284
1515284
1872663
1658236
1643941
1772597
1729711
1629645
1500989
1715416
1629645
127425
126422
111371
133445
118395
127425
105351
123412
106355
110368
117391
119398
125418
123412
114381
124415
2109133
2280144
2280144
2033128
2223140
2166136
2394151
2299145
2071130
2489157
2033128
2185138
2356148
2318146
2337147
2489157
2688252
2873649
2572379
2827299
2641903
3082220
2850474
3082220
2665077
2780950
2502855
2688252
2757776
2757776
2433331
3082220
2336221
2214180
2179311
2353656
2144442
1987531
2022400
1917793
2301352
2161876
2318787
2057269
2039835
2161876
2179311
1900359
2730892
2857322
3135468
2882608
3135468
2730892
2958466
3388329
3388329
2756178
2781464
3160755
3211327
2933180
2857322
3034324
2198182
2285411
2058615
2320303
2041169
2337749
2233073
2163290
2320303
2198182
1849264
1849264
1866710
2233073
1884156
1884156
2117659
2201693
2268920
1949591
1831943
1882363
1831943
1848750
1983204
1798329
2117659
1798329
1848750
2268920
1815136
1949591
2010151
2244668
1892892
2026902
1758882
1959897
1959897
2244668
1876141
2227917
2144161
1959897
2227917
1943146
2043653
2244668
2492342
2492342
2925792
2579032
2557359
2514014
2622377
2600704
2535687
2730740
2644049
2644049
2665722
2730740
2622377
2665722
1896424
1595404
2016832
1715812
1685710
1926526
1821169
1791067
1791067
1670659
1640557
2001781
1836220
1580353
1610455
1791067
2791800
2455944
2309007
2707836
2539908
2246034
2749818
2204052
2623872
2791800
2497926
2413962
2665854
2413962
2371980
2267025
2371243
2794680
2434759
2413587
2328900
2223041
2477102
2413587
2815852
2773508
2731164
2709992
2455931
2604133
2752336
2815852
549872
535528
607250
568998
506839
564217
631158
621595
554654
640721
583343
502057
635939
616813
540309
506839
3290852
3160263
3499795
3055791
3369206
3316970
3029674
2925202
3499795
3238617
3029674
2742377
3316970
3369206
2768495
3108027
237046
215317
231120
221243
227169
235071
260751
215317
250874
213342
246923
225194
258776
240997
252849
262726
2669147
2831617
2460257
2483467
2878037
2761987
2692357
2529887
2669147
2901247
2483467
2506677
2994087
2785197
2622727
2506677
1722314
1847573
2098091
2113749
1753628
1847573
1769286
1847573
1659684
1690999
2066776
1644027
1722314
1910202
1675341
2098091
50136
51422
53993
57850
49708
55279
54422
53136
44994
46708
50565
50565
50993
52279
48851
57850
3137473
2844997
3589482
3057707
3429950
3217239
2871586
3137473
3429950
3536305
3270417
3190651
3536305
2818408
3456538
3004529
1510759
1593379
1369125
1569773
1298309
1451745
1416337
1416337
1274703
1321914
1510759
1510759
1392731
1310111
1369125
1262900
2787218
3214090
3013209
2887659
2988099
3364750
3314530
2636558
2912769
2988099
2912769
3339640
3088539
3264310
3088539
3239200
3254594
2989405
2627783
2917081
2651892
2627783
2651892
2748324
2989405
2700108
2820648
3182270
2724216
2700108
2531351
3061729
2083716
2346527
2121260
2346527
2365299
2140033
2402844
2196349
2515477
2064944
2534249
2384071
2158805
2271438
2027399
2402844
344919
323020
353132
358607
317545
306595
317545
366819
298383
336707
333970
290170
347657
295645
358607
292908
700015
792470
884925
851905
858509
851905
838697
871717
871717
832093
719827
825490
871717
693411
871717
759450
138352
131070
140779
154129
138352
141993
145634
148061
132284
162625
135925
133498
146848
150488
149275
134711
151669
133614
145651
130002
161299
139632
130002
126391
158892
136021
161299
140836
133614
148058
132410
154077
2054167
1916072
2226786
2140476
1829762
2278572
2295834
2071429
2105953
2019643
2088691
2226786
1898810
1933333
2295834
2330357
1343519
1332856
1418159
1172913
1375507
1204902
1300867
1258216
1247553
1172913
1343519
1119599
1204902
1407496
1258216
1130262
454810
494018
509701
435206
427365
470493
411681
505780
411681
525384
419523
478335
423444
419523
501859
470493
2437255
2316400
2417113
2175401
2417113
2175401
2517826
2477541
2155259
2678967
2276114
2296257
2296257
2558111
2678967
2678967
1045604
1200508
1064967
1026241
1026241
1055285
1016559
1239234
1152100
1210190
1229553
1035922
1055285
1113374
1132737
1142419
2393923
2174480
2294176
2453771
2613366
2693163
2473720
2473720
2254277
2453771
2513619
2234328
2593416
2334075
2134581
2234328
403641
378637
457222
428646
407213
442934
410785
417929
400069
417929
478654
446506
425073
432218
460794
392925
1463561
1794933
1560211
1808740
1808740
1587825
1560211
1477368
1656861
1767319
1808740
1546404
1808740
1504982
1836354
1574018
1563626
1690750
1474639
1423789
1525489
1347515
1334803
1690750
1512776
1487351
1385652
1665325
1461927
1500064
1423789
1423789
2829496
2263596
2305515
2808536
2473189
2326474
2326474
2389352
2619903
2221678
2557026
2242637
2661822
2724699
2598944
2452229
1006137
998514
1021381
937536
861314
1013759
952781
876558
952781
1006137
975648
846069
998514
907047
853692
846069
1168089
943456
1213015
1105191
1114177
970412
997368
1033309
1150118
1105191
1204030
943456
1141133
1168089
970412
943456
2568002
2568002
2472181
2223047
2261375
2357196
2414689
2318868
2280539
2088897
2165554
2376360
2108062
2568002
2280539
2223047
2190746
2545438
2587167
2587167
2566302
2649759
2420253
2670624
2232474
2378524
2336796
2357660
2628895
2253339
2774945
2461981
1652399
1853158
1698728
1914930
1698728
2053917
1930373
1992145
1899487
1992145
1914930
1961259
1652399
1853158
1822272
1853158
2714623
2812448
2910272
2763535
3301569
3179289
2714623
3057008
3252657
3008096
3154833
3252657
2836904
2787991
3057008
2910272
1310114
1567458
1438786
1263324
1544063
1403694
1497273
1275022
1310114
1579155
1427088
1333509
1321811
1567458
1567458
1228232
819893
868531
736514
896324
771255
771255
924117
910220
938013
854634
757359
840738
938013
799048
889376
861583
340992
323179
333358
318090
269740
315545
274829
333358
290098
292642
330813
318090
279919
340992
287553
295187
2449128
2512468
2744713
2786939
2491355
2554694
2744713
2681373
2280223
2765826
2660260
2385789
2554694
2237997
2301336
2786939
1521429
1455850
1770628
1534545
1508313
1442734
1691934
1587008
1429618
1416503
1744397
1390271
1691934
1521429
1521429
1521429
1497963
1436571
1645304
1301509
1313787
1399736
1510241
1461128
1399736
1510241
1571633
1510241
1326066
1633025
1596190
1510241
547728
521851
556353
552040
474410
560666
582230
513225
582230
483035
539102
461471
470097
564979
508912
539102
3302959
3153953
3203622
2657267
3029782
2756605
2831107
2706936
2880776
3129119
2880776
3029782
2880776
2632433
2682102
2682102
1661884
1558016
1519065
1648900
1622933
1739784
1558016
1648900
1493099
1454148
1480115
1687851
1609950
1596966
1713818
1402214
2382593
2285740
2363222
2285740
2305110
2208257
2479447
2382593
2576300
2363222
2615041
2208257
2382593
2401964
2092033
2053292
2610296
2566054
2543933
2831508
2366964
2698781
2986356
2787266
2588175
2809387
2499691
2588175
2521812
2433327
2433327
2875750
2934367
2815084
2886654
2934367
2815084
3101364
2552661
2767371
3005937
2648088
3125221
3125221
3053651
2815084
2504948
3149077
1180543
1321341
1451309
1364664
1299680
1202204
1440479
1321341
1213035
1137220
1386325
1169712
1148051
1288849
1429648
1148051
278824
283673
327315
257003
254578
300645
300645
257003
307919
305494
264277
288522
298220
269126
322466
303070
1576060
1537620
1460739
1435112
1627314
1601687
1499179
1576060
1691382
1601687
1345417
1358231
1691382
1729822
1435112
1511993
791837
731951
765221
705334
831762
811800
831762
851724
865033
871687
738605
891649
898303
891649
751913
798492
1749986
1819985
1791985
1805985
1651987
1497988
1763986
1623987
1609987
1665986
1511988
1511988
1637987
1777986
1637987
1567987
1980798
1962953
1927263
1945108
1873728
2194938
2087868
2087868
2159248
1962953
2409079
2212783
2266318
2319853
1927263
2284163
2725102
3135073
2990377
2700986
2966261
2869798
2942145
2580406
2700986
2869798
3062725
3231537
3110957
2604522
2918029
2700986
1916380
2076079
1788622
2123988
1884441
1788622
1868471
1676833
2012199
1772652
1676833
1772652
1948320
1804591
1804591
2123988
2646159
2803135
2915260
2960110
2377058
2646159
2354633
2780709
2847985
2601309
2758284
2847985
2399483
2511608
2489183
2354633
1734545
1514491
1553324
1385047
1579213
1540380
1721601
1669823
1359158
1359158
1656879
1385047
1682768
1579213
1605101
1397991
2463430
2507031
2528831
2528831
2659632
2354429
2354429
2921236
2877635
2398029
2485230
2637832
2943036
2550631
2376229
2354429
16835
15528
17705
15964
19012
17125
19302
18576
19302
17850
19157
15964
19157
17705
18721
19592
1455610
1395953
1551059
1610716
1324366
1276641
1384022
1300504
1479472
1324366
1503334
1348228
1515266
1455610
1443678
1288572
1330005
1242071
1154136
1384964
1308021
1275046
1362980
1187112
1373972
1154136
1330005
1319013
1275046
1351988
1472898
1340997
107182
120580
108139
120580
129193
110053
114838
116752
122494
126322
126322
116752
121537
111967
111967
129193
1155832
1017132
1192819
1202065
1202065
1202065
1128092
1239052
1248299
1063365
1044872
1091105
1183572
980145
1054119
1063365
905060
797315
854779
955341
962524
919426
826047
955341
940975
826047
955341
861962
854779
919426
905060
919426
1558596
1663376
1624083
1755058
1401427
1375232
1545499
1571694
1414524
1728863
1637181
1676473
1558596
1375232
1440719
1480011
267699
243362
250000
243362
269911
296460
298672
296460
267699
278761
274336
292035
280973
292035
292035
289823
4881
4464
4964
5465
5381
5048
4714
4464
4380
4964
5131
4464
4964
4422
4797
5173
1003745
973783
981273
928839
996255
1003745
853932
808989
883895
808989
981273
988764
838951
831461
1011236
831461
2306511
2406794
2105945
2246341
2366681
2346624
2166114
2386737
2707643
2647473
2466964
2547190
2226284
2366681
2547190
2647473
2619419
2508427
2530625
2353037
2730411
2397434
2552824
2552824
2819205
2597220
2885801
2841404
2508427
2508427
2885801
2575022
1576217
1841375
1929761
1944492
1605679
1841375
1885568
1635141
1738258
1826644
1605679
1959223
1752989
1870837
1959223
1856106
57942
59467
67599
68616
56926
59975
63025
63025
68616
62008
60992
62008
68616
59975
54893
59975
2683376
2425772
2855112
2898046
2554574
2790711
2769244
2254036
2490173
2382838
2855112
2254036
2747777
2704843
2554574
2447239
1819129
1994660
1771258
1803172
1675514
1962745
1978702
1898916
2106360
1914873
1978702
2058489
1946788
1771258
2090403
1723386
3283481
3333996
3081421
2652042
2904618
2828845
2929875
3131936
3030906
3005648
2677300
3081421
3182451
3081421
2753072
3207708
129821
131915
134009
128774
141338
135056
131915
123540
125634
109929
130868
131915
131915
122493
139244
123540
2799969
2799969
2821021
2631550
2294711
2673654
2547340
2757864
2799969
2231554
2442078
2757864
2568392
2757864
2273659
2526288
3420785
2833635
3446313
3395257
2859164
2910220
3012333
3395257
2757051
3318672
2705994
2833635
2910220
2910220
3344200
3242087
2450879
2683290
2387494
2239596
2746675
2408622
2704418
2831188
2831188
2598777
2514264
2239596
2619905
2472007
2239596
2324109
988289
1060824
1042691
1160560
1078958
1006423
979223
1151493
1124293
1205895
1033624
997356
1015490
1133360
1205895
1069891
2740812
2618454
3303657
2618454
3107885
2765284
2765284
2789755
3083414
2740812
3205771
2814227
2838698
2789755
2765284
3083414
1431616
1585003
1469963
1585003
1725609
1406051
1393269
1585003
1418834
1508310
1623350
1342140
1636133
1508310
1597786
1533874
1130808
973236
1047387
1001043
1130808
991774
1158615
1167883
1223497
1158615
1010312
1103001
1056656
1232766
1195690
982505
2470847
2582147
2671186
2804746
2537627
2760226
2537627
2359548
2804746
2381808
2960565
2804746
2715706
2404068
2849265
2916045
2270928
1951579
2004804
2395120
1916096
1898354
2235445
2128995
2377378
1916096
2306411
2040287
2146737
2395120
2324153
2395120
2892794
2418195
2576395
2711995
2824995
2644195
2418195
2418195
2418195
2689395
2734595
2508595
2915394
2621595
2666795
2779795
1231347
1138220
1386559
1334822
1272737
1221000
1169262
1138220
1169262
1334822
1086483
1200305
1086483
1221000
1179610
1334822
2752281
3068915
2606142
2849706
2898419
2557429
2581785
3239410
2995845
2874063
2654855
2630498
3117628
2752281
2922776
2679211
434491
536008
479159
503523
462916
495401
454795
430431
507583
450734
454795
491341
519765
454795
507583
462916
1042051
1091282
927179
992820
910769
1017436
869743
1025641
1066666
1042051
1066666
894359
1107692
877948
1066666
1009230
2049696
2271284
2308216
2215887
1957367
2326681
2326681
1975833
2215887
2363613
2160490
2455942
2178956
2197421
1994298
2123558
2409610
2429525
2369782
2110898
2110898
2489267
2190555
2150727
2230383
2250297
2310040
2509181
2270211
2389696
2110898
2369782
800226
673874
800226
673874
740059
770142
752092
679891
703958
673874
770142
709975
806243
722008
637774
703958
2651094
2797026
3064568
3186178
2651094
3186178
3161856
2918636
2967280
3161856
2797026
2991602
2772704
2748382
2724060
2918636
1891728
2157234
1742381
1908322
2240204
1991293
2173828
2223610
2024481
1742381
1924916
1858540
1841946
2074263
1775569
1974699
2659308
2850778
2552936
2404015
2765681
2808230
2744406
2765681
2404015
2744406
2489112
2340191
2318917
2340191
2276368
2552936
1534089
1953792
1736704
1736704
1838012
1577506
1635397
1722232
1664342
1924847
1881430
1678814
1548561
1707759
1563034
1780122
506549
510993
475445
506549
466559
484332
479889
564314
488776
510993
515436
502106
595418
475445
493219
471002
1504830
1446952
1389074
1562708
1423801
1551133
1250166
1238591
1400650
1435376
1365923
1446952
1308045
1481679
1215440
1284893
2253822
1919922
2237127
1936617
1936617
2203737
1769667
1970007
2237127
2020092
2187042
2220432
2253822
1903227
1936617
1853142
1338131
1631246
1542037
1363619
1605757
1593013
1363619
1529293
1707710
1593013
1669478
1363619
1452828
1656734
1338131
1478316
2325633
2048772
2104144
2011857
2067229
2251804
2104144
1956485
2011857
2067229
2048772
2214889
2048772
2177974
2159516
2491750
1388254
1231684
1095990
1158618
1158618
1116866
1210808
1148180
1325626
1242122
1095990
1116866
1377816
1158618
1127304
1273436
924472
1009216
916768
932176
885953
1032327
893657
924472
878249
839729
870545
939880
1016920
909064
878249
916768
2353160
2208668
2765995
2477011
2683428
2167384
2724712
2415085
2167384
2621503
2167384
2208668
2415085
2745354
2724712
2497652
1669290
1588518
1709676
1507746
1426974
1494284
1723138
1803910
1736600
1776986
1453898
1521208
1628904
1736600
1413512
1642366
2272885
2091054
2327434
1945589
2381983
2181969
2418349
2109237
2036504
2036504
2454715
2236518
2181969
2454715
2200152
2400166
302519
309500
265285
260631
286229
297864
293210
253650
276921
286229
295537
283902
255977
279248
281575
262958
2510372
2921553
2575295
2596936
2683501
2358884
2293960
2748424
2358884
2402166
2337243
2402166
2705142
2358884
2878271
2899912
3271648
3220126
2910994
2988277
3039799
2988277
2756428
3117082
3168604
3451975
2885233
3271648
3091321
3400453
2910994
3142843
1182447
1047053
1001921
974842
1056079
1074132
974842
1074132
1182447
1137316
1191474
1155368
947763
1119263
1101211
965816
106360
117756
110159
119655
120605
118706
105411
115857
116806
110159
113958
106360
123454
119655
115857
110159
387717
370226
361481
367311
381887
390632
367311
381887
376056
341074
343990
343990
393547
387717
390632
370226
2632786
2677410
2900527
2677410
2632786
2365045
2855904
2632786
2855904
2610474
2342733
2967462
2454292
2900527
2365045
2655098
1405591
1225929
1331613
1395023
1268203
1363318
1215361
1151951
1225929
1247066
1204793
1278771
1247066
1331613
1183656
1299908
1484742
1396664
1321168
1698645
1698645
1484742
1648315
1610567
1635732
1446994
1572820
1623150
1497324
1371499
1522489
1522489
1042160
1269541
1269541
1089531
1165325
994789
1117954
1051635
1108480
1061109
1260067
1117954
1023212
1193747
1203222
1042160
1272516
1311671
1115899
1223573
1164842
1301882
1066956
1321459
1106110
1272516
1135476
1252939
1194207
1076744
1223573
1252939
651394
542000
621560
532055
671284
537027
671284
651394
561890
671284
666312
537027
611615
621560
586752
606642
1821810
1866245
1821810
1673696
1599638
1629261
1732941
1940302
1732941
1732941
1836622
1584827
1732941
1806999
1969925
1851433
2679044
2386375
2543966
2498940
2994226
2701557
2408888
2836635
2926687
2521453
2949200
2634018
2769096
2881661
2791609
2521453
1795040
1896373
1679231
1737135
1751611
1664754
1664754
1577898
1751611
1693707
1737135
1939801
1954277
1635802
1708183
1867420
2854985
2597568
2457159
2878386
2550765
2995394
2971993
3065599
2784780
2714576
2457159
3065599
2597568
2597568
2761379
2995394
2428006
1989870
1916847
2354984
2026381
2446262
2154171
1935103
2227194
2263705
2428006
2464518
2428006
2190682
2354984
2044637
660670
640949
616297
537411
557132
616297
586715
611367
566993
621227
576854
542341
660670
576854
645879
591645
1297094
1147429
1227250
1187340
1097541
1346982
1267161
1247206
1097541
1127474
1337005
1257183
1087563
1267161
1107519
1337005
1994838
2293132
1976195
2032125
2237202
2404992
1976195
2143985
2367705
2293132
2516852
2199915
1957551
2460922
2479565
2143985
265622
326544
294864
272932
258311
328981
314360
316797
287554
316797
321670
328981
260748
299738
326544
268059
2766229
2574721
2234262
2617278
2574721
2808787
2489606
2766229
2361934
2596000
2808787
2255541
2596000
2808787
2553442
2702393
236263
227176
221724
216271
236263
199915
239898
201732
230811
223541
190828
216271
221724
190828
225358
239898
715113
739987
671585
733768
684021
758642
820826
789734
802171
827044
727550
746205
802171
802171
746205
665366
1663382
1618017
1950694
1648260
2011180
1965815
1859964
1769234
1920450
1723869
2011180
1890207
1738990
1648260
2011180
1784355
186034
182741
189326
218960
215667
179448
200851
197558
204143
177802
194265
220606
222253
220606
181095
190973
1812491
1798220
1841035
1498516
1555603
1698319
1584146
1926664
1598418
1741133
1826763
1798220
1655504
1569874
1726862
1684047
2623357
2511248
2443982
2780310
2443982
2914841
3026951
2825154
2556092
2914841
3004529
2982107
2892419
2399139
2533670
2869998
1152918
1206793
1249893
1357642
1346867
1422292
1217568
1185243
1314542
1185243
1454616
1454616
1163693
1163693
1411517
1357642
1872048
1658970
1841609
1704629
1963368
1643750
1811169
1826389
1780729
1872048
2024248
2039467
1750289
1613310
1811169
1674190
195299
195299
190159
226135
186733
186733
214143
207291
226135
227848
226135
203864
200438
198725
209004
212430
1477267
1488458
1309396
1421310
1287013
1387736
1387736
1477267
1376544
1354161
1242247
1253439
1398927
1309396
1309396
1287013
1819354
1578778
1608850
1608850
1999786
1789282
1834390
1774246
1638922
1924606
1939642
1849426
1969714
1849426
1819354
1864462
1410516
1574237
1574237
1561643
1612019
1397922
1486080
1448298
1687582
1334953
1460892
1347547
1586831
1397922
1612019
1649800
2864422
2515102
3004150
2654830
2491814
2841134
2701406
2771270
3050726
3027438
2794558
2515102
2771270
2864422
2724694
2515102
2507740
2366174
2386397
2487516
2143713
2204384
2325726
2588634
2447068
2406621
2689753
2467292
2305502
2669529
2224608
2426845
493304
497014
500723
467341
419123
400578
497014
497014
478468
396869
433960
485886
441378
452505
404287
482177
690757
592814
654673
654673
695912
685603
628899
587659
597969
587659
567040
597969
541265
546420
561885
623744
1086068
1036701
1125561
1332902
1125561
1115688
1214422
1105815
1293408
1204548
1273662
1204548
1332902
1214422
1194675
1234168
170214
210816
209254
196761
174899
192076
198323
179584
171776
185830
168652
171776
173337
188953
207692
196761
2804663
2851800
2898937
2946075
2663251
3087486
3087486
2898937
2498271
2616114
3111055
3111055
2757526
2639683
3181761
2474703
1746748
1707932
1410337
1423276
1707932
1410337
1423276
1656176
1449154
1500910
1526787
1707932
1513848
1358582
1384460
1397399
686749
743453
819058
693049
800157
686749
793856
680448
749753
667847
711950
705650
667847
831659
724551
724551
2694141
2694141
2843815
3218001
3118218
3168110
2843815
3218001
2893707
3018435
2644249
2669195
3267893
2868761
3292839
3118218
2247659
2782816
2547347
2868441
2740003
2547347
2868441
2868441
2525941
2718597
2290471
2440315
2525941
2611566
2740003
2761410
1124587
1015756
1206210
1097379
970409
970409
1097379
1124587
970409
1033894
1042963
1033894
1160864
997617
1215279
1133656
620124
651391
557590
630546
557590
620124
573224
646180
667024
614913
682658
614913
562802
552379
667024
651391
2764853
2677771
2416525
2525378
2590689
2699542
2394755
2851935
2895476
2547148
2525378
2547148
2460066
2721312
2786624
2590689
341089
319771
408088
334998
356316
356316
371543
371543
377634
353271
356316
401998
392861
353271
322816
319771
147816
130166
121342
129063
122445
116929
132373
135682
134579
131270
138991
119135
127960
132373
145610
140094
987384
1033096
1060524
1188518
1051381
1161091
1197660
987384
987384
1197660
1234230
1188518
1023954
1151948
1225088
1060524
3234160
2869013
2921177
2790767
3494979
3286324
3521061
2895095
3494979
2869013
3390652
3312406
3286324
3155914
3208078
2921177
2668155
2572006
2547968
2740268
2980642
3124867
3196979
3004680
3221016
3052754
2956605
2812380
2956605
2884492
3028717
3028717
418851
422048
428443
342115
361299
351707
383680
418851
393272
345312
402864
418851
351707
361299
364496
383680
2514964
2957412
3097132
2771118
2934125
2934125
2608111
3073845
2910838
2631398
2608111
3143705
2701258
2445104
2864265
2677971
1100844
1309112
1200019
1200019
1041339
1200019
1130597
1140514
1309112
1170267
1170267
1051257
1130597
1130597
1090927
1209937
1970087
1951501
2025844
1988673
2081601
2286044
2434730
2378973
2323216
1970087
1951501
2416144
2137358
1988673
2007258
2323216
2468677
2559271
2559271
2627216
2536623
2808404
2695161
2921646
2876349
2966943
3034888
2989591
2740458
2491326
2853700
2446029
2008240
2141016
1941852
2074628
1941852
1975046
2074628
2240599
1892061
1908658
1975046
1875464
2074628
1825673
1908658
2174210
2031084
2194881
1981944
1867286
2162121
1883666
1834527
1736249
1949185
1949185
1850907
1752628
1769008
1900046
2178501
1752628
1802104
1869473
1936841
1835788
1919999
1970525
1818946
1802104
2256841
2155788
1852631
2037894
2004209
2122104
2088420
2206315
991340
941356
883042
1016331
1049654
1024662
1024662
1074646
933026
966348
924695
899703
924695
1066315
1107968
991340
356040
335270
347139
329337
394611
391644
373842
323403
382743
344172
332304
335270
317469
344172
350106
356040
1562845
1514758
1358473
1574867
1466670
1430604
1550823
1598911
1346451
1394539
1502736
1286342
1526780
1358473
1502736
1334429
1614115
1641017
1775526
1708271
1694820
1654468
1667919
1493056
1519958
1560311
1519958
1775526
1439252
1479605
1627566
1748624
599944
649481
688010
737546
721034
699018
721034
682505
693514
743050
649481
660489
599944
677001
660489
732042
3246342
2602030
2701155
2849842
2874623
3345467
2874623
3147217
2998530
2973748
2676373
2874623
2924186
2750717
3171998
3147217
2162084
2015502
1923888
2253698
2217052
2436925
2052148
2345312
2253698
2308666
2143761
2473571
2217052
1997179
2381957
2217052
1184906
1055463
1095292
1304393
1125163
1145078
1284478
1125163
1214778
1164992
1085334
1055463
1304393
1135120
1135120
1324307
54133
45905
46771
51968
49803
47637
55866
48070
53267
53700
45905
50236
57598
51535
46338
47637
3194754
2825113
2825113
3432380
2772307
2957128
3379575
3511589
3089142
3432380
2772307
3511589
3300366
3168351
3458783
3326769
2683727
2949882
2395393
2794625
2728087
2417573
2883344
2484111
2550650
2972062
2550650
2705907
2484111
2461932
2572830
2705907
2217330
2288857
2199449
1949105
2092158
2360384
2199449
1931223
2127922
2056395
2163685
1931223
2396147
2378266
2020632
2127922
455644
452084
423606
473442
477002
430726
462763
455644
377330
398688
462763
420046
409367
444965
391569
384449
222683
266800
235288
279405
264699
231086
260497
249994
268901
243691
222683
281505
281505
226885
262598
226885
657210
600731
611000
652076
688017
549387
621269
657210
621269
590462
652076
539118
549387
688017
646941
657210
810381
790289
897447
890750
776894
730013
850565
763500
830473
776894
796987
830473
730013
823776
730013
716618
2016637
2359085
2073711
2168836
2321035
2206886
2492259
2511284
2549333
2321035
2282985
2416159
2206886
2435184
2054687
2073711
1341207
1352670
1295354
1341207
1249500
1547546
1444377
1295354
1226574
1409987
1260964
1409987
1203647
1398523
1260964
1318280
997794
936526
1172845
1181598
945278
1032804
1164093
1146587
1137835
971536
1172845
980288
1085319
1172845
989041
945278
1880779
1802413
1818086
2053183
2021837
1943471
1896452
1943471
1645681
1661354
2115876
1661354
2068857
2037510
2115876
2100203
632516
662636
638540
765044
686732
644564
752996
807211
801188
746972
783116
716852
638540
783116
795164
692756
306336
390943
320923
367603
320923
393861
347181
361768
370521
335511
353016
370521
341346
306336
390943
376356
897216
875332
787799
897216
955571
838860
904510
787799
816977
860743
933688
846155
904510
919099
846155
780505
2330053
2276693
2401200
2365627
1885387
1920960
2312267
1885387
1992107
1885387
2187760
1920960
2294480
2330053
1920960
2347840
147313
153949
156603
161912
155276
139350
139350
176510
144659
179165
172529
140677
156603
151295
152622
143332
2681375
2681375
3184133
3040487
2657434
2681375
2777138
2872902
2992606
2848961
2513789
2825020
2729256
3160192
3040487
2513789
1769258
2085197
1974618
2132588
1785055
1753461
1927227
1943024
2069400
1990415
1927227
1879837
2100994
1832446
1990415
2116791
3152522
3104392
2719351
2599026
3056262
2791546
3032197
2815612
2550896
2815612
2839677
3104392
2623091
2960002
3248783
3152522
2330336
2712029
2229891
2270069
2189712
2109356
2370514
2169623
2109356
2310247
2712029
2712029
2290158
2129445
2631673
2149534
681539
657626
771216
711431
681539
765237
681539
741324
663604
735345
693496
753280
753280
783173
753280
669583
1235695
1068974
1206274
1216081
1078782
1304345
1323959
1049360
1118010
1059167
1118010
1127817
1314152
1284731
1059167
1078782
2258308
2427681
2484139
2333585
2183031
2521778
2258308
2484139
2239489
2540597
2145393
2277128
1994839
2352405
2371224
2521778
2812808
2488253
2920993
2726260
2834445
2423342
2423342
2574801
2639712
2401705
2769534
2682986
2423342
2315157
2682986
2920993
2563008
2439984
2624520
2686033
2604016
2542504
2357968
2398976
2747545
2460488
2234943
2768049
2419480
2398976
2296455
2604016
2861031
3329200
3095116
2783003
3017088
3277181
2965069
2809013
2965069
3147134
2730984
2783003
3407228
3017088
3121125
3147134
2104520
1868940
1711886
1947467
1916056
1947467
1743297
1821824
1790413
1711886
1931761
2073110
2073110
1649064
1759002
2057404
1195523
1195523
1361857
1278690
1309878
1351461
1216315
1393045
1361857
1143544
1382649
1153940
1101961
1174732
1330670
1164336
2463843
2502042
2387445
2024553
2406544
2482942
2387445
2120051
2177349
2215548
2540241
2196449
2005453
2387445
2062752
2444743
1106447
860570
991705
983509
885158
1057272
860570
1008096
1073664
1065468
1024488
950725
1016292
1049076
885158
876962
2811940
3127072
3127072
3054349
3199794
2860422
3054349
2836181
3224035
3030108
2739218
3272517
3005867
2908904
2569532
2811940
1895412
2054840
2355980
2249695
1913127
1913127
2391408
1966269
2231981
2196553
2178839
2178839
2107982
2072554
2161125
1877698
731485
748110
687153
609571
626196
631737
626196
642820
592946
609571
604030
604030
637279
664987
681611
748110
2752226
2952388
2977408
2727206
2902347
3127530
3102509
2752226
3352712
2652145
3227610
2627125
3102509
3002428
3177570
3102509
2693037
2542227
2434505
2499138
2305240
2434505
2671493
2800759
2714581
2886936
2434505
2499138
2348328
2606860
2305240
2305240
2690759
2442381
2690759
2421683
2711457
2566570
2463079
2359589
2338890
2359589
2690759
2545872
2442381
2628665
2173305
2711457
211415
234906
219245
209457
223160
230990
215330
262311
227075
250566
219245
217288
209457
234906
207500
207500
970374
961936
995688
1004126
987250
1029440
902870
970374
978812
1113821
953498
885994
945060
885994
970374
1122259
538864
481712
534782
526617
453136
538864
453136
465383
551111
538864
538864
502124
477630
436807
457218
477630
1380112
1295368
1513281
1440643
1392218
1501175
1585918
1440643
1513281
1271156
1307475
1452750
1573812
1489068
1392218
1368006
1570358
1516671
1556936
1650890
1744843
1637468
1785108
1758264
1798530
1704577
1811952
1543515
1516671
1744843
1771686
1691155
410326
451703
382741
427566
406878
368948
455151
465496
399981
424118
417222
431015
434463
458599
393085
365500
2570936
2684694
2934962
2411674
2934962
2616439
2821204
2752949
2548184
3003217
2934962
2684694
3071472
2707446
2843956
2775701
541303
473640
608966
500705
527770
514238
550324
500705
532281
496194
577390
599944
487172
509727
505216
559346
217157
177372
197265
213842
187318
184003
179030
187318
197265
198922
193949
184003
207211
212184
207211
182345
1592500
1538971
1672795
1538971
1445294
1672795
1525589
1579118
1806618
1686177
1592500
1712942
1605883
1605883
1431912
1458677
2405053
2505263
2204632
2224674
2364968
2445137
2324884
2224674
2144505
2364968
2485221
2465179
2405053
2665600
2585432
2485221
3261648
3367718
3208613
3341201
3129061
3447271
3076026
3367718
3500306
3420753
3182096
3447271
2784334
2916921
2784334
3049509
2400354
2133648
2286051
2095547
2152698
2362253
2228900
2495606
2095547
2381303
2019345
2057446
2057446
2476555
2343202
2171749
1557613
1312319
1471760
1361378
1496289
1373643
1545348
1631201
1336849
1631201
1557613
1410437
1484025
1349113
1471760
1410437
2594461
2383060
2306187
2075568
2556024
2229314
2190878
2575242
2286969
2383060
2171659
2517588
2017914
2594461
2248532
2075568
732739
816480
928136
830437
858351
858351
879287
928136
795545
795545
907201
760653
774610
921158
823459
935114
2018046
2035594
2018046
2193528
2000498
2140884
2140884
2246173
2193528
2053142
2298818
1982949
2018046
2193528
2018046
2088239
2568715
2664742
2712755
2928816
3024842
2688749
3192889
3216896
2880802
3168883
2808782
2880802
2832789
2520702
2808782
2928816
2484159
2506742
2755158
2868075
2597076
2619659
2709992
2574492
2709992
2393826
2371243
2371243
2732575
2732575
2890658
2461576
916619
773397
859330
880814
759075
966747
902297
895136
809203
845008
809203
787719
823525
780558
794880
866491
2342253
2653172
2425165
2590988
2176430
2528805
2238614
2528805
2777539
2653172
2736084
2300798
2528805
2611716
2197158
2342253
401139
515751
401139
427882
489008
401139
473727
401139
496649
515751
473727
500469
427882
508110
408780
431702
255333
274644
283227
251042
251042
233876
278935
283227
268207
278935
231731
240313
259624
238168
255333
263916
71384
76875
79315
65892
76265
76265
66503
67723
71384
65282
70773
67113
74434
75044
64062
76265
3463775
2965201
2807757
2781516
3385052
3385052
3463775
2781516
3332571
3043923
3490015
3148886
3096404
2965201
3175127
3070164
1636086
1833544
1734815
1763023
1551460
1734815
1495044
1579669
1847648
1565565
1861753
1636086
1847648
1537356
1509148
1621981
1592991
1592991
1398724
1398724
1385773
1631844
1644796
1554138
1748405
1696600
1554138
1372821
1463479
1592991
1554138
1580040
1694627
1862563
1664093
1694627
2061032
1954164
1770961
1770961
1832029
1755694
1832029
1923630
1832029
1755694
1786228
1633559
2831505
2497075
2341008
2653143
2341008
2697733
2407894
2563961
2630847
2586257
2786915
2586257
2363303
2697733
2764619
2363303
1061514
1199972
1052283
1209203
1246125
1199972
1052283
1116897
1236895
1098436
1199972
1015361
1246125
1043053
978439
1079975
586710
609061
709640
676114
743166
715228
754342
737579
731991
592298
731991
731991
614649
737579
692877
637000
2632986
2779263
2821057
2215052
2194155
2737470
2194155
2549399
2612090
2215052
2632986
2340432
2716573
2507606
2591193
2424019
265763
270777
330950
333457
303371
265763
278299
333457
295849
318414
270777
273284
293342
273284
338472
275792
1924202
1695130
1893659
1970017
1832574
1603502
1618773
1710402
1847845
1939474
1664588
1725673
1771488
1634045
1832574
1847845
41955
41955
50808
46189
45804
41185
47343
41185
46189
42725
48113
49268
41570
44264
48883
44264
506743
598440
608092
521222
646701
569483
545352
574309
627396
574309
583961
550178
603266
612918
598440
588787
2247792
2247792
2351856
2664049
2664049
2559985
2768114
2518359
2476733
2247792
2310230
2372669
2497546
2497546
2580798
2310230
435847
404960
442711
435847
377505
446143
377505
387801
401528
360346
363778
439279
463302
432415
367210
380937
1776030
1679656
1541980
1569515
1858636
1803566
1858636
1844869
1817333
1762263
1597050
1720960
1473141
1445606
1528212
1652121
2915472
2354804
2915472
2579071
2511791
3005179
2556644
2466938
2354804
2668778
2534218
2601498
2713631
2780912
2377231
2601498
2061129
2131595
2272527
1920197
2360609
1902580
2061129
2325376
1990663
2061129
2237294
2254910
2290143
2184444
2307760
2078745
2264942
2574677
2516602
2168149
2206866
2497243
2032640
2323017
2535960
2323017
2303659
2071357
2400451
2574677
2323017
2303659
565372
652352
517049
637855
555707
642687
521881
584701
526714
594365
541210
628191
589533
652352
618526
570204
1188886
1295209
1169554
1121225
1140557
1198551
1063231
1092228
1159888
1295209
1275877
1063231
1188886
1092228
1072897
1169554
2153454
2357661
2320532
2320532
2394789
2172018
2004940
2487610
2283403
2004940
2060632
2450482
2116325
2004940
2097761
2190582
1562372
1820503
1575958
1589544
1779746
1711817
1834089
1793332
1684645
1453685
1643887
1467271
1684645
1806918
1793332
1698231
2842415
3410898
2997456
3410898
2868255
3152497
3359218
3436738
3255857
2764894
2997456
3436738
3307537
2713214
3333378
3126656
469107
420994
501183
493164
481136
509202
473117
449060
429013
521231
537268
420994
437032
437032
517221
445051
1083967
1074934
984603
966537
948471
993636
1174297
1201396
1074934
1011702
984603
1038801
1038801
1102033
975570
1156231
785884
687649
746590
707296
759688
785884
818630
857924
713845
713845
713845
798982
851375
812080
753139
844826
3389877
3053477
3286370
2820585
3208739
3364000
2872339
2872339
2898216
2872339
2872339
2768831
2742954
2975846
2975846
3079354
757430
890313
724210
803939
837160
843804
803939
770719
704277
750786
896957
710921
850448
896957
843804
883669
2994542
2972027
2454174
2566751
2476689
2386628
2746873
2724358
2634297
2566751
2431658
2994542
3039573
2499204
2634297
2544235
452932
520033
507452
486483
469707
515839
499064
515839
557778
557778
541002
561971
503258
490676
536808
444544
655429
575377
670439
585383
650426
585383
575377
595390
550360
610400
540354
550360
545357
660432
640419
640419
1511872
1632286
1659045
1458354
1766080
1712563
1806219
1565389
1766080
1699183
1418216
1404837
1485113
1792839
1431595
1485113
2366864
2550500
2162824
2489288
2713732
2489288
2611712
2264844
2183228
2285248
2346460
2509692
2448480
2713732
2468884
2754540
397000
400336
363639
350294
443706
390328
383656
386992
356966
427025
356966
420353
390328
413681
390328
356966
2623002
2623002
2464032
2523646
2205706
2185835
2603131
2086479
2623002
2642873
2086479
2523646
2384547
2483903
2444161
2225577
37193
42740
35888
43392
34257
40456
34583
43392
37519
37519
39477
39151
35888
43392
37193
35888
1563504
1797299
1928809
1680401
1870360
1621953
1914196
1841135
1826523
1709626
1578116
1797299
1826523
1563504
1782687
1709626
709899
640510
661861
581797
667198
571122
677873
624498
667198
640510
651185
709899
688549
629835
603147
699224
931480
909648
916925
844154
771382
785936
785936
960589
880539
844154
895094
785936
953311
960589
785936
807768
144257
161462
170726
138963
161462
172049
168079
154844
158815
177343
178667
145580
178667
178667
166755
173373
831103
906658
800881
959547
831103
815992
989769
989769
861325
959547
815992
853770
876436
876436
868881
997324
3164339
3337389
2917125
2917125
2941846
3238503
3065453
2892403
2966568
2941846
3065453
3114896
3213782
2768796
3065453
2645189
2399750
2479081
2300587
2558411
2141926
2578244
2181591
2102260
2241089
2102260
2141926
2479081
2598077
2637742
2677407
2260922
3137799
2486996
2510239
2928612
3091313
2696183
2440510
2486996
2486996
3114556
2765912
3044827
2603211
3091313
2649697
2998341
2971840
3098842
3429047
3302045
2794038
3403646
2743237
2743237
3098842
3073442
3251244
3048042
2717837
3022641
2743237
2717837
1576430
1412481
1551207
1387258
1689932
1639487
1450315
1399869
1601652
1601652
1450315
1702544
1488149
1664710
1576430
1362035
3152975
3073488
3523913
3576904
3020497
2914514
3417931
3285453
3364939
2808532
2782036
2835028
2994001
2861523
3391435
3020497
47172
51309
46758
43447
47999
55861
44689
55034
44275
53792
44689
50068
52137
48827
45930
54206
739565
662869
602608
640956
657391
684782
723130
723130
679304
662869
646434
739565
657391
580695
591652
624521
1159507
1201291
1222183
1243075
1180399
1232629
1243075
1211737
1222183
1337089
1107277
1243075
1096831
1326643
1190845
1263967
1157143
1186562
1314044
1157143
1078693
1255206
1206174
1127724
1176756
1304237
1235593
1255206
1294431
1059080
1274819
1039467
869625
853521
1030667
1078980
982354
1070927
853521
1038719
861573
869625
1046771
1022615
1022615
966250
1022615
1014563
1530666
1884987
1771605
1658222
1757432
1488148
1686567
1559012
1743259
1870814
1714913
1700740
1771605
1516493
1700740
1870814
1457973
1657354
1570125
1370744
1358282
1482895
1619970
1632431
1420589
1582586
1632431
1495357
1345821
1457973
1507818
1595047
338552
335502
320252
384302
323302
362952
396502
372102
390402
338552
399552
338552
402602
369052
329402
359902
1038609
1011515
1174080
1074735
1011515
1165049
1119892
1074735
1074735
1092798
1101829
1137955
1119892
993452
993452
993452
188506
160741
179738
189967
159280
195812
159280
178277
176816
173893
191428
182661
175354
187045
197274
184122
234471
241974
210086
223216
210086
219465
236347
230719
226968
240098
198831
249477
236347
198831
245725
251353
1307051
1522895
1259086
1259086
1522895
1546877
1343025
1367008
1462938
1331034
1343025
1355016
1510903
1534886
1414973
1343025
2817474
2663393
2575347
2487301
2399255
2707416
2751440
2949543
2861497
2729428
2839486
2597359
2905520
2795463
2839486
2553336
2220306
2276755
2239123
2370836
2107409
2408468
2446100
2446100
2540181
2408468
2389652
2352020
2126226
2314387
2370836
2201490
782236
740330
733346
810173
831125
838110
796204
824141
886999
824141
928905
928905
852078
768267
880015
914936
205506
226405
203764
208989
229888
182865
186349
202023
191573
217697
208989
198540
224663
219439
224663
198540
2900945
2951396
3001847
2951396
2875719
3153201
2850493
3001847
3077524
3304554
2951396
3052298
2926170
2926170
3052298
2850493
287675
240106
246902
253697
265023
244637
280879
276349
305796
271819
267288
276349
246902
299001
278614
285410
2070372
2125829
2403111
2384625
2255227
2125829
1940974
2107343
2366140
2421596
2051887
2495538
2458567
2366140
2107343
2181285
2220165
2548364
2220165
2432529
2162248
2085025
2355306
2316694
2393917
2393917
2451835
2374612
2104331
2200860
2413223
2046413
84107
90577
78356
95609
94890
82670
88421
79075
78356
86983
95609
89858
92015
92015
95609
95609
693154
652380
623256
704804
652380
652380
669855
640731
640731
728103
681505
675680
716454
652380
698979
658205
2658151
3125788
3027338
3175013
3002726
3101176
2756601
3199626
2928888
3248851
2879663
3248851
2682763
2608926
2633538
2781213
3105336
2644387
2984034
3056815
3032555
2717169
3081075
2668648
3032555
3081075
2814211
2838471
3105336
2935513
3032555
3202378
1185254
1512610
1252983
1433593
1332000
1456170
1185254
1252983
1377153
1490034
1490034
1444881
1241695
1365864
1478746
1354576
421318
466060
421318
484702
398947
477245
395218
462331
499616
454874
443689
503344
395218
454874
503344
402675
3126602
2813942
2717739
2525332
3078501
2910145
3174704
2837993
2837993
2741790
2669637
3054450
2573434
2693688
2549383
2693688
3226881
3041732
3279781
2803684
3015282
3226881
3094632
3517830
3068182
3041732
3438480
3438480
2935933
3094632
3517830
3464930
1357274
1439178
1427478
1287070
1357274
1263669
1322172
1485981
1333872
1404076
1439178
1521083
1509382
1521083
1474280
1439178
593119
652975
576794
576794
701948
669299
707389
712831
625767
658416
685623
604002
620326
598560
663858
652975
2221268
1980630
2498926
2443395
2258289
2165736
2165736
2332331
1999141
2221268
2073183
2202757
2332331
2147226
2110204
2147226
