2521499
2346090
2587277
2346090
2411868
2324164
2587277
2631129
2521499
2411868
2302238
2389942
2324164
2411868
2631129
2433794
1149680
1193064
1138834
1193064
1203910
1301524
1268986
1182218
1203910
1247294
1290678
1290678
1193064
1193064
1268986
1138834
1078041
1126168
1049165
1029914
1068416
1135793
1058790
1010663
1097292
1155044
1078041
1155044
1029914
1068416
1020289
1116542
2566003
2688194
2614879
2663756
2590441
2932575
2737070
2761508
2908137
2737070
2761508
2883699
2883699
2810384
2590441
2761508
1076555
1009270
1105391
1153452
1047718
1009270
1018882
1143839
1009270
1066943
1134227
1095779
1076555
1115003
1153452
1105391
1799732
1752783
1705833
1831032
1799732
1752783
1784082
1799732
1784082
1815382
1799732
1721483
1831032
1862332
1690183
1846682
1896362
1844643
1965321
1810164
1827403
2034279
2068759
1982560
1810164
2034279
1861883
1861883
2034279
2051519
1810164
1982560
313481
313481
316305
305009
299360
336075
313481
327602
330426
313481
307833
299360
330426
324778
316305
313481
27743
27980
25608
26320
28454
27031
25608
25371
26557
24897
24897
25371
25846
28454
27505
25371
1567299
1553551
1636040
1539802
1471061
1567299
1539802
1581047
1539802
1567299
1484809
1649788
1539802
1553551
1581047
1636040
2928768
2584207
2781099
2830322
2805711
2682653
2904157
2756488
2953380
2707265
2682653
2854934
2756488
2805711
2658042
2928768
2503813
2373179
2329635
2503813
2503813
2307862
2612674
2569130
2416724
2307862
2547357
2482041
2307862
2612674
2547357
2503813
763934
791968
791968
805985
735899
756925
742908
756925
770942
812994
834019
742908
763934
812994
763934
841028
2591480
2803510
2803510
2615039
2473685
2662156
2709274
2520803
2662156
2779951
2567921
2567921
2615039
2591480
2732833
2638597
1702724
1645966
1518262
1660156
1546641
1504073
1532451
1504073
1603398
1702724
1645966
1518262
1645966
1489883
1589209
1532451
161903
145438
155042
152298
144066
153670
149554
146810
150926
150926
152298
148182
155042
148182
146810
157786
834172
785103
771083
827162
778093
827162
813142
757063
806132
813142
750053
792113
820152
799122
736034
785103
360968
351552
338996
354691
354691
357830
338996
367246
342135
364107
338996
345274
332719
354691
338996
335858
2241640
2476479
2455130
2369734
2497828
2348385
2369734
2455130
2540526
2412432
2327036
2519177
2262989
2433781
2476479
2348385
2058969
1953381
2076567
2023773
1953381
1882989
1953381
2023773
2076567
2094165
2094165
2041371
1900587
1935783
1865391
2076567
2077204
2007382
1920105
1955016
2024837
1955016
1972471
2094660
1867738
1902649
1885194
2059749
1867738
1867738
2042293
2024837
864234
945766
937613
905000
880541
937613
921307
896847
921307
896847
978379
945766
913153
913153
970226
970226
2341453
2202554
2083497
2162868
2262082
2162868
2202554
2321611
2222396
2281925
2143025
2242239
2361296
2123182
2281925
2341453
316486
327995
325117
304977
322240
307855
339503
319363
302100
333749
327995
310732
345258
322240
336626
302100
356745
366747
400088
363413
353411
383418
360079
366747
386752
366747
376749
393420
360079
366747
376749
356745
1633580
1816786
1770984
1801518
1694649
1832053
1801518
1664114
1770984
1603046
1633580
1603046
1633580
1801518
1603046
1832053
1569305
1569305
1745302
1554639
1701303
1730636
1539973
1715969
1715969
1701303
1598638
1583972
1657304
1539973
1671970
1583972
1551119
1551119
1481249
1551119
1537145
1495223
1467275
1634963
1620989
1467275
1662911
1579067
1537145
1481249
1495223
1676886
57311
56296
60354
60354
60354
60354
56804
58832
59847
59340
57311
56296
55282
59340
58832
59340
1241752
1134704
1241752
1123999
1252456
1209637
1220342
1241752
1145409
1241752
1188228
1145409
1145409
1123999
1123999
1166818
2456358
2704248
2501429
2523964
2366217
2388752
2591571
2569035
2614106
2681712
2411287
2591571
2681712
2591571
2366217
2411287
2955434
3166537
3140149
2823495
2823495
3060985
3113761
3034598
2797107
2981822
3113761
2902659
3008210
2981822
3060985
3113761
1769557
1862691
1676422
1785079
1738512
1645377
1629855
1645377
1862691
1769557
1645377
1629855
1785079
1816124
1816124
1831646
2635217
2751820
2775140
2611897
2495294
2471974
2705179
2565256
2728499
2728499
2448653
2775140
2495294
2798461
2775140
2705179
2547455
2453970
2734424
2640939
2453970
2640939
2617568
2734424
2594197
2687682
2453970
2617568
2757795
2711053
2453970
2734424
1934090
2132921
1970241
2132921
1934090
1988317
2042543
1897939
2006392
2114846
2150997
2114846
1970241
2150997
2006392
1952165
507040
481038
507040
472371
472371
507040
459370
511374
468037
494039
472371
511374
498373
472371
468037
459370
1403339
1415436
1379143
1342850
1306557
1379143
1403339
1451730
1294459
1306557
1367045
1391241
1415436
1451730
1379143
1294459
2061787
1937369
2079561
1866273
2026239
1901821
2132883
2026239
1919595
1901821
2061787
1866273
1884047
2115109
1972917
1937369
1459397
1484344
1434450
1409503
1496817
1446923
1359609
1484344
1459397
1446923
1309715
1471870
1309715
1359609
1397029
1484344
1862686
1979104
1895948
1945842
1945842
1762899
1979104
1962473
1945842
1829424
1812793
1746268
1746268
1945842
1779530
1862686
2177515
2362399
2321313
2198058
2239143
2444569
2218600
2198058
2341856
2341856
2424026
2341856
2259686
2239143
2280228
2280228
2043350
2043350
2043350
2005510
2175789
2005510
2137949
1986590
1986590
2175789
2194709
1986590
2251469
2251469
2232549
2175789
1516589
1613100
1516589
1502802
1640674
1475228
1613100
1585525
1489015
1489015
1557951
1475228
1599312
1475228
1585525
1613100
1864377
1795959
1847273
2001212
2018316
1830168
1915690
2035421
1830168
1864377
1830168
1864377
2035421
2035421
2035421
1984108
1148429
1148429
1138696
1119231
1021907
1138696
1031639
1060837
1070569
1041372
1021907
1158161
1090034
1031639
1167894
1080301
2895472
2690483
2741730
2767354
2844225
2869848
2946719
3074838
2716106
2972343
2690483
2792977
2767354
2818601
2895472
3049214
2270898
2093175
2270898
2172163
2152416
2191910
2369632
2270898
2132669
2330138
2132669
2172163
2191910
2093175
2251151
2152416
1291148
1235495
1280017
1246626
1268887
1268887
1268887
1168711
1324540
1257756
1168711
1246626
1313409
1291148
1235495
1224364
1714848
1923194
1762928
1907167
1843061
1907167
1682795
1827034
1811008
1762928
1698821
1907167
1794981
1794981
1730874
1746901
566946
576981
561929
561929
541860
566946
597050
581998
546878
546878
581998
571964
602067
536843
531826
576981
805079
864715
812533
797625
834897
879623
879623
812533
805079
834897
782716
805079
879623
857260
819988
782716
2945196
2819333
2743815
2794160
2743815
2794160
2894851
2819333
2718642
2970369
2819333
2668297
2819333
2794160
2743815
2869678
2804539
2879660
2779498
2729417
2729417
2629255
2629255
2979823
2929742
2804539
2829579
2804539
2629255
2679336
2754458
2629255
575573
546056
546056
536217
550976
575573
516540
531298
565734
546056
575573
526379
585412
555895
536217
546056
1327413
1502732
1352459
1427595
1452641
1452641
1440118
1465164
1490209
1352459
1440118
1427595
1502732
1339936
1352459
1390027
2382354
2203677
2084559
2243383
2104412
2263236
2263236
2084559
2223530
2243383
2382354
2322795
2283089
2263236
2183824
2342648
2879903
2804116
2930427
3006214
2753591
2703067
2955690
2753591
2728329
2905165
2804116
2854641
2980952
2778854
3006214
2955690
1668614
1609020
1787800
1728207
1713309
1698410
1609020
1683512
1758004
1772902
1743105
1787800
1594122
1594122
1743105
1758004
1442302
1468526
1429190
1389855
1376743
1520973
1389855
1520973
1402966
1389855
1534085
1560308
1468526
1534085
1429190
1494749
1645219
1586461
1586461
1703977
1733356
1542393
1718666
1733356
1718666
1733356
1762735
1630530
1689287
1718666
1703977
1586461
2147860
2368668
2228154
2147860
2228154
2408815
2368668
2368668
2348594
2107713
2308447
2408815
2107713
2208080
2328521
2328521
3008999
3168768
2822600
2875857
3115512
2875857
3115512
2929114
2955742
3008999
3062255
2822600
3168768
2902485
3168768
3142140
802510
752353
845501
845501
802510
845501
845501
759518
845501
859832
852667
795344
845501
838336
824006
788179
1515651
1515651
1383855
1449753
1528831
1449753
1383855
1568370
1410215
1502472
1515651
1423394
1410215
1515651
1476112
1502472
1638935
1710818
1581429
1538299
1523922
1581429
1667689
1581429
1682065
1725195
1624559
1682065
1696442
1682065
1523922
1653312
2504837
2458451
2759959
2551223
2435258
2736766
2736766
2620802
2736766
2551223
2759959
2620802
2620802
2435258
2458451
2597609
2649702
2626044
2697018
2649702
2815309
2507754
2697018
2767993
2720676
2767993
2649702
2531412
2484096
2720676
2697018
2744334
1842923
1734516
1719029
1858410
1688055
1703542
1657082
1719029
1672569
1765489
1734516
1703542
1796462
1703542
1765489
1657082
1966358
1932456
1779893
1813796
1813796
1932456
1898553
1813796
1881602
1847699
1915504
2017213
1796845
1830747
1796845
1915504
2681132
2583636
2583636
2632384
2900497
2803001
2876123
2876123
2827375
2583636
2681132
2754254
2681132
2876123
2729880
2900497
171334
174421
175964
174421
163616
174421
165159
182138
162072
172877
179051
177508
177508
177508
163616
169790
300780
317968
317968
320832
323697
320832
340885
326562
312239
323697
332291
315103
343749
335155
343749
303645
1478427
1599389
1518748
1532188
1545628
1491867
1438106
1518748
1505308
1438106
1559069
1612830
1518748
1464987
1612830
1464987
454048
434133
450065
430151
462014
450065
438116
418202
426168
465996
430151
422185
434133
469979
458031
450065
820682
805761
850525
843064
872907
798300
872907
880368
813221
798300
843064
798300
813221
887829
872907
783378
1836993
1918276
1950789
1788223
1836993
1739454
1934533
1902019
1739454
1788223
1739454
1706940
1820736
1950789
1771967
1853250
1494845
1468848
1520843
1507844
1416853
1520843
1507844
1390856
1390856
1403855
1390856
1455849
1442851
1494845
1520843
1468848
1702006
1793185
1671613
1686810
1717203
1626024
1702006
1610827
1595631
1610827
1610827
1702006
1641220
1823578
1808382
1823578
1118504
1202130
1160317
1202130
1097597
1254397
1233490
1191677
1254397
1118504
1118504
1223037
1223037
1149864
1108050
1118504
148033
155964
142746
149355
144068
150677
145390
158607
142746
157285
158607
153320
138781
154642
154642
148033
2734904
2528062
2688939
2505080
2757886
2482098
2528062
2505080
2597010
2597010
2505080
2711922
2665957
2528062
2642974
2574027
1726377
1726377
1773460
1679294
1742071
1742071
1773460
1867626
1757766
1804849
1773460
1742071
1726377
1710683
1679294
1804849
1048854
1040040
978342
1022412
1040040
951901
1031226
934273
1031226
934273
995970
943087
1048854
978342
951901
1022412
915810
976864
1037918
985585
1020473
1011751
985585
1046640
1046640
915810
968142
976864
941976
1011751
1011751
1037918
2308328
2367516
2189952
2229410
2150493
2071576
2189952
2189952
2170223
2071576
2130764
2150493
2189952
2268869
2150493
2328057
1498601
1553096
1525848
1634838
1498601
1607590
1457730
1566719
1593967
1484977
1525848
1621214
1580343
1566719
1607590
1593967
960996
1049978
1032181
969895
1014385
960996
952098
952098
943200
1049978
952098
1049978
1058876
960996
1067774
969895
637662
608677
660850
637662
608677
672443
626068
643459
643459
614474
684037
614474
684037
666646
620271
666646
1531228
1504598
1531228
1451338
1557858
1464653
1477968
1517913
1544543
1597803
1504598
1557858
1438023
1438023
1451338
1398078
2495692
2628206
2429434
2517777
2407348
2319005
2517777
2561949
2429434
2517777
2517777
2606120
2650292
2606120
2517777
2363177
2389726
2660261
2524994
2705350
2570083
2592627
2412271
2434815
2457360
2660261
2682806
2615172
2524994
2502449
2705350
2389726
1560147
1533477
1440135
1533477
1586816
1560147
1546812
1480139
1466804
1546812
1413466
1440135
1400131
1600150
1413466
1413466
988342
969869
1080711
1034527
969869
1089948
1016053
988342
1062237
979106
1062237
1080711
1053000
1099185
979106
1053000
1501757
1448598
1515047
1594786
1408728
1515047
1515047
1581496
1435308
1488467
1528337
1448598
1475177
1554917
1435308
1461887
1053357
1025392
1044036
1099966
1034714
1118610
1118610
988105
1044036
1072001
1053357
1053357
978783
997427
1118610
1006749
1047196
925023
1047196
968657
1047196
925023
994836
925023
1038470
1038470
942477
977383
968657
942477
925023
933750
2873061
2704057
2655770
2752344
2873061
2704057
2824774
2559197
2824774
2824774
2897204
2583340
2583340
2631627
2848917
2583340
2601134
2601134
2532683
2738036
2418598
2623951
2646768
2441415
2464232
2646768
2464232
2487049
2395781
2418598
2487049
2509866
491026
500119
477386
531945
481933
486479
541038
536491
531945
491026
500119
536491
477386
518305
509212
500119
734122
696794
709237
665687
734122
709237
709237
696794
740344
703015
715458
740344
740344
715458
734122
734122
1823896
1730363
1699185
1699185
1745952
1714774
1761541
1792718
1855074
1792718
1730363
1636830
1714774
1761541
1652419
1808307
31971
33479
33479
33781
35289
31670
31971
32273
33781
31670
32876
35289
36194
34987
34987
33781
1170605
1170605
1226348
1170605
1181753
1248645
1192902
1248645
1304388
1204050
1237496
1315537
1270942
1326685
1315537
1204050
1001775
951686
985079
884901
876553
943338
876553
884901
985079
926642
876553
1001775
918294
943338
951686
926642
1834018
1982722
1767927
1982722
1800973
1900109
1817495
1817495
1883586
1734882
1900109
1734882
1767927
1817495
1767927
1949677
98665
110653
106964
98665
102354
101432
107886
103276
103276
103276
103276
109731
99587
105120
107886
104198
57597
54484
59673
59673
59673
62268
60711
60192
60711
59673
62268
55003
61749
60711
57079
60711
2348783
2450904
2287510
2144541
2348783
2287510
2430479
2328358
2307934
2164965
2164965
2450904
2287510
2348783
2389631
2389631
1707919
1755804
1899461
1755804
1851575
1899461
1835613
1691957
1771766
1755804
1675995
1883499
1691957
1771766
1883499
1835613
2405984
2385594
2304036
2446764
2202087
2344815
2242867
2304036
2283646
2304036
2324425
2222477
2446764
2344815
2344815
2263256
216964
206024
202378
213317
211494
193262
213317
200555
209671
191439
206024
198732
216964
195085
196908
215141
1626074
1585080
1448435
1503093
1448435
1639738
1434771
1598745
1448435
1503093
1462100
1612409
1612409
1475764
1571416
1639738
1533677
1661484
1647283
1519477
1647283
1647283
1633082
1519477
1675684
1704086
1647283
1633082
1633082
1647283
1647283
1675684
1052233
1089480
1108104
996362
1117416
996362
1061545
1080168
1052233
1089480
1061545
1005674
1108104
1014986
1024298
1014986
1391832
1454527
1316598
1504683
1429449
1441988
1492144
1454527
1492144
1492144
1504683
1354215
1316598
1404371
1404371
1329137
1018874
1001307
931040
983740
1045224
1054008
957390
939823
948607
948607
922257
957390
974957
1036441
1027657
974957
671855
625520
666063
642896
619729
677647
666063
666063
677647
648688
642896
619729
654480
608145
671855
666063
2755383
2829188
2730782
2681578
2902993
2902993
2706180
2656977
2730782
2681578
2779985
2952196
2681578
2755383
2927595
2681578
2603784
2379320
2536445
2424213
2356874
2401766
2558891
2581338
2424213
2536445
2693570
2379320
2401766
2648677
2491552
2446659
1546284
1633810
1531696
1721335
1560872
1633810
1575459
1633810
1721335
1750510
1706748
1590047
1706748
1560872
1560872
1546284
834022
805013
834022
870284
776003
805013
863032
776003
783255
826770
812265
819517
870284
870284
797760
761498
2213832
2192947
2506225
2506225
2234717
2192947
2318258
2506225
2380913
2255602
2339143
2339143
2234717
2192947
2255602
2485339
563185
622185
638276
611458
579276
606094
584640
590003
584640
579276
638276
622185
622185
606094
573912
616822
2425439
2403390
2645934
2359291
2425439
2557736
2425439
2469538
2645934
2513637
2601835
2491587
2535686
2315192
2601835
2601835
1459037
1393314
1551048
1551048
1537904
1485326
1537904
1445892
1485326
1380170
1551048
1524759
1419603
1564193
1432748
1524759
2359926
2607156
2472303
2562205
2494779
2449828
2697058
2382401
2449828
2562205
2584681
2517254
2494779
2674583
2607156
2652107
929299
1042204
972724
1007464
990094
1033519
1042204
1024834
1024834
1024834
1024834
998779
964039
972724
920614
972724
732423
720009
726216
682767
670353
738630
744837
732423
695181
651732
707595
664146
695181
701388
732423
651732
1180291
1170116
1149767
1210816
1098892
1119242
1078542
1220991
1068367
1149767
1159942
1078542
1159942
1159942
1149767
1068367
1393423
1380521
1535346
1380521
1432129
1496640
1509542
1380521
1367619
1406325
1535346
1483738
1509542
1483738
1509542
1445031
2762092
2833525
2762092
2571603
2523980
2571603
2643036
2785903
2571603
2595414
2523980
2809714
2714469
2500169
2809714
2500169
564650
574386
530577
545180
554915
535444
574386
520841
550047
550047
545180
525709
525709
584121
579253
569518
2346090
2325865
2265191
2164066
2406765
2386540
2406765
2325865
2184291
2406765
2143841
2143841
2244966
2406765
2143841
2346090
2056135
1947918
2128281
1911845
2092208
2056135
2128281
1929881
1965954
2056135
1911845
2164353
2092208
2002027
2128281
1983990
569794
585769
623046
617720
623046
585769
580444
585769
617720
580444
596420
585769
639021
564469
580444
580444
1428554
1522011
1562064
1562064
1401852
1455256
1575415
1468607
1588766
1562064
1602117
1495309
1428554
1602117
1468607
1508660
1099004
1138968
1158950
1128977
1079022
1108995
1148959
1138968
1108995
1198914
1049049
1069031
1069031
1099004
1108995
1059040
1034918
961649
1089869
979966
1089869
1099028
998284
1016601
1007442
1080711
989125
961649
1089869
1025759
1053235
970808
1044564
990996
955285
964213
1017780
1071348
1062420
1008852
1008852
1071348
1026708
1071348
1044564
1026708
964213
1044564
2822867
2822867
2822867
2822867
3062545
2929391
3035914
2876129
3195699
3142437
3035914
3115807
3035914
2849498
2796237
2982652
1288426
1312509
1432923
1408840
1264343
1300467
1444964
1312509
1384757
1276385
1324550
1408840
1360674
1372716
1336592
1396798
138151
128623
128623
139342
134578
135769
134578
139342
125050
136960
134578
132196
128623
135769
126241
127432
98766
109015
102493
106220
102493
100630
107152
110879
108084
102493
104357
103425
101561
106220
104357
109015
1520904
1675811
1492739
1563151
1563151
1492739
1633564
1549069
1520904
1675811
1591316
1478657
1506822
1633564
1675811
1577234
2425288
2446196
2404380
2425288
2237119
2278934
2425288
2446196
2488011
2488011
2383473
2258027
2446196
2278934
2320750
2383473
2953009
2901202
3108430
2927105
2849394
2875298
2978912
3004816
2927105
2927105
2875298
2745780
2901202
2849394
2978912
2901202
2089102
2303869
2303869
2245296
2225772
2225772
2303869
2206248
2167199
2323394
2323394
2050053
2186723
2050053
2069577
2167199
143267
144581
149839
141953
151153
149839
144581
151153
156411
153782
151153
143267
148524
151153
144581
157725
1256155
1159527
1170264
1288364
1138055
1148791
1234682
1202473
1245418
1138055
1148791
1245418
1256155
1245418
1170264
1181000
1129557
1192311
1244605
1129557
1098181
1140016
1244605
1098181
1213228
1255064
1150475
1119099
1150475
1244605
1108640
1192311
979252
979252
987694
962368
937043
937043
886392
953926
937043
903275
945484
886392
987694
894833
1013019
979252
108738
107776
111625
109701
103927
106814
112587
114512
108738
103927
105851
113550
109701
110663
114512
111625
2897371
2999933
2871731
2794810
3076855
2871731
2974293
2846091
2692248
2717888
2743529
2717888
2974293
3025574
2717888
3025574
430835
419191
454123
454123
415309
434716
430835
458005
426954
419191
454123
442479
426954
423072
461886
458005
661131
661131
637934
655332
614736
620535
643733
695928
666931
649532
620535
620535
661131
666931
637934
614736
2454066
2567680
2704017
2499512
2590403
2476789
2431343
2726740
2658572
2590403
2408621
2590403
2613126
2385898
2590403
2544958
190436
187066
190436
188751
198863
195492
198863
182010
193807
187066
198863
180324
200548
198863
198863
198863
223340
246517
231768
227554
252838
244410
233875
227554
223340
235982
231768
248624
231768
252838
231768
233875
427312
404420
415866
450204
412051
457834
412051
415866
404420
446388
431127
450204
412051
434943
427312
412051
2537750
2301180
2473231
2494737
2408712
2301180
2344193
2322686
2473231
2580763
2344193
2494737
2430218
2494737
2279674
2494737
628116
611140
622458
611140
679045
656410
645092
633775
599823
673386
645092
645092
639434
616799
679045
650751
979985
988581
954195
1014370
979985
919810
911214
911214
1031563
954195
945599
919810
988581
911214
928406
928406
757511
784091
697708
737577
784091
730932
737577
710997
797380
704353
704353
757511
750866
790735
790735
764156
2146070
2146070
2146070
2242740
2049400
2088068
2281408
2146070
2030066
2068734
2184738
2107402
2126736
2068734
2300742
2107402
1925202
1780811
1796855
1684551
1684551
1716638
1812898
1684551
1732681
1861028
1764768
1716638
1909158
1732681
1700595
1700595
211646
225364
219485
215565
213606
209686
209686
205767
235162
219485
229283
233203
235162
229283
215565
211646
665672
703711
678352
697371
716390
716390
729070
684691
678352
748089
754429
716390
760768
672012
760768
741749
1704867
1616684
1690169
1690169
1646078
1616684
1572592
1557895
1616684
1587290
1587290
1748958
1690169
1631381
1690169
1748958
773066
773066
843345
787122
822261
751983
759011
822261
773066
751983
773066
737927
808206
766038
836317
822261
1386379
1527585
1501911
1514748
1501911
1373542
1463400
1476237
1540422
1450564
1489074
1501911
1424890
1514748
1360706
1489074
176996
163381
167919
167919
158842
166406
180022
180022
161868
158842
158842
172458
181534
176996
176996
163381
1023508
1079848
1079848
985948
1051678
1061068
995338
1117408
1098628
1079848
1126798
1032898
1070458
1108018
1117408
1051678
2577905
2946177
2774317
2897074
2577905
2577905
2798868
2602456
2725214
2651559
2627008
2823420
2749765
2602456
2774317
2627008
3124020
2991646
3097545
3044596
2991646
2832798
2806323
2885747
2779848
3071071
2806323
3044596
2779848
3044596
2991646
3097545
2032581
2107862
2013761
2145502
2183143
2201963
2220783
2258424
2164323
2032581
2032581
2201963
2032581
2051401
2164323
2089042
2835407
2786521
2639862
2737635
2810964
2688748
2908737
2762078
2835407
2835407
2615419
2713191
2664305
2835407
2590976
2615419
1355489
1378464
1206156
1252104
1309540
1378464
1321028
1344002
1378464
1252104
1344002
1240617
1240617
1275079
1378464
1206156
155473
143715
155473
148941
138489
148941
145021
139795
138489
154167
148941
151554
138489
142408
148941
147634
2180411
2262691
2180411
2447820
2242121
2344970
2406680
2427250
2262691
2406680
2283261
2365540
2468390
2386110
2406680
2427250
1910041
2029418
1790663
1910041
2029418
2046472
1824771
1790663
2029418
1944149
2046472
1961203
1807717
1807717
1841825
1841825
1539134
1457410
1579996
1484651
1525513
1607237
1593617
1620858
1484651
1430169
1593617
1471031
1484651
1579996
1511893
1593617
1229460
1308416
1240739
1297136
1297136
1252018
1342254
1195621
1206901
1353534
1297136
1240739
1263298
1252018
1274577
1252018
2918209
2760468
3023370
2970790
3128531
3049660
3128531
2813049
2918209
2786759
3023370
2891919
3154821
2970790
3023370
3023370
539259
548557
539259
529962
506718
548557
525313
488122
548557
506718
557854
539259
511366
548557
534610
525313
2105140
2278959
2105140
2317586
2027888
2163080
2085827
2105140
2027888
2047201
2221020
2124454
2298273
2085827
2124454
2047201
1744406
1822982
1854413
1870129
1681544
1744406
1665829
1744406
1807267
1681544
1665829
1822982
1760121
1870129
1650113
1791552
1367942
1416365
1452682
1416365
1416365
1319520
1355837
1355837
1416365
1440577
1283203
1319520
1428471
1271097
1319520
1331625
3103627
3156231
2998420
3103627
3156231
2840608
2945816
3129929
3129929
2761702
3024721
2998420
2761702
3103627
3129929
2972118
2500543
2433564
2634501
2478217
2679153
2455890
2567522
2366585
2433564
2656827
2679153
2612174
2455890
2679153
2567522
2366585
2468929
2468929
2536263
2558708
2536263
2491373
2536263
2626042
2626042
2513818
2626042
2513818
2446484
2581153
2468929
2536263
2615446
2714142
2862186
2714142
2615446
2936208
2590772
2837512
2960882
2615446
2936208
2960882
2763490
2788164
2960882
2590772
1461455
1570722
1488772
1557064
1598039
1516089
1543405
1434138
1570722
1584381
1570722
1516089
1570722
1516089
1434138
1611698
147237
158043
148588
159394
158043
152640
148588
151289
148588
148588
158043
151289
147237
159394
143184
151289
1900398
1781623
1900398
1832526
2019172
1917365
1815558
2002205
1968269
1934333
1968269
1883430
1900398
1781623
1798591
1781623
2571382
2840765
2620361
2644850
2865255
2669340
2718318
2938723
2767297
2644850
2791787
2816276
2865255
2620361
2620361
2669340
179235
191184
196304
184356
184356
198012
198012
204840
187770
184356
201426
199719
184356
187770
191184
192890
2293590
2352907
2214500
2293590
2372679
2352907
2372679
2115639
2313362
2352907
2372679
2135411
2372679
2372679
2313362
2155183
1451572
1489113
1414032
1439059
1426545
1401518
1476600
1351464
1338950
1414032
1501627
1313923
1426545
1338950
1338950
1476600
1390385
1442362
1481345
1429368
1403380
1507334
1442362
1533322
1494339
1403380
1403380
1377391
1455357
1507334
1416374
1429368
1093946
1164200
1184272
1063838
1204345
1134091
1194308
1124055
1063838
1093946
1194308
1194308
1083910
1093946
1063838
1053802
2834278
2887255
3099163
3019698
2860766
3152141
3046186
2781300
3152141
3099163
3125652
2940232
2781300
3099163
2834278
3178629
2324287
2218638
2514456
2429937
2282028
2366547
2451067
2303158
2408807
2429937
2451067
2260898
2366547
2472197
2282028
2429937
1616971
1717137
1659899
1688518
1702828
1616971
1502495
1674209
1588352
1674209
1588352
1531114
1602661
1502495
1645590
1502495
1166408
1125119
1135442
1187053
1228341
1094153
1197375
1125119
1238664
1197375
1135442
1104475
1114797
1145764
1197375
1104475
1431725
1370540
1358303
1456199
1297118
1309355
1468436
1333829
1431725
1443962
1395014
1309355
1309355
1358303
1333829
1321592
3030222
2701947
2802955
2954466
2954466
2727199
2701947
2828207
3004970
2802955
2853459
2802955
2853459
2979718
2676696
2903962
2112856
2055751
2055751
2074786
2246099
2246099
2150925
2284168
2017682
1998647
2265134
2131890
2265134
2131890
2150925
2265134
3026726
3078465
2768032
3104335
3000857
2897379
3104335
3000857
2923248
3026726
2949118
2768032
2716293
2871510
2897379
2845640
556138
561149
546118
541108
526077
561149
536097
591210
526077
596220
531087
536097
556138
536097
526077
571169
2418611
2397579
2334485
2439642
2460673
2397579
2271391
2397579
2439642
2523768
2313454
2250359
2355516
2271391
2313454
2397579
93974
95637
93142
92310
96469
92310
89816
93142
90647
89816
93142
93142
88152
92310
94805
98132
2135527
2135527
1920180
1991962
1974017
2009908
2117581
1991962
2027853
2063745
1938125
2117581
1938125
1920180
2153473
2027853
1928349
1798712
1928349
1928349
1944554
1750098
1895940
1895940
1847326
1701485
1863531
1717689
1782508
1701485
1944554
1863531
315775
312851
350862
309928
330395
324547
345014
345014
309928
330395
321623
330395
324547
309928
333318
350862
1495667
1444967
1495667
1495667
1508342
1482992
1432291
1381591
1482992
1343565
1343565
1356241
1381591
1356241
1381591
1508342
2217283
2104540
2085749
2217283
2104540
2160912
2142121
2010587
2254864
2010587
2123331
2123331
2085749
2104540
2142121
2029378
2073664
2017619
2204435
2054982
2148390
1980255
1961574
2092345
2148390
2054982
2073664
2167072
1980255
2241799
2073664
2185754
980262
988937
1032311
954237
980262
928213
1032311
1014962
962912
1040986
1040986
954237
954237
988937
910863
919538
1622165
1608533
1622165
1608533
1472217
1594901
1635796
1472217
1499480
1513112
1526743
1622165
1567638
1526743
1499480
1458585
2016578
2016578
2111700
2282919
2092676
2206822
2016578
2111700
1997554
2263895
2073651
2187797
2035603
2149749
2149749
2130724
920030
879677
855466
879677
920030
847396
887748
895818
928100
960382
903889
903889
887748
952311
863537
952311
264703
283781
279012
262319
274242
286166
257549
279012
264703
286166
283781
264703
276627
276627
267088
262319
2373490
2352108
2352108
2330725
2352108
2565936
2352108
2352108
2565936
2373490
2352108
2565936
2330725
2501787
2459022
2394873
1185841
1185841
1047493
1146313
1067257
1106785
1146313
1166077
1047493
1037611
1047493
1047493
1166077
1156195
1057375
1116667
48252
49522
46136
50792
49945
50369
46136
45713
49945
45289
47406
46136
50792
44443
46982
47406
1619625
1704868
1605418
1534381
1619625
1690661
1648039
1505967
1591210
1648039
1690661
1648039
1577003
1577003
1605418
1648039
3131115
2945371
2971906
3051511
2918836
3078046
2812697
3184185
2865767
2812697
2892301
2998441
3024976
2865767
3157650
3157650
821300
872631
784635
791968
865298
843299
843299
850632
813967
806634
828633
835966
813967
850632
872631
865298
2761980
2885283
2860622
2638677
2663338
2737319
2737319
2638677
2687998
2860622
2614017
2589356
2589356
2860622
2959264
2687998
902250
893818
1003437
952844
969708
944412
995005
893818
919115
969708
902250
935979
969708
1003437
885386
927547
2237451
2448531
2448531
2406315
2321883
2321883
2300775
2385207
2364099
2469639
2300775
2364099
2490747
2279667
2490747
2427423
2307688
2416542
2547166
2307688
2329459
2373000
2568936
2590707
2329459
2481854
2351230
2503624
2460083
2612478
2285918
2460083
1895554
2001846
1895554
1966416
2054993
1895554
2019562
2072708
1966416
2054993
2001846
2037277
2054993
2019562
1930985
1913269
1736646
1615835
1615835
1676240
1766848
1585633
1812152
1600734
1706443
1600734
1600734
1661139
1721544
1721544
1646038
1812152
1407482
1407482
1445183
1470316
1369782
1357215
1344648
1445183
1495450
1357215
1508017
1457749
1470316
1382349
1445183
1457749
2463554
2269063
2441944
2528385
2441944
2528385
2269063
2485164
2290673
2290673
2333894
2290673
2441944
2420334
2290673
2549995
1884886
1852666
1691564
1691564
1804335
1723784
1772115
1723784
1868776
1707674
1739895
1707674
1933216
1868776
1917106
1772115
2082515
1922322
2135913
1922322
1886723
2029117
2011318
2100315
2064716
2046917
2118114
2082515
1886723
2135913
1957920
2135913
2338227
2404403
2536756
2470580
2514697
2558815
2382345
2536756
2558815
2514697
2492638
2470580
2580873
2426462
2426462
2426462
581879
551782
591911
591911
541749
551782
546765
531717
601944
566830
561814
541749
571846
531717
526701
601944
284472
269630
289419
272103
269630
277051
277051
262209
294366
289419
286945
259735
289419
286945
272103
262209
538577
483339
487942
543181
524768
497148
529371
483339
510958
487942
501752
506355
497148
524768
533974
501752
2550408
2334272
2269431
2269431
2507181
2593635
2334272
2442340
2593635
2550408
2334272
2269431
2291044
2377499
2528794
2550408
1373683
1398213
1373683
1361418
1336888
1447273
1410478
1300093
1312358
1398213
1287828
1361418
1312358
1447273
1435008
1361418
1985127
1885871
1836243
1918956
1819700
1753529
1836243
1803157
1918956
1968584
1786614
1918956
1819700
1902413
1952042
1902413
1962075
1890072
2052078
2124081
1908073
1890072
2106080
2088080
2106080
1980075
2052078
2160082
1980075
2124081
2016077
2106080
1010621
1027897
924243
915605
924243
958794
915605
958794
958794
976070
967432
906967
906967
924243
1027897
950156
1727579
1712290
1819308
1712290
1819308
1727579
1834597
1727579
1819308
1651137
1834597
1651137
1651137
1773443
1819308
1651137
1501960
1435502
1488669
1435502
1568419
1408919
1462085
1435502
1462085
1528544
1555127
1501960
1541836
1408919
1568419
1595002
2067100
2342713
2342713
2126160
2342713
2303340
2224593
2323027
2224593
2362400
2106473
2106473
2224593
2244280
2185220
2067100
2032861
1914277
1778753
2032861
1965099
1863456
1778753
1965099
1880396
1880396
1982039
1931218
1812634
1795694
1965099
1931218
2094723
2131473
2168222
2168222
2002849
2039599
1984475
2039599
2168222
2002849
2186597
2039599
2094723
2094723
2149848
2094723
1077891
1059621
1004813
968275
995679
1032217
1032217
1059621
968275
968275
1023083
1077891
959140
1013948
1023083
1032217
1000004
1064819
1055560
1018523
972226
1046300
981485
1009263
972226
1064819
1074078
1055560
1055560
1027782
1101856
990745
1017747
946947
982347
991197
955797
982347
1035447
955797
991197
946947
929247
955797
1000047
955797
1000047
964647
3018623
2790323
2815690
2815690
2841056
2790323
2739590
2891790
2688857
2967889
2993256
2866423
2891790
2866423
2942523
2891790
884515
869523
847035
877019
832043
847035
884515
802060
809556
809556
832043
817052
854531
847035
854531
884515
641623
593501
598848
641623
609542
572114
593501
588154
572114
577460
561420
630929
561420
582807
582807
609542
502526
467261
476078
520159
524567
511343
524567
484894
467261
506934
484894
467261
511343
480486
511343
506934
2232654
2154315
2291408
2271824
2154315
2330578
2252239
2310993
2213069
2173900
2173900
2193485
2310993
2173900
2056392
2154315
767335
767335
817070
831280
788650
767335
760230
753125
831280
817070
831280
767335
781545
760230
838385
831280
2378335
2357654
2461060
2316292
2399016
2481741
2233567
2399016
2440379
2440379
2378335
2419698
2440379
2357654
2336973
2295610
378033
381236
384440
371625
365218
336385
371625
339589
355607
384440
342792
368422
371625
339589
345996
368422
328865
328865
331775
320134
320134
311403
337595
308492
328865
343416
328865
308492
349237
346326
308492
343416
2919019
2972092
2786336
3157848
2839409
2786336
3104775
2919019
3131311
3157848
3157848
2812873
2892482
2839409
3025165
3025165
1474277
1513074
1474277
1474277
1383751
1526006
1461345
1538938
1474277
1448413
1513074
1474277
1396684
1538938
1422548
1500142
137186
133608
134801
128836
139572
131222
133608
141958
125257
138379
137186
127643
143151
137186
141958
125257
2057416
2233766
2272955
2057416
2194577
2292549
2331738
2194577
2292549
2057416
2351332
2174982
2351332
2174982
2057416
2194577
239741
239741
231023
231023
252818
233203
235382
257177
254997
252818
231023
254997
228844
228844
239741
237562
2882508
2858080
2638228
2906936
2613800
2882508
2760368
2735940
2638228
2638228
2833652
2906936
2735940
2906936
2784796
2760368
117371
117371
111027
122658
114199
114199
118428
119486
116314
120543
118428
121600
122658
116314
114199
114199
907607
831337
846591
869472
892353
800829
808456
831337
816083
800829
800829
869472
915234
838964
816083
808456
107847
108865
107847
109882
121074
121074
122091
111917
108865
121074
108865
121074
110899
108865
109882
121074
1110613
1091789
1101201
1120025
1082377
988257
1035317
1072965
1129437
1129437
1044729
1082377
988257
988257
1025905
1091789
2042392
1952021
1933946
2150838
1970095
1988169
2150838
2024318
2024318
2042392
2168912
1952021
2078541
2078541
2096615
1988169
2215136
2008640
2177591
2215136
2046185
2102502
2083729
2177591
2008640
2158819
2140046
2027412
1971095
2158819
1971095
1989868
1112478
1173159
1193385
1152932
1183272
1061911
1112478
1102364
1142818
1163045
1193385
1142818
1193385
1152932
1082138
1072024
2132448
2169215
2169215
2132448
2205981
1985383
2169215
1948617
2169215
1967000
2205981
2132448
1930233
1985383
2169215
1948617
2570227
2570227
2413778
2637276
2570227
2436128
2592576
2391428
2346729
2570227
2525527
2637276
2391428
2480827
2413778
2413778
451944
413965
432954
455742
421561
425359
398774
406369
398774
413965
432954
402572
425359
413965
432954
398774
2052420
2088746
1943442
2125072
2016094
2034257
1943442
2052420
2034257
1925279
2052420
2106909
1961605
1925279
1979768
1943442
352029
333001
377401
377401
371058
377401
345686
348858
371058
377401
380572
345686
352029
333001
339344
364715
1012794
986373
1030408
1039215
986373
1012794
1012794
942339
968760
995180
1048022
951146
986373
1012794
995180
951146
1611183
1626527
1826007
1826007
1657216
1687906
1733939
1749284
1611183
1672561
1733939
1687906
1657216
1764628
1626527
1611183
513291
532480
522886
508494
518088
522886
508494
508494
575654
537277
522886
522886
513291
532480
508494
532480
1045313
1045313
1153789
1124205
1104482
1074898
1084759
1114343
1114343
1045313
1035452
1065036
1134066
1094620
1153789
1143928
563043
589855
632753
595217
579130
563043
605942
595217
563043
584492
638116
622029
563043
627391
605942
616666
1832654
1880463
1768910
1752974
1912335
1784846
1880463
1737038
1880463
1721102
1816718
1737038
1912335
1784846
1737038
1848591
1272757
1272757
1402390
1378820
1402390
1390605
1331681
1237402
1378820
1249187
1249187
1296326
1272757
1249187
1319896
1249187
550551
503495
503495
564668
512907
545846
531729
512907
555257
527023
494084
531729
555257
541140
536434
508201
794773
735165
741788
774903
695426
774903
768280
794773
768280
794773
768280
748411
728542
695426
702049
755034
2534100
2556929
2739567
2419951
2419951
2419951
2442781
2534100
2511270
2442781
2648248
2739567
2556929
2693908
2488440
2534100
352101
337181
346133
346133
328230
325246
355085
313310
325246
316294
328230
313310
313310
355085
343149
328230
568245
553024
568245
588539
558098
568245
583466
593613
532730
578392
608834
593613
542877
532730
583466
553024
2852555
2804207
2659162
2683336
2755858
2683336
2804207
2780033
2659162
2780033
2828381
2634987
2562465
2634987
2804207
2707510
903288
961834
995289
878196
945107
978562
995289
978562
1003653
953470
911652
961834
928379
970198
886560
945107
1275297
1167221
1156414
1232067
1134799
1221259
1188837
1156414
1178029
1167221
1145606
1275297
1178029
1156414
1286105
1264490
1211775
1234425
1279724
1200450
1189125
1200450
1223100
1302375
1302375
1291050
1257075
1279724
1245750
1189125
1336350
1313700
1458687
1542040
1653178
1528148
1555933
1472579
1500364
1458687
1458687
1514256
1639286
1597609
1458687
1639286
1569825
1625394
1133272
1133272
1102365
1143575
1174482
1215692
1112667
1195087
1164180
1153877
1164180
1164180
1122970
1195087
1153877
1174482
2559090
2648882
2559090
2603986
2379504
2469297
2581538
2446849
2379504
2446849
2469297
2446849
2648882
2626434
2379504
2491745
738106
731396
738106
738106
778366
751526
711266
764946
791787
805207
724686
805207
724686
764946
744816
731396
830514
884847
838276
884847
877085
830514
915894
814991
915894
884847
915894
892609
900371
877085
830514
822752
824506
817458
824506
746988
746988
845647
754035
796317
810411
824506
796317
796317
782223
803364
831553
761082
2763111
2811587
2544971
2763111
2641922
2835824
2738873
2690398
2787349
2811587
2617684
2763111
2908538
2714635
2884300
2714635
1662024
1676477
1517500
1633120
1589762
1705382
1546405
1647572
1734286
1719834
1560858
1705382
1676477
1676477
1647572
1633120
2620390
2575597
2486011
2463615
2374029
2620390
2620390
2508408
2486011
2597994
2575597
2396425
2665183
2463615
2553201
2374029
121493
123722
127066
119264
122608
119264
117035
128181
122608
131525
122608
119264
124837
119264
131525
117035
160594
166654
159079
160594
162109
159079
165139
174229
163624
163624
181804
171199
168169
160594
168169
162109
1758281
1791146
1922607
1824011
1906174
1791146
1856877
1725416
1791146
1873309
1856877
1939039
1725416
1840444
1873309
1840444
449015
474194
461605
440623
482587
482587
490979
495176
457408
482587
465801
499372
474194
444819
478390
495176
854586
877477
831696
869847
869847
907998
846956
907998
877477
808805
885107
808805
816435
862217
846956
808805
836664
822362
758003
758003
758003
822362
829513
836664
758003
786607
793758
765154
822362
800909
793758
758003
732593
773292
719026
800425
800425
766509
800425
752942
773292
732593
780076
752942
800425
732593
752942
746159
606541
590855
569940
627457
585626
606541
575169
580397
606541
611770
616999
601313
627457
564711
585626
564711
2004511
1968393
2112863
2112863
1932276
2130921
2022569
2022569
2130921
2058687
2130921
2058687
2076745
1950335
2112863
2094804
1410379
1288794
1446854
1410379
1459012
1276636
1446854
1325269
1398220
1325269
1288794
1398220
1434695
1434695
1361745
1410379
1133802
1144204
1154606
1133802
1154606
1217017
1092195
1112999
1217017
1133802
1217017
1144204
1123400
1185812
1248223
1217017
1534815
1481430
1494776
1588200
1601546
1481430
1414699
1521469
1521469
1481430
1561507
1601546
1441391
1548161
1574853
1401353
1333926
1275929
1357125
1252730
1380323
1287528
1357125
1391923
1264330
1264330
1275929
1357125
1333926
1217932
1333926
1264330
1415644
1391024
1378714
1477194
1366404
1292544
1427954
1378714
1341784
1415644
1391024
1329474
1403334
1329474
1329474
1317164
2079882
2133212
2079882
2133212
1973221
2026551
2079882
2008775
2115435
2133212
2097658
2097658
2026551
1973221
2044328
1884337
2211693
2359140
2527650
2422331
2443395
2485522
2232757
2443395
2338076
2464458
2464458
2295948
2253821
2253821
2506586
2380203
1721808
1545212
1633510
1765957
1559928
1692375
1721808
1604077
1692375
1633510
1692375
1692375
1545212
1707091
1618794
1604077
2236363
2196782
2335317
2275945
2256154
2157200
2275945
2216572
2275945
2176991
2216572
2117618
2078037
2256154
2097827
2374899
1921462
2081584
1885879
1992627
2010419
2063793
2063793
1974836
1957045
1939253
1903671
2081584
2117167
2028210
1957045
2028210
120918
115750
116784
121951
124018
114717
113683
118851
115750
117817
119884
109549
109549
110583
112650
109549
1497940
1497940
1419787
1563068
1550042
1537017
1445838
1406761
1432812
1497940
1380710
1367684
1523991
1380710
1484914
1471889
1370094
1321595
1394343
1418593
1345845
1430718
1357969
1321595
1394343
1357969
1442842
1394343
1345845
1333720
1321595
1430718
665616
653402
665616
720575
671722
726681
653402
708362
641189
659509
659509
714468
708362
720575
671722
708362
218881
213220
215107
209447
216994
207560
226429
203786
209447
218881
211333
209447
224542
203786
218881
205673
765505
751197
851356
822739
851356
779814
772660
765505
765505
765505
844202
829894
815585
822739
844202
758351
1697136
1611566
1554519
1625828
1611566
1497473
1697136
1682874
1497473
1625828
1597304
1697136
1640089
1583043
1554519
1640089
2172540
2134088
2307122
2172540
2057184
2191766
2114862
2249444
2172540
2249444
2268670
2134088
2230218
2037958
2172540
2230218
2037869
2127249
1930613
1876985
2073621
1984241
2145126
1876985
1876985
1894861
1966365
2073621
2055745
2091497
1930613
2145126
3054833
3054833
3054833
3028724
3028724
2767627
3054833
2819846
2898175
2872065
2976504
3133162
2845956
2819846
2767627
2924285
349923
366123
356403
382323
369363
369363
385563
343443
340203
382323
388803
379083
356403
369363
356403
346683
140778
126700
127873
124353
138431
125527
137258
136085
137258
139604
130219
131392
132565
133739
133739
132565
895313
864704
864704
811138
826443
834095
849399
841747
849399
895313
857052
864704
918270
918270
910617
803486
2774595
2799592
2674610
2949570
2724603
2949570
2799592
2874581
2724603
2924574
2749599
2974566
2999563
2949570
2824588
2724603
512153
535433
493529
549400
493529
502841
502841
521465
493529
507497
554056
549400
544744
554056
493529
544744
2226637
2226637
2432807
2453424
2206020
2391573
2247254
2350339
2432807
2288488
2267871
2206020
2453424
2309105
2309105
2309105
232239
205144
222562
210950
214821
220627
214821
205144
222562
203209
207080
220627
210950
205144
228368
207080
2358025
2398333
2418487
2257254
2116176
2136330
2196792
2337870
2358025
2277408
2216946
2196792
2297562
2378179
2257254
2337870
1405539
1330242
1505935
1392990
1480836
1342792
1355341
1418088
1443187
1330242
1405539
1480836
1430638
1430638
1405539
1505935
93003
86803
86803
88353
91453
90678
83703
93003
91453
92228
90678
85253
87578
87578
93003
85253
704216
755432
678608
736226
685010
736226
710618
717020
723422
761834
710618
685010
685010
678608
729824
729824
957346
867339
965529
916434
859157
949164
908251
957346
981894
981894
965529
940981
916434
867339
940981
883704
2350961
2415666
2350961
2286255
2523508
2372529
2415666
2566645
2350961
2458803
2480371
2523508
2437234
2523508
2372529
2545077
764760
836907
793619
764760
757545
815263
851336
800833
786404
844122
779189
858551
836907
800833
800833
800833
2361009
2260111
2159213
2139034
2199573
2179393
2179393
2320650
2179393
2179393
2179393
2381189
2320650
2118854
2179393
2401368
2189434
2271282
2373592
2373592
2168972
2209896
2414516
2414516
2332668
2148510
2148510
2332668
2250820
2209896
2455440
2230358
1694541
1636608
1709024
1665574
1737991
1651091
1651091
1564192
1651091
1665574
1578675
1651091
1680058
1680058
1723507
1578675
597461
562018
602524
541765
536702
582271
602524
536702
597461
587334
597461
556955
572144
556955
602524
567081
1596676
1449084
1408832
1422249
1449084
1462502
1569841
1543006
1502754
1489336
1462502
1502754
1462502
1449084
1462502
1529589
1254247
1208638
1265649
1334063
1334063
1334063
1197236
1322661
1208638
1208638
1345465
1277052
1356867
1368270
1254247
1368270
199984
198246
208680
187812
184334
187812
187812
203463
189551
184334
208680
187812
182595
203463
194768
199984
2101556
2101556
2047206
2083440
2047206
2083440
1920388
1974738
1938505
2047206
1902271
2065323
2047206
2065323
2155907
1938505
265269
284561
265269
265269
279738
286973
286973
284561
282150
265269
272504
289384
265269
255623
284561
255623
2395507
2521586
2416520
2353480
2269427
2479559
2269427
2290440
2269427
2269427
2206388
2206388
2374493
2374493
2206388
2353480
1809682
1793808
1825557
1698561
1904929
1825557
1857305
1714436
1714436
1889054
1857305
1682687
1809682
1730310
1857305
1698561
975042
1026360
1026360
949383
983594
1000700
975042
915171
992147
898065
949383
915171
898065
923724
923724
915171
1761050
1958551
1793967
1777509
1942093
1942093
1793967
1826884
1859801
1958551
1958551
1843343
1958551
1826884
1761050
1876259
757837
828007
835024
778888
785905
778888
750820
842041
750820
764854
764854
785905
785905
771871
757837
799939
2442383
2291085
2572067
2420769
2399155
2399155
2377541
2334313
2399155
2550453
2355927
2507225
2334313
2334313
2550453
2334313
1071502
997605
1062265
1025316
1071502
1006842
1080739
1080739
1099213
1071502
1080739
1089976
1053028
1006842
1034554
1062265
2804450
2617487
2500634
2500634
2524005
2804450
2640857
2570746
2524005
2594116
2687598
2734339
2594116
2640857
2664227
2710968
686794
705697
756104
749803
718299
680493
737201
749803
718299
737201
667892
711998
711998
737201
749803
686794
388348
381652
364913
358217
398391
371609
385000
401739
364913
358217
398391
388348
388348
381652
368261
401739
1692168
1676353
1802871
1755427
1707983
1787056
1818685
1692168
1692168
1707983
1660539
1897759
1787056
1897759
1881944
1692168
707704
714318
720932
760616
734160
714318
780459
787073
793687
754002
734160
727546
793687
727546
714318
754002
1385947
1385947
1438745
1425546
1412346
1385947
1531142
1451945
1465144
1544341
1385947
1491543
1399147
1531142
1570740
1412346
1147928
1201569
1169384
1147928
1212297
1255211
1223026
1244482
1180113
1265939
1137199
1169384
1190841
1190841
1255211
1244482
2586801
2541418
2586801
2496036
2382580
2450653
2677566
2496036
2405271
2722948
2450653
2496036
2654875
2405271
2496036
2722948
1494047
1440208
1507507
1601726
1561347
1413288
1453668
1601726
1494047
1480587
1453668
1440208
1440208
1534427
1520967
1534427
1543790
1530925
1440871
1479465
1363681
1415141
1440871
1389411
1428006
1376546
1479465
1466600
1543790
1453735
1415141
1518060
2985721
2811554
2935959
2886197
2761792
2836435
2761792
2935959
2935959
2712030
2811554
2761792
2612506
2911078
2687149
2911078
1903969
1802874
1853421
1786024
1887120
1819723
1786024
2021914
1786024
1988216
2005065
1786024
2005065
1971366
2005065
1802874
384752
423580
384752
374163
370633
416521
412991
395342
370633
420050
420050
384752
416521
398871
384752
388282
1832115
1801580
1603101
1832115
1771045
1786312
1816847
1679439
1816847
1603101
1740509
1694706
1633636
1603101
1679439
1709974
444654
396483
400188
415010
411304
403894
437243
411304
433537
418715
400188
415010
411304
389072
429832
429832
1629393
1547238
1533546
1519854
1519854
1451392
1629393
1506161
1574623
1629393
1643085
1533546
1451392
1602008
1519854
1643085
2314064
2096502
2333842
2254729
2175616
2234951
2175616
2155837
2215172
2234951
2195394
2096502
2353621
2096502
2274507
2155837
118709
116663
117686
122803
121779
109499
122803
119733
120756
116663
122803
113592
114616
112569
117686
116663
415598
431281
443043
446964
450885
458726
454805
439122
435202
458726
470488
466568
411677
435202
470488
435202
824605
831838
781205
831838
795671
868005
839072
839072
788438
773971
853538
846305
839072
846305
802905
781205
1418590
1332241
1332241
1430926
1467932
1455597
1344577
1319905
1369248
1443261
1307570
1319905
1480268
1430926
1393919
1393919
876879
839406
786943
794438
876879
839406
809427
801932
831911
824417
801932
899364
809427
794438
846901
891869
331728
337548
331728
346278
331728
331728
325908
322998
343368
317179
308449
346278
311359
305539
317179
314269
2822928
2872453
2822928
2674353
2723878
2921978
2748640
2600065
2723878
2921978
2723878
2600065
2773403
2798165
2921978
2946741
233792
244820
244820
240409
255848
247026
255848
238203
262465
231586
244820
244820
238203
231586
249231
235998
2475944
2385084
2498659
2453229
2521374
2498659
2453229
2385084
2566805
2566805
2385084
2498659
2498659
2385084
2589520
2521374
1583371
1512048
1554842
1526313
1611900
1569107
1526313
1526313
1526313
1583371
1554842
1597636
1554842
1526313
1697488
1668959
1893600
1744105
1976653
1893600
1860379
1893600
1860379
1960042
1777326
1876989
1744105
1960042
1860379
1960042
1876989
1960042
1800276
1879934
1784344
1784344
1688754
1800276
1752481
1688754
1832139
1864003
1752481
1832139
1800276
1784344
1864003
1911798
2923560
3051787
2897915
2744043
2846624
2846624
2692753
2872270
3051787
2692753
2923560
2949206
2820979
3051787
2692753
2820979
734426
660983
709945
703825
685464
667103
673224
734426
716065
716065
728306
660983
673224
709945
703825
691584
2849524
2748656
2849524
3000826
2647788
3000826
3000826
3000826
3026043
2899958
2748656
2950392
2874741
2950392
3000826
2975609
1215342
1140716
1162038
1236664
1268647
1183359
1257986
1140716
1215342
1130055
1140716
1172699
1268647
1172699
1151377
1215342
2468412
2275232
2361090
2554270
2339626
2296697
2361090
2446948
2554270
2318161
2532806
2575735
2275232
2468412
2339626
2511341
97926
95457
92988
93811
94634
93811
97103
92165
97103
94634
90520
90520
91343
96280
88051
97103
2521748
2389024
2521748
2521748
2411145
2588110
2521748
2366904
2389024
2344783
2565989
2344783
2521748
2632351
2565989
2389024
196310
192955
197988
179532
194632
176176
191277
181209
191277
181209
194632
192955
187921
187921
194632
187921
1068590
1149238
1108914
1098833
1108914
1129076
1098833
1058509
1118995
1129076
1149238
1058509
1088752
1149238
1118995
1088752
47938
47510
51362
48366
47082
48366
48794
47510
45370
45370
46226
49650
46226
48366
45370
45370
986876
1003892
910308
995384
944339
1012399
952846
1020907
901801
986876
969861
918816
935831
961354
893293
901801
1245757
1267613
1212974
1234830
1311324
1169263
1234830
1212974
1278540
1256685
1169263
1158336
1289468
1191119
1234830
1202047
529650
539368
558805
515073
563664
529650
583101
515073
524791
534509
544228
568524
524791
549087
515073
524791
3171604
3171604
3118744
2880874
2933734
3118744
2775154
2801584
2828014
2960164
2907304
3092314
2933734
3013024
3065884
2880874
2741222
2923970
3080611
3054504
3132825
3002291
2897863
2897863
3054504
2871756
2871756
3054504
3002291
2741222
2819543
2976184
2591429
2392088
2613578
2414237
2325641
2325641
2325641
2524982
2369939
2347790
2347790
2325641
2613578
2502833
2369939
2436386
263786
290904
293369
268716
266251
293369
266251
261320
278577
281043
273647
273647
278577
278577
278577
283508
2016523
2071519
2108183
2071519
1924863
1979859
2016523
2034855
2163179
1998191
1924863
2016523
2016523
2163179
2126515
2144847
1418562
1356344
1393675
1393675
1381231
1343901
1455893
1319014
1381231
1406118
1319014
1443449
1443449
1393675
1393675
1356344
2569670
2526842
2569670
2334117
2398359
2398359
2505428
2269875
2484014
2569670
2419772
2505428
2419772
2441186
2526842
2248461
2107554
2031606
2012619
2240463
2050593
2126541
2202489
2145528
2164515
2183502
2145528
2278437
2107554
2012619
2278437
2050593
407475
414381
390209
400568
369490
376396
376396
386756
393662
369490
372943
410928
400568
390209
397115
410928
35019
34698
38232
36947
34055
36947
38553
37911
36304
34376
36304
37911
36625
35019
33734
35340
391010
416832
442653
398388
413143
413143
413143
416832
416832
420520
438964
387321
413143
405765
405765
416832
254000
228387
224118
254000
249731
234790
224118
236925
251866
232656
256135
249731
230521
254000
224118
232656
557125
541649
567442
577759
572601
588076
577759
582918
562284
598394
593235
598394
551966
588076
603552
593235
725407
773312
814372
752781
807529
821216
793842
759625
718564
821216
800685
745938
766468
739094
793842
793842
2252509
2064800
2139883
2177425
2121112
1989716
2008487
2177425
2196196
2083571
2121112
1970945
2064800
2008487
2139883
2233738
1387504
1399164
1270907
1375844
1259247
1317546
1282567
1270907
1340865
1364184
1352525
1235928
1305886
1305886
1282567
1235928
332765
341298
329921
304324
301479
341298
324233
327077
329921
329921
307168
312856
329921
335609
327077
298635
1377122
1296790
1331218
1342694
1319742
1331218
1250886
1250886
1342694
1262362
1285314
1296790
1377122
1239410
1262362
1308266
2868965
3105852
3026889
2763681
2763681
2895285
3026889
3026889
3026889
2763681
2790002
3105852
3105852
2816323
3105852
3158493
129279
140360
147747
134204
134204
134204
131741
134204
142822
135435
139128
134204
146516
144053
132972
132972
2367900
2367900
2222503
2492527
2326358
2201732
2284816
2284816
2305587
2180961
2201732
2430214
2450985
2388671
2264045
2326358
258502
253926
253926
240201
267652
249351
253926
247064
249351
258502
253926
256214
267652
274515
265365
265365
2262418
2143344
2302110
2183035
2341802
2302110
2302110
2341802
2381493
2143344
2262418
2242573
2103652
2381493
2302110
2361647
799032
792203
819520
785374
771715
771715
737568
819520
764886
723910
764886
758056
778544
771715
764886
758056
175633
184959
181850
175633
164753
169416
166307
175633
166307
177187
167862
184959
170970
181850
167862
180296
2603564
2842423
2770765
2531906
2651336
2675221
2531906
2555792
2722993
2746879
2675221
2651336
2746879
2651336
2818537
2722993
2349446
2456239
2328087
2541673
2370804
2413521
2370804
2328087
2328087
2370804
2264011
2285370
2349446
2349446
2541673
2477597
370553
348192
338609
360970
370553
364165
383331
354581
364165
370553
344998
351387
357776
376942
373748
360970
1216434
1194516
1172599
1304105
1216434
1238352
1194516
1249311
1282187
1238352
1238352
1194516
1216434
1271228
1227393
1150681
2679515
3008135
2907021
2907021
2805907
2856464
2856464
2881743
2982857
3008135
2881743
2730072
2856464
2704794
2881743
2932300
2000673
1927254
2165866
2037382
1982318
2110802
2184221
2202576
2092447
2000673
2019028
2165866
2165866
2110802
2184221
2000673
270655
263532
256410
273029
280152
249287
254036
263532
282526
261158
270655
273029
275403
249287
258784
284900
1415135
1617297
1617297
1509477
1549910
1617297
1442090
1617297
1563387
1549910
1576865
1603820
1442090
1522955
1590342
1415135
804776
797526
804776
870028
812026
797526
841027
812026
826527
833777
855528
848278
775775
862778
855528
848278
966637
940974
949528
966637
1026517
975191
940974
923865
923865
923865
923865
992299
906756
1009408
958082
949528
3045025
2816648
3019649
2867398
2689772
2740522
2689772
3045025
2968899
3045025
2816648
2994274
3019649
2816648
2943524
2715147
691079
697195
721658
691079
691079
727774
715542
660501
684964
648269
697195
727774
672732
642153
654385
715542
1195761
1249625
1281942
1292715
1249625
1206534
1174216
1206534
1292715
1281942
1217307
1152671
1152671
1260397
1271170
1271170
2477313
2499834
2409750
2544876
2567397
2409750
2432271
2567397
2499834
2589918
2657481
2702523
2567397
2522355
2454792
2477313
2191738
2210156
2210156
1933886
2173320
2154902
2044394
2062812
2044394
1989140
2173320
2025976
1933886
2062812
1970722
2062812
2137675
2137675
2011929
2083784
2119711
2029893
2137675
1958038
2083784
2083784
2065820
2101748
2155639
2119711
1940075
2155639
2363988
2429052
2472428
2559180
2580868
2515804
2407364
2429052
2429052
2320612
2385676
2559180
2494116
2494116
2537492
2450740
2738518
2815299
3071235
3045641
2738518
2943267
2892080
2968861
3020048
3045641
2943267
3045641
2789705
2840892
2815299
2789705
995959
950688
1059339
1086501
1086501
1014068
950688
1059339
986905
1077447
977851
959743
1068393
1005013
1023122
1023122
915387
875587
947226
851708
955186
883547
939267
883547
899467
867628
907427
923347
899467
851708
851708
883547
2110741
2169921
2327734
2367187
2209374
2229101
2209374
2268554
2268554
2288280
2189648
2091015
2150195
2347460
2209374
2367187
862993
833235
825795
803476
840674
803476
810916
848114
803476
781158
885312
803476
833235
788597
855553
825795
149903
143150
153954
156655
147202
141800
159356
151253
158006
156655
160707
158006
148552
148552
160707
152604
71638
67932
70402
72873
71020
73490
66079
73490
68550
72873
73490
69167
68550
70402
65462
71638
1976824
1795615
1894457
1943877
1762668
1746195
1910930
1746195
1812089
1812089
1960351
1746195
1845036
1910930
1812089
1943877
2670032
2694305
2864216
2864216
2572940
2864216
2791397
2742851
2597213
2718578
2718578
2742851
2670032
2645759
2839943
2767124
158680
176311
163087
173372
164557
167495
160149
171903
164557
157210
161618
168964
174841
170434
170434
155741
431437
439210
446984
454757
431437
439210
462531
450871
419776
458644
450871
458644
415889
427550
412002
408116
1473035
1432493
1567634
1581148
1527092
1513578
1500063
1594662
1621690
1567634
1608176
1527092
1513578
1418979
1527092
1621690
2255569
2196212
2275355
2077498
2077498
2117069
2334712
2235784
2117069
2097284
2354498
2156641
2314926
2077498
2275355
2215998
145966
149947
139331
155255
151274
148620
141985
147293
145966
151274
141985
144639
140658
145966
141985
149947
600032
628335
617014
645317
617014
656638
594371
628335
662299
673620
662299
679281
628335
617014
673620
611353
2401431
2511588
2401431
2511588
2313305
2445494
2599714
2335336
2357368
2643777
2313305
2599714
2313305
2621746
2467525
2533620
2626457
2488222
2718613
2672535
2603418
2718613
2741652
2603418
2442144
2649496
2626457
2488222
2419105
2488222
2488222
2626457
97033
97948
108933
104356
97033
97948
106187
101610
109849
109849
98864
103441
96118
105272
107102
97033
1977914
2157724
2157724
1923971
2031857
2139743
1977914
1888009
1888009
2139743
2049838
2049838
1959933
2157724
1995895
2067819
2887160
2861610
2784959
2861610
2861610
2708309
2887160
2836059
2784959
2861610
2836059
2989360
2759409
3040460
2733859
2759409
2472600
2493554
2221149
2242103
2263057
2493554
2325920
2493554
2200195
2451646
2200195
2472600
2346874
2367829
2451646
2493554
371712
371712
409926
364764
416874
409926
382134
364764
389082
364764
378660
416874
389082
413400
378660
371712
1935559
1833687
1952537
1935559
1918580
1969516
1833687
1816709
2020452
1782751
1969516
1782751
1952537
1782751
1782751
1986495
2699769
2798843
2724538
2749306
2972223
2873149
2724538
2774075
2774075
2600695
2749306
2650232
2873149
2873149
2823612
2724538
652826
699457
641169
687799
652826
641169
652826
623682
676141
617853
681970
652826
664484
670313
681970
623682
1988149
1815267
1901708
1953573
2074591
1849843
1884420
1936285
1936285
1849843
1884420
1867132
2005438
1884420
2057302
2057302
2469232
2513723
2469232
2558214
2358006
2491478
2535968
2335760
2469232
2446987
2647195
2558214
2669440
2602704
2535968
2424742
2030864
2184137
2030864
2030864
2011705
2260773
2145819
2088341
2126660
2241614
2145819
2030864
2050023
2088341
2203296
2241614
1371388
1302819
1211393
1211393
1337104
1245678
1371388
1211393
1268534
1279962
1268534
1302819
1268534
1359960
1199965
1302819
1264057
1345235
1298848
1229267
1229267
1310445
1322042
1356832
1252460
1275654
1275654
1310445
1264057
1229267
1333638
1229267
1021801
902591
987741
928136
911106
1013286
1004771
953681
987741
1021801
970711
1004771
970711
970711
962196
996256
787476
787476
815351
794445
759601
815351
801414
738694
794445
829289
766570
745663
801414
794445
752632
801414
2613588
2707771
2684225
2707771
2613588
2660679
2731317
2613588
2731317
2684225
2825500
2684225
2684225
2825500
2519404
2778409
498804
549608
549608
517278
521897
526515
489567
498804
512660
517278
549608
544990
521897
498804
508041
512660
1048564
1125523
1077424
1096664
1077424
1125523
1048564
1106283
1087044
1115903
1087044
1106283
1154383
1077424
1144763
1087044
2866812
2916669
2617524
2966527
2667381
2792025
2841883
2866812
2667381
2816954
2667381
2617524
2816954
2816954
2891740
2916669
1136892
1108469
1004254
1032676
1108469
1070573
1004254
1004254
1023202
994780
1127417
1117943
1070573
1070573
1136892
1089521
2855877
2830826
2655465
2655465
2931032
2805774
2705568
2705568
2730620
2655465
2630413
3006187
2931032
2855877
2780723
2830826
385305
372353
359402
339975
388543
352926
356164
343213
346451
349688
388543
378829
359402
339975
349688
372353
1774138
1710205
1758155
1822088
1902004
1822088
1710205
1902004
1774138
1886021
1822088
1902004
1742172
1790121
1742172
1790121
2739986
2885472
2764234
2885472
2812729
2570253
2836977
2667243
2812729
2667243
2618748
2812729
2667243
2764234
2594500
2788482
775812
684540
691059
704098
684540
782331
762773
730176
684540
717137
736695
723656
762773
723656
775812
717137
2461996
2352085
2440014
2527942
2440014
2308121
2461996
2396049
2571906
2330103
2571906
2308121
2483978
2571906
2505960
2527942
1493249
1378384
1416673
1340096
1429435
1429435
1365621
1518775
1454961
1518775
1378384
1416673
1365621
1429435
1480487
1531538
3047520
3099614
2734953
3047520
3021472
2943331
2917284
3099614
3099614
2865189
2839142
2969378
2995425
2761001
2787048
2813095
21986
21070
20337
21803
21436
21803
20520
20337
20520
19970
19604
20154
20337
21253
21070
21070
651594
651594
670211
707445
682622
744679
732267
688828
738473
701239
707445
701239
719856
657799
732267
657799
12692
12369
12261
11293
12692
11293
12154
11939
12261
11293
11616
12584
12369
12692
12261
12799
1587873
1732225
1645613
1703354
1732225
1645613
1515697
1660049
1703354
1530132
1660049
1703354
1645613
1530132
1587873
1674484
1676153
1738233
1769273
1800313
1691673
1815832
1691673
1831352
1691673
1846872
1831352
1769273
1707193
1629593
1738233
1815832
1465400
1534522
1631294
1493049
1520698
1465400
1493049
1548347
1562171
1520698
1645119
1631294
1520698
1534522
1506873
1451575
2540646
2608699
2631383
2449908
2427224
2404540
2381855
2563330
2654067
2404540
2676752
2631383
2563330
2631383
2676752
2449908
1945325
1909956
2033749
1998380
2104488
1909956
2122173
1874586
1909956
1980695
2033749
1980695
1980695
2051434
2104488
1892271
1324750
1458440
1373364
1312596
1288289
1276135
1276135
1288289
1300442
1458440
1409825
1446286
1397672
1385518
1336903
1397672
2787620
2835272
2692317
2620840
2597014
2549362
2549362
2620840
2549362
2525536
2597014
2620840
2549362
2763795
2668491
2692317
1476722
1490147
1584120
1597545
1610970
1610970
1503572
1530421
1570695
1543846
1423023
1597545
1530421
1490147
1543846
1449873
1612207
1529530
1625986
1653546
1570868
1557089
1612207
1598427
1598427
1529530
1501970
1584648
1488191
1625986
1612207
1515750
1266476
1139828
1213706
1255922
1245368
1171490
1171490
1266476
1171490
1139828
1234814
1255922
1234814
1213706
1129274
1182044
981990
964296
973143
999683
1052764
1043917
964296
981990
1035070
1035070
964296
928909
990837
1026224
999683
946603
1806336
1714489
1836952
1775721
1836952
1607333
1668565
1653257
1637949
1760413
1607333
1653257
1745105
1791028
1775721
1668565
2770313
2555375
2674785
2555375
2627021
2746431
2531493
2603139
2865841
2698667
2794195
2674785
2650903
2579257
2794195
2722549
