801813
781599
855717
882668
882668
747910
848979
862455
815289
835503
801813
815289
714220
741172
909620
909620
1841967
1874001
1874001
1793916
2098241
1697813
2034172
1761882
2098241
1729847
2146292
1938070
1986121
1681796
1713830
1745864
695093
711012
716318
610196
567748
700399
599584
588972
668563
583666
583666
620809
663257
578360
663257
657951
2272524
2455792
2364158
1924315
2144236
2107583
2254197
2400812
2052602
2364158
1960968
2345831
2144236
1979295
2455792
2217544
63667
63667
62597
62062
59922
67412
57247
60457
56177
70087
58317
63132
58852
70087
62062
59387
330462
369165
363211
348325
387028
342371
398936
401913
318553
372142
312599
363211
384051
363211
321531
333439
3219180
2894767
3069451
3219180
2645218
3069451
3169271
3094406
2720083
2620263
2844857
3044496
2919722
2844857
2645218
3244135
1164068
1197014
1438613
1328795
1482540
1416649
1262904
1262904
1350758
1229959
1306831
1394686
1328795
1372722
1438613
1449594
2380020
2402058
2313909
2600393
2313909
2578355
2578355
2402058
2600393
2622430
2357983
2666504
2313909
2975026
2798728
2710579
2356076
2208822
2227228
2006346
2006346
2466517
1951126
2282449
2282449
1969532
2061567
2227228
2484924
2356076
1987939
2135194
2635380
2295331
2550368
2252825
2677886
2741646
2529115
2847911
2762899
2741646
2592874
2656633
2635380
2295331
2486609
2507862
2892909
2714884
2514605
2603618
2848403
2714884
2536859
2581365
2937415
2737137
2603618
2981922
2492352
2848403
2692631
2425593
3085317
2468253
2719649
2788212
3085317
2948191
3085317
2788212
2536816
2925337
2719649
2856775
3062462
2993900
2971046
2948191
996605
904482
996605
896107
937982
904482
971481
1021730
1113853
946356
879358
912857
971481
1088729
896107
1038480
265669
310738
320226
268041
296506
313110
301250
308366
310738
310738
268041
270413
282273
272785
275157
313110
690640
716458
781004
852004
710003
826186
697094
716458
793913
839095
819731
755185
852004
832640
800367
793913
2377248
2335905
2253218
2542622
2790683
2356577
2356577
2356577
2645981
2790683
2749340
2397920
2439264
2707996
2790683
2377248
1806494
1899134
1960895
1636652
2068976
2053535
1621212
1682973
1852814
1914574
1960895
1667532
1621212
2068976
1837374
1991775
66002
81746
81141
75085
63580
66002
77507
75085
75691
80535
65397
76296
64791
81141
76902
72663
2181931
2285014
2250653
1855500
1941403
1803958
1838319
2164750
2027306
2181931
1855500
1855500
2027306
1907042
2010125
2044486
2461099
3013121
3013121
2829114
2852115
2944119
2898117
2783112
2990120
2691108
2599105
2415097
2760111
3059123
2783112
2714109
3127380
3547868
3232502
3022258
3127380
2890856
3127380
2943417
2890856
2917136
3074819
3442746
3101100
3337624
3390185
3495307
276158
299562
257436
245734
311263
297221
287860
304242
273818
299562
250415
280839
276158
280839
315944
315944
696199
664312
637740
627111
563337
653683
685570
584595
653683
706828
563337
712143
621796
595224
579280
627111
480181
480181
483904
487626
457847
439236
420624
487626
491348
487626
446680
472737
450403
435513
435513
431791
2417469
2352715
2460638
2892329
2719653
2654899
2331131
2590146
2805991
2266377
2784406
2590146
2654899
2892329
2741237
2460638
2513550
2338186
2416126
2279732
2416126
2104368
2357671
2396641
2240762
2162822
2591490
2474581
2045913
2591490
2591490
2299217
918169
780098
911265
773195
787002
869844
876748
876748
780098
787002
835327
925073
931976
787002
800809
738677
303089
254129
300758
305421
312415
293763
249466
261123
247134
296095
270449
272780
261123
305421
291432
244803
2657170
2369310
2967174
2679313
2457882
2878601
2435739
2325024
2767886
2457882
2745743
2790029
2524312
2657170
2701456
2900744
2688396
2425621
2607542
2324553
2486261
2546902
2567115
2728823
2647969
2183059
2405407
2627756
2223486
2526688
2243699
2587329
91379
87440
85077
101619
103983
92954
89803
105558
92166
103983
103195
85864
96893
95317
103983
102407
141457
130935
139119
153148
151979
144964
126259
140288
128597
143795
140288
143795
137950
125090
155486
123921
2619009
2439077
2519047
2678986
2459070
2599017
2299130
2599017
2619009
2139191
2279138
2159183
2419085
2179175
2179175
2299130
1976396
1799406
1622415
1917399
1651913
1622415
1799406
1828904
1799406
1873152
1725659
1563418
1578167
1578167
1740409
1873152
557580
542091
593719
547254
593719
604045
671161
696975
588556
686649
640184
598882
542091
552417
660835
542091
470885
475286
541298
536897
528096
475286
528096
462084
563302
510492
594108
523695
501691
492889
572104
523695
3039456
2615346
2898086
3039456
2497538
3133703
2544661
3039456
3133703
2709593
3157265
2992333
2803839
2662469
2968771
2473976
1167304
1043930
1053421
1157814
1081891
1110362
1205265
1148323
1005969
1148323
1186285
1081891
1271697
1110362
996479
1081891
440086
536105
484095
528104
440086
424083
516101
424083
488096
512101
532105
432085
448088
524103
428084
496097
3464301
3412206
3334064
2891259
2969401
3099638
2734974
3281969
3021496
2787069
2761022
3203827
3438254
2787069
3334064
3438254
1286720
1334376
1548830
1501174
1274806
1393947
1274806
1477345
1429689
1298634
1274806
1536916
1417775
1346291
1560744
1346291
2141124
2314729
2604070
2083256
2507623
2044677
2507623
2334018
2546202
2102545
2449755
2353308
2526912
2584780
2391886
2469044
3171790
3222538
2816549
3400158
2765800
2918046
3425533
2867298
3121041
3095667
2841923
3324035
2816549
2892672
3374784
3222538
2945513
3355323
2791834
3252871
2689381
3380937
3227258
3022352
3252871
2919900
2791834
2766221
3047966
3304097
2894287
2868673
1856399
1959532
2011098
2028287
1925154
1890776
2045476
2045476
2097043
1856399
1959532
2011098
1804832
2251743
2251743
2028287
448330
520232
503314
537150
537150
507543
465248
503314
494855
473707
448330
456789
461018
499084
490625
456789
2575649
2815752
2597477
2466512
2553822
2728442
2466512
2706614
2422856
2772097
2291891
2488339
2401029
2793925
2706614
2291891
1020998
983870
1225197
1067407
974589
1215915
1085970
1215915
1085970
1095252
1150943
1169506
1058125
1215915
1243761
1178788
584291
605932
714134
692494
595112
632982
573471
638392
589701
681673
719544
654623
584291
676263
568061
714134
1158950
1047348
995839
987254
978669
1090272
909990
995839
1073102
1124611
978669
1004423
995839
987254
987254
1081687
2575556
2531529
2377436
2333409
2421463
2509516
2927768
2399449
2575556
2949782
2575556
2487502
2619582
2685622
2399449
2311396
830783
815948
971720
912378
919796
964302
860454
838201
993973
949466
808530
838201
919796
964302
942049
956884
2460260
2500265
2480262
2540269
2480262
2620277
2700286
2640279
2680284
2240237
2440258
2360250
2360250
2480262
2400254
2220235
387744
402376
387744
384086
427982
486510
427982
420666
438956
464562
468220
424324
406034
479194
409692
384086
626523
518177
612391
508755
635944
527598
635944
537019
527598
565284
518177
565284
621812
508755
574705
504044
760688
816518
823497
816518
935157
921200
935157
795582
844433
865369
942136
886306
928179
802560
914221
739751
2339247
2266145
2467174
2046841
2320971
1992015
2065116
2156493
2302696
2174769
1955464
2375798
2357522
2010290
2467174
1918913
2558905
2741684
2878768
2536058
2695989
2513210
2718837
2695989
2855921
2467515
2718837
2718837
2604600
2970158
2787379
3038700
1139338
1042784
1129682
1168304
1303480
1255203
1052439
1071750
1100716
1206926
1120027
1081405
1013818
1139338
1274514
1264858
246659
256605
220800
222789
214832
238702
224778
232735
232735
220800
228756
264562
268540
216821
240691
268540
1320473
1255531
1168943
1255531
1277178
1439532
1190590
1266355
1461179
1277178
1428708
1342120
1428708
1417885
1363767
1428708
2302839
2634780
2427317
2323585
2261346
2199107
2738511
2614033
2323585
2759257
2489556
2344331
2365078
2510302
2634780
2468809
1504296
1240183
1481330
1469847
1332048
1550229
1205733
1515779
1309082
1286116
1469847
1389464
1240183
1205733
1251666
1515779
3185565
3185565
3132472
2893555
3212111
2999740
2999740
3530668
3052833
3504122
3105926
3105926
2867009
2946648
3557214
3026287
482350
582461
591562
591562
523305
605213
555158
614314
587011
518754
505103
500552
500552
573360
600663
518754
1488565
1462450
1488565
1736659
1410219
1475507
1553853
1593025
1632198
1514680
1658313
1736659
1475507
1645256
1436334
1723601
970335
902833
1113776
1012524
902833
1139089
1012524
945022
1029399
1096901
1113776
936584
1122214
953460
1071587
945022
431658
539573
459636
511595
419668
479620
431658
519589
519589
427661
479620
527582
511595
523586
455639
455639
1754343
1487683
1866621
1852587
1656100
1585926
1543822
1796448
1656100
1487683
1768378
1473648
1796448
1810482
1838552
1487683
1823340
1639592
1554786
1738533
1568920
1738533
1879877
1696130
1484114
1512382
1554786
1894012
1512382
1738533
1738533
1894012
1299807
1485494
1299807
1411219
1361703
1547390
1374082
1572148
1559769
1510252
1485494
1621664
1658802
1535010
1634043
1460736
1875876
1667445
1682333
1667445
1920540
1846100
2009867
1801437
1831212
1771661
1622782
1771661
1920540
2009867
1875876
1801437
192587
167208
191095
183630
165715
164222
192587
177658
198559
179151
189602
186616
182137
174672
180644
182137
79968
72874
67715
83193
79323
76099
72229
72229
72874
69005
72874
85773
74164
87062
83838
74809
3469626
2955608
2801402
2852804
3161215
3341122
2929907
3264019
2801402
2827103
3315421
3289720
3443925
2878505
3058411
3186916
1247698
1236848
1258547
1356193
1377892
1323645
1345344
1236848
1345344
1215149
1421291
1442990
1442990
1150052
1139202
1150052
3041834
3435175
2858275
3356506
2805829
2858275
2858275
3041834
3172947
2858275
3015611
2779607
2779607
3356506
3487620
3068057
3134198
3239549
3450251
3450251
3292225
3213211
3002509
2949833
3213211
3529265
3292225
2870820
3476589
3081522
3160536
3529265
718946
787417
725793
862735
807958
924359
869582
883277
739487
725793
883277
903818
732640
780570
855888
835347
473175
473175
570345
528097
570345
557670
443601
481624
506973
553446
511198
561895
477400
553446
490074
561895
969998
1021051
1123156
944472
1072103
893419
935963
1148682
901928
952981
961489
1029559
927454
1089121
935963
1038068
1631688
1565359
1764346
1419436
1631688
1485765
1525562
1472499
1459233
1392904
1698017
1538828
1538828
1485765
1472499
1631688
2386129
2405688
2562155
2425246
2601272
2288337
2523038
2601272
2523038
2483921
2327454
2483921
2151428
2210103
2053636
2229662
496508
510560
538664
519928
627661
491824
557400
519928
622977
543348
599557
585505
580820
571452
608925
562084
1067870
1020409
838475
870116
980858
1067870
925487
1052049
878026
1020409
1044139
1004589
862206
838475
830565
941307
912682
948899
833003
767812
804029
796786
833003
811273
919925
919925
775055
767812
927169
970630
854734
833003
1952712
2156473
2190434
1799891
2207414
2139493
2241374
2054593
2037613
2020633
2241374
2275334
1799891
2275334
2156473
2105533
740730
781882
857327
816175
781882
795599
733872
788741
788741
775024
864186
720155
912196
740730
891620
802458
2704341
2440503
2968180
2484476
2682355
2484476
2858247
2704341
2308584
2836261
2462490
2880234
2726328
2704341
2946193
2484476
2055451
2104782
2006120
1726579
2187000
2071894
2121225
1808797
1923902
1907458
1973233
1940345
2154112
1743022
1989676
2088338
1191285
1237459
969650
1015824
1246693
1228224
1089702
997355
1126641
1080468
1200520
1218989
1080468
988120
1052763
1043529
922293
958320
972731
799801
763774
879061
770979
893472
915088
893472
799801
907882
871855
763774
778185
864650
3064902
3138460
3064902
2795191
2893267
2672594
3138460
2991344
2819710
2746152
2697114
2746152
3310094
3064902
2966825
2599037
177808
168531
194816
182446
191723
193270
205639
196362
166985
202546
187085
170077
166985
201000
173169
201000
2302869
2188677
2474157
2055453
2417061
2417061
2131581
2436093
2093517
2074485
2474157
2512221
2550285
2378997
2455125
2036421
2200286
2456986
2071936
2053600
1961922
2456986
1961922
2420315
2383643
2145279
2200286
2181950
2456986
2456986
2310300
2016929
953648
994754
986533
937206
1044080
871437
1052302
978312
994754
945427
994754
1085186
904322
871437
1052302
961869
2244916
2264437
2381563
2440126
2088748
2049706
2342521
2401084
2186353
2264437
2186353
2264437
2381563
2381563
2108269
2537731
2818455
3254034
3228412
3356523
2946566
3202790
3407768
3279656
3100300
2972189
3202790
3279656
3100300
3202790
3382146
3382146
230044
280435
247571
291389
262908
273862
258526
234426
260717
240999
282626
267289
251953
236617
265098
278244
2025615
2025615
2105996
2041691
1913080
1945233
2041691
1688012
2122072
1848775
2105996
2041691
1977386
1816623
1784470
1945233
3012066
3323659
2908202
2960134
3245761
3012066
2986100
3427523
3012066
2960134
3401557
2986100
3089964
2908202
3323659
3323659
1837319
1679425
1779903
1593300
1679425
1622008
1708133
1708133
1751195
1550238
1665070
1923444
1722487
1837319
1708133
1751195
1294142
1213258
1193037
1162706
1152595
1273921
1162706
1172816
1162706
1122264
1193037
1081822
1364916
1304253
1304253
1273921
412740
405974
412740
392441
453338
399208
368760
392441
372143
419506
409357
433039
392441
378909
409357
399208
2303735
2284376
2032707
2303735
2226298
2187580
2574762
2477967
2536044
2129503
2516685
2419890
2265017
2361812
2497326
2342453
2222562
2030962
2050122
2318362
2509962
2145922
2165082
2471642
2260882
2586602
2586602
2586602
2452482
2356682
2509962
2222562
1449793
1645711
1711017
1554282
1423670
1645711
1580405
1593466
1554282
1671833
1737139
1593466
1580405
1580405
1711017
1645711
1503010
1319716
1612987
1515230
1466352
1405254
1417473
1295277
1478571
1380814
1600767
1393034
1564108
1441912
1466352
1649646
153138
169591
159466
135420
148076
143013
145545
167060
153138
167060
139217
167060
167060
164529
158201
149341
536572
544764
487420
503804
438268
491516
491516
430076
499708
458748
475132
446460
528380
491516
532476
548859
2833967
2413300
2656844
2988949
2944669
2900388
2723265
2944669
2944669
2435440
2546142
2767546
2435440
2612563
2678984
2413300
308087
343220
356732
321599
324302
329707
337815
308087
337815
324302
351327
316194
283764
305384
286467
324302
1453347
1464974
1232438
1511481
1546361
1453347
1302199
1418467
1499854
1325452
1476601
1418467
1569615
1511481
1290572
1383586
3305578
3486352
2969855
2995680
3228103
2866556
3460527
2995680
3305578
2918205
2840731
2814906
3047329
2918205
3357227
3408877
1709752
1469318
1469318
1536105
1763182
1696394
1709752
1656322
1482675
1576177
1429246
1683037
1469318
1402531
1616250
1669680
572464
644022
603132
572464
633799
536685
567353
664467
557130
541796
674690
613354
623577
623577
684912
654245
1932769
1802956
1774108
1673143
1903921
1889498
1658719
1831803
1947192
1701990
1514483
1831803
1716414
1846227
1802956
1687567
49190
49952
41182
41563
47283
47283
43851
40801
47665
44233
43470
40419
50715
43470
40419
47283
418412
407590
486945
479731
483338
425626
461696
486945
425626
378735
414804
476124
458089
393163
440054
411198
2434100
2870401
2594842
2525953
2617805
2411137
2434100
2962254
2548916
2411137
2893364
2847438
3077070
2502989
2755585
2709658
3073206
3489912
3255515
3255515
3177382
2812764
2734632
3437823
2942985
3437823
2916941
3307603
3125294
2734632
2760676
3203426
1855275
2073543
1777322
1699369
1652598
2042362
2042362
2042362
1683779
1746141
1995590
1761732
1824094
2011180
1699369
1652598
2968218
3038890
2968218
2709088
2567744
3062447
3109562
3086004
2685531
2803317
2756202
2968218
3015333
2591301
2709088
2732645
97828
100449
101322
105689
106563
93461
117044
115298
95208
95208
109183
93461
117044
99575
101322
104816
2290667
2132082
2132082
2308288
2378770
2043980
2273047
2114462
1973498
2008739
2343529
1938257
2378770
2308288
2096841
2061600
1982599
1742284
1697224
1922520
1847421
1592087
1907500
1862441
1892480
1742284
1757303
1742284
1847421
1712244
1892480
1847421
314392
314392
337680
378435
308570
337680
360968
390079
328947
381346
352235
372613
340591
328947
360968
387168
2037011
2255262
2237074
1964260
1927885
2328012
2328012
2291637
2418950
2109761
2146136
2328012
2218887
2146136
2255262
2127949
985166
947275
879071
803289
932118
1007900
833602
826023
826023
932118
818445
970009
962431
985166
826023
947275
2898728
3153002
3203857
3229284
2847873
2822445
3330994
3356422
3356422
2847873
3381849
3203857
3051292
3229284
3153002
2771590
2394708
1908564
1908564
2142634
2124628
2196650
2178644
2268671
2124628
1998591
1926570
2160639
2304682
2286676
2178644
1944575
610516
621418
632320
588712
610516
686831
654124
637771
703184
659575
719537
681380
648673
714086
735890
708635
1929082
2244750
2349972
2332435
2157064
2139527
2297361
1964156
1946619
1911544
2367509
2192138
2332435
1894007
2086916
1894007
121243
124041
101657
110984
125906
118445
110984
118445
124973
125906
104455
108186
107253
108186
111916
110984
1454989
1564800
1454989
1605979
1784421
1674611
1592253
1496168
1743242
1660884
1729516
1605979
1853053
1811874
1509895
1853053
1099797
1159786
1229773
1209777
1159786
1239771
1259768
1239771
1249770
1269766
1179782
1329755
1089799
1269766
1339753
1049806
921365
969022
1064336
905480
1008736
1040508
1024622
945194
1056393
961080
929308
1048450
984908
1072279
1056393
873709
2212927
2298040
2127815
1889499
2093769
1889499
2110792
1855454
2008657
1940567
1872477
1889499
1838432
2008657
2025679
1906522
2281529
2247221
1921288
2247221
2281529
2109986
1886979
2007060
1852670
2092831
2075677
2041368
1818362
1818362
1989905
2007060
71621
75294
75294
66112
64275
71621
72845
69172
69785
69785
68560
69785
71621
64887
75906
68560
2002013
2438816
2402415
2420615
2038413
2220414
2457016
2038413
2002013
2038413
1911012
2220414
2129414
2457016
2402415
2293215
1866383
1969119
2260206
1866383
2225961
2037610
2140347
1986242
2054733
1866383
1951996
1917751
1883505
2191715
1866383
2071856
128057
112182
138641
123824
123824
142874
138641
125941
132291
119591
123824
113241
129116
122766
137582
134407
2458502
2277137
2357744
2377895
2136075
2720474
2680170
2256985
2478654
2660019
2256985
2518957
2115924
2478654
2639867
2438350
402836
418572
371364
368217
377659
339893
349334
336746
361923
346187
377659
418572
387100
333598
330451
415425
1401291
1457342
1199505
1401291
1266767
1210715
1356449
1311608
1300398
1401291
1311608
1468553
1390080
1423711
1423711
1311608
2362384
2130019
2614114
2401112
2459203
2226838
2149382
2497931
2071927
2362384
2052563
2381748
2246201
2226838
2188110
2536659
1238949
1172577
1227887
1493376
1349570
1438066
1305321
1438066
1338508
1227887
1316383
1449128
1415942
1371694
1460190
1438066
2603524
2251167
2486071
2114139
2505647
2114139
2427345
2133715
2074989
2505647
2251167
2251167
2446921
2251167
2192441
2270742
1218552
1050134
1149203
1188831
1159110
1198738
1238366
1129390
1178924
1258180
1238366
1139296
1050134
1129390
1208645
1109576
161681
150434
153246
165899
170117
160276
189800
172929
186988
177147
185582
171523
181364
174335
188394
185582
1994910
2503048
2540687
2371308
2503048
2521867
2333668
2051370
2352488
2201929
1994910
2371308
2089010
2296029
2390128
2503048
109436
111426
107447
121375
115406
125354
112421
106452
104462
120380
128339
121375
123365
119385
133313
124360
1994632
2108611
2545531
2564527
2488541
2469545
2298576
2089615
2013629
2279580
2184597
2298576
2393559
2469545
2279580
2526534
1086571
1168576
1363339
1219829
1322336
1260832
1107072
1322336
1342837
1322336
1209579
1086571
1240331
1363339
1219829
1240331
1955423
2031214
1864473
1940264
1591623
1970581
1621940
1637098
1925106
1758365
1652256
1955423
1606781
1834156
1667415
2016056
330990
364650
356235
353430
356235
328185
367455
308550
345015
322575
339405
325380
347820
347820
302940
325380
1952051
2058804
1616542
1723295
1936800
2058804
1982552
2043553
1708044
1601292
1860548
1906300
1982552
2013052
1875799
1799547
289665
328809
313152
281836
310542
336638
300104
341857
307932
281836
307932
310542
341857
339248
289665
274008
95713
96479
84228
98776
88822
85759
96479
94948
81930
102605
100308
103370
100308
97245
90353
92650
3083019
3003967
3504628
3346524
3320174
3451927
3003967
2845863
3083019
3109369
3557329
3030317
3109369
3056668
3293823
3162070
588345
552687
543773
548230
548230
508116
517030
476916
503659
508116
601716
592802
499201
468001
583887
583887
518605
501173
562185
479383
544753
570901
514247
501173
544753
505531
470667
501173
575259
501173
466309
544753
907179
899080
931479
939579
1085375
1028677
1044876
1012477
1012477
899080
971978
858580
963878
1044876
866680
980078
2343904
2402502
2226709
2226709
2382969
2617360
2129046
2597827
2461100
2207177
2382969
2226709
2597827
2500165
2109514
2519697
1168654
1216161
1282670
1083143
1273168
1111647
1216161
1007133
1187657
1140151
1045138
1149652
1064141
1187657
1035637
1206660
253151
277157
264063
288068
270610
292433
292433
292433
235692
268427
233510
272792
244422
233510
242239
240057
2498841
2326507
2585008
2412674
2563467
2692717
2520383
2455758
2498841
2800426
2606550
2735800
2304966
2800426
2304966
2908134
1231219
1220026
1466269
1376726
1242411
1231219
1421498
1455077
1320762
1320762
1208833
1477462
1298376
1343148
1455077
1220026
504076
584371
508536
521919
486232
526380
557606
504076
486232
477310
557606
530841
588832
544223
477310
481771
1908704
1549925
1592978
1865650
1650383
1549925
1592978
1636032
1535574
1923055
1679085
1750841
1880001
1535574
1650383
1736490
964700
848936
949264
956982
856653
980135
964700
972417
833500
926112
887523
995570
902959
887523
856653
1026440
253040
267363
276911
255427
307944
291234
322267
315106
279298
319880
317493
317493
315106
253040
276911
281686
2121651
2054297
1852235
1953265
1885912
2222682
2273197
2071135
2273197
2256359
1970104
1986943
2121651
2087974
2189005
2071135
1617844
1809044
1661967
1867875
1853167
1750213
1853167
1617844
1588429
1794336
1985536
1559014
1941413
1691383
1603137
1691383
2780007
3187422
2875869
2923800
2827938
2612248
3211387
2684144
2947766
3091559
2564317
2947766
3067594
2947766
3091559
3187422
3107573
2892433
2988051
3035860
2509963
2701198
2844624
2749007
2605580
3011955
2820720
3083668
3131477
2677293
2581676
2677293
2018665
1787015
1952479
1869747
2018665
1803561
2002119
1737376
2167583
1803561
1787015
1919387
2051758
1886294
1969026
1869747
1014475
904573
929935
1056745
1124376
963751
1039837
913027
904573
1115922
1006021
963751
1048291
1099014
887665
955297
1643243
1722754
1444463
1682998
1497471
1391455
1775762
1484219
1510723
1669746
1484219
1457715
1656495
1417959
1762510
1510723
1574489
1561993
1686953
1324570
1362058
1649465
1474522
1462026
1537001
1649465
1337066
1649465
1399546
1686953
1399546
1611977
2509663
2781543
2760629
2446921
2342352
2258696
2593318
2593318
2656060
2656060
2802457
2802457
2216869
2300524
2300524
2823371
1814790
1856994
1477154
1744449
1744449
1702244
1477154
1547495
1758517
1491222
1800721
1688176
1842926
1800721
1856994
1772585
2366127
2882373
2280086
2581230
2344617
2559719
2753312
2344617
2323107
2667271
2817842
2430658
2280086
2301596
2860863
2473678
98131
104313
84995
86541
98131
100449
102767
88859
81905
96586
95040
91950
93495
95813
93495
81905
1493976
1507081
1389136
1664342
1651237
1441556
1585712
1769183
1376031
1533292
1585712
1690552
1756078
1690552
1611922
1585712
2270598
2342113
1877266
1948781
2091811
1913024
2073932
2324234
1948781
2306356
2181205
2091811
2109690
2270598
2091811
2073932
725981
614742
755255
644015
649870
772819
614742
790383
661579
655725
731836
620597
778673
761109
702562
708417
1842334
1799489
1570982
1742362
1699517
1785207
1499574
1785207
1542419
1542419
1556700
1528137
1628109
1556700
1885179
1785207
1134620
1134620
1125543
1161850
1052927
1025696
1098312
1034773
1062004
1116466
1007542
1180004
1198158
1107389
1225389
989388
92030
74332
94862
94862
94862
90615
75748
84243
83535
87783
75748
79996
80704
91322
87075
86367
665176
614009
704973
625379
665176
665176
767511
710658
722029
625379
727714
642435
687917
767511
631064
682232
2218245
2273701
2125818
2273701
2366128
2181274
2440070
2033391
2051877
2144304
2144304
2440070
2292187
2162789
1977935
2347643
573627
537775
629965
537775
548018
563383
614600
624843
604357
650452
645330
640208
660695
599235
640208
558262
232575
194391
229104
203069
201334
218690
220426
232575
232575
183977
201334
218690
206541
183977
216955
222161
1920192
2010201
2025202
1770177
1635163
1995199
2010201
1620162
1695169
1590159
1620162
1620162
1920192
1665166
1755175
1620162
2980869
3060008
2875352
3402940
2980869
2928111
3191904
3165525
3508457
3191904
2822593
2901731
3244663
3139146
3297422
2901731
2644555
2603554
2685556
2644555
2726557
2624055
2685556
2275547
2275547
2480552
2480552
2337049
2767558
2378049
2460051
2624055
630089
553869
660578
553869
660578
619927
538625
558950
564032
665659
675822
553869
655496
553869
619927
619927
930773
888465
1108466
922312
1057697
1108466
964620
1116928
905389
1142313
1032312
896927
913850
1057697
1083082
981543
925177
942799
1127834
951610
1154268
1074967
1101401
1013289
1127834
986855
1048533
1145457
1057345
942799
1163079
942799
1547444
1807762
1778838
1764376
1923459
1937921
1706527
1692065
1561906
1720989
1706527
1807762
1605293
1937921
1619755
1880073
2503370
2315617
2670261
2586816
2294756
2232171
2253033
2190449
2732846
2440786
2294756
2357340
2586816
2211310
2273894
2586816
2372106
2052060
2202670
2070886
2127365
2108538
2240322
2372106
2183843
2033233
2390932
2033233
2221496
2259148
2409758
2089712
1517040
1343333
1389655
1297011
1331752
1447557
1215948
1354913
1285431
1320172
1297011
1366494
1227528
1215948
1401235
1215948
1520041
1368037
1697379
1342703
1330036
1418705
1545375
1330036
1431372
1621377
1596043
1368037
1418705
1342703
1469373
1520041
1588449
1720820
1429604
1707583
1469315
1614923
1747294
1575212
1641397
1667872
1588449
1429604
1495790
1787005
1601686
1389893
2397370
2694187
3059501
2397370
3036669
2945340
2557195
2899676
2922508
2534363
2671355
2694187
2762684
2602859
2534363
2602859
1721680
1846641
1513412
1485643
1527297
1735565
1568950
1541181
1693911
1680026
1791103
1763334
1832756
1804987
1555066
1860525
2186882
1749506
1765705
2138285
1943895
1749506
2186882
2073488
1943895
2138285
1733306
1943895
1862899
1733306
2057289
2122086
740787
642832
685687
673443
826498
722420
734665
808131
704054
655076
826498
691809
679565
716298
728542
820376
33157
40832
38376
37762
39911
36841
34692
34999
32543
39297
34078
37762
32236
33157
32236
35920
1965788
1878806
1844014
2348508
1896203
2278923
2226734
2226734
1913599
2261526
2122355
2296319
1861410
1826617
1930995
2087563
1033070
1279040
1239685
1052748
1052748
1131458
1259362
1042909
1170813
1298717
1160974
1328233
1062587
1269201
1092103
1111781
922647
894258
823285
801993
922647
844577
929744
851674
752312
908453
943939
951036
951036
780701
908453
880063
791290
704743
710925
803654
754199
723289
760381
692379
760381
667651
834564
661469
748017
698561
741835
717107
2623859
3191179
2931157
2600220
2694774
2978434
3167541
2907519
2529305
2576582
3049349
2907519
2954796
2742050
3025711
2647497
379360
401126
338936
385579
335827
407345
345155
332717
363812
394907
360703
335827
373141
373141
351374
357593
2823653
2656325
2719073
2656325
2342586
2530829
2551745
2614493
2635409
2719073
2572661
2823653
2739989
2321670
2363502
2677241
1433298
1479909
1281811
1340075
1258505
1433298
1235199
1328422
1538173
1281811
1246852
1363381
1363381
1468256
1223547
1479909
2240642
2549696
2549696
2163378
2511064
2086115
2259957
2163378
2182694
2028167
2511064
2298589
2549696
2066799
2337221
2317905
1676453
1559831
1793076
1632720
1734765
1691031
1559831
1705609
1793076
1618142
1574408
1807654
1691031
1763921
1880543
1647298
1747191
1803101
1775146
1649348
1579460
1509573
1537528
1733213
1593438
1481618
1551505
1677303
1831056
1607415
1789123
1845033
1305293
1274214
1118822
1398528
1294933
1336371
1253495
1274214
1149901
1139541
1108463
1232776
1232776
1346731
1201698
1263855
3034521
2756357
2933370
2655206
2882795
2781644
3388549
2908083
3160960
3034521
3413836
3337973
2882795
3059809
3009233
3287398
2518072
2861446
2975904
3090361
2563855
2403614
2563855
2678313
2907229
3044578
2678313
2746988
2472289
3090361
3021687
2655422
144424
145571
137547
122646
139840
146717
134108
142132
128377
135255
137547
142132
134108
130670
147863
129523
1206722
1329439
1114684
1329439
1196495
1135137
1237401
1155589
1288533
1114684
1360119
1216948
1073778
1339666
1124910
1084004
593302
609194
678059
683356
603896
651572
656870
593302
662167
593302
582707
598599
577410
614491
619788
603896
1079851
1337430
1218547
1079851
1228454
1268081
1079851
1149199
1287895
1099664
1307709
1040223
1327523
1040223
1119478
1149199
1864186
1744878
1908926
1700137
1685224
1804532
2013321
1819445
1565916
1744878
1610656
1983494
1640483
1864186
1894013
1655397
48860
41880
47758
42247
43349
46288
48860
44084
38941
42614
40410
43349
49227
41145
41880
46288
1685926
1748951
1922271
1717438
1780464
1780464
1875002
1843489
1764707
1985296
1733195
1685926
2064077
1985296
1985296
1843489
2091291
2354899
2056143
1845257
2091291
2267030
2249456
2179161
2108865
2302178
2003422
1985848
2284604
1915552
1862831
2354899
2207246
2186996
2551496
2389496
2389496
2227496
2632496
2672996
2450246
2288246
2551496
2227496
2288246
2288246
2267996
2186996
2249142
2322285
2102856
2468570
2139428
2468570
2450285
1956570
2303999
2047999
2121142
2267428
2413713
2011428
1993142
2285713
758436
873555
758436
792294
805838
717805
914186
771979
751664
751664
900642
887099
914186
900642
711033
839697
2465879
2390005
2238259
2371037
2427942
2181354
2124449
2541752
2181354
2067544
2200322
2333100
2219291
2105481
2238259
2105481
3086210
3110899
3184968
3283727
3036830
3086210
2913382
3184968
2814623
2987451
3234348
3308417
2962761
2617106
2617106
2913382
1384199
1444382
1263834
1456418
1600857
1348090
1336053
1432345
1324017
1420309
1275871
1360126
1396236
1504565
1540674
1396236
459066
555933
467489
450643
446431
518029
475913
471701
480124
505394
547510
446431
467489
454854
568568
492759
77468
94683
86793
86076
86793
75316
81772
89662
90379
79620
81054
88945
76033
86793
84641
94683
1303868
1355608
1148645
1334912
1169342
1179690
1314216
1117601
1334912
1345260
1283171
1345260
1179690
1334912
1127949
1376305
2163036
1788977
1951611
2000401
1740187
1707660
1870294
1756450
1984138
2049192
2049192
1967875
1935348
1951611
1967875
2000401
856709
725439
732348
780711
849800
932708
746166
808347
905072
822165
870527
822165
911981
898163
739257
842891
2320360
2501954
2683547
2421246
2602839
2703724
2703724
2360714
2602839
2623016
2723901
2663370
2663370
2542308
2723901
2421246
907834
807757
914982
965020
814906
807757
879240
836351
750571
757719
836351
900685
843499
850647
750571
750571
625817
640485
655152
552479
513366
581814
645374
635596
537812
557368
542701
645374
625817
581814
616039
650263
3122041
2870263
3273107
2996152
2794730
2920619
2945796
2996152
3122041
3273107
3172396
2945796
3247929
3348640
3197574
3398996
3090934
2935089
3194831
2987037
2909114
3090934
3116908
3220805
3090934
3116908
3168857
3272754
2961063
3480548
2987037
3064960
567869
595797
493395
623725
577179
614416
521323
614416
539941
488740
549251
595797
609761
563215
516668
530632
3079960
2663124
3103118
2431548
2732596
2755754
2616808
3010488
2593651
2894700
2755754
2501020
3010488
2709439
2639966
2732596
879979
809013
823206
823206
872883
823206
823206
936752
780627
872883
752240
823206
950945
901269
801916
858689
51136
49074
44125
51136
54847
47012
49486
55260
51136
53610
54847
49074
51136
55260
48249
43300
1224795
1346263
1204551
1315896
1285529
1275407
1194429
1184306
1224795
1062839
1326018
1305774
1164062
1133695
1214673
1224795
1067446
927857
985335
919646
993546
977124
1034602
919646
895013
870379
1034602
1051024
1051024
993546
1001757
968913
3193772
2822404
3119499
3169015
2995709
2847161
3144257
3069983
2896677
2599582
3218530
2822404
3020467
3292804
2822404
2970951
1200124
1189114
1453362
1299217
1332248
1464372
1431341
1156083
1156083
1464372
1387300
1321238
1233155
1475382
1200124
1244166
2415187
2920181
2854312
2415187
2459100
2700618
2876268
2854312
2678662
2568881
2481056
2546925
2788443
2678662
2305406
2393231
2513254
2807599
2875525
2671747
2875525
2852883
2400044
2717031
2513254
2535896
2490612
2920808
2988734
2649105
3056660
2558538
2150112
2584079
2189563
2150112
2071209
2623531
2130386
2130386
2248741
2544628
2662983
2524902
2169838
2643257
2386821
2090934
2743268
3220358
3220358
2552432
3124940
3053377
3053377
2719414
3005668
3005668
2528578
2552432
2504723
2886395
3172649
3172649
1419470
1430917
1236312
1465259
1465259
1236312
1259207
1236312
1476706
1442364
1430917
1408022
1224865
1465259
1545390
1236312
1858310
1685077
1889806
2094535
1748071
1826813
2000045
1874058
1669329
2031542
1826813
2110284
2031542
1984297
2078787
1937051
2695548
3313793
2670818
2646088
3041765
3264333
3091225
3115954
3289063
3115954
3091225
3066495
2794467
3313793
3041765
3041765
2691804
3352058
2971142
3402846
3301269
3021931
3301269
3199691
3199691
3402846
3021931
2920353
2818776
2996536
2793381
2818776
458764
539473
475755
530977
454516
484251
535225
526729
552216
560712
564960
501242
513986
547968
467260
530977
659507
641356
816821
744215
810771
677659
653457
707912
653457
810771
641356
798669
762366
732114
798669
774467
753044
707405
747339
735929
770158
656061
758749
701700
644651
713110
661766
764453
770158
707405
678880
627536
587326
592140
563255
625839
592140
505485
558441
596954
635467
519928
606582
515114
592140
524742
534370
582512
2385211
2426693
2634103
2779289
2364470
2488916
2468175
2696326
2800030
2364470
2364470
2717067
2447434
2592621
2654844
2322988
317640
290343
327567
292825
280417
310196
332530
315159
307714
310196
307714
315159
280417
295306
302751
287862
455456
447670
509955
428206
420421
451563
416528
478813
513848
506062
506062
525526
517741
424314
467134
408742
510612
472633
540152
565471
531712
472633
561252
552812
548592
557032
443093
451533
502172
455753
561252
531712
2974329
2730532
2876810
2633013
2828051
3023089
3169367
3120608
2876810
2779291
3193747
2633013
2949949
2584253
2559873
3047468
526583
594843
638725
536334
638725
648477
609471
614347
633850
589968
638725
609471
511955
638725
594843
516831
861804
924481
861804
846135
908812
932316
822631
971489
822631
846135
838301
861804
893143
822631
1057669
1042000
3139244
3039586
3039586
3139244
2890098
3189073
3238903
3089415
2840268
2790439
2840268
2640951
2790439
3189073
3338561
2740610
241444
281335
283435
228847
220449
233046
283435
258240
237245
275037
247743
256141
281335
249842
272937
220449
718617
650177
735726
667287
598847
667287
764243
758540
678693
667287
598847
707210
701507
718617
667287
672990
555350
477190
477190
534782
522441
489531
485417
456621
464849
505986
473076
530668
493645
481304
543009
452508
286425
290972
256873
290972
277332
284152
261420
279606
275059
238688
250054
293245
304611
245507
250054
263693
1795100
1954343
1751671
1592428
1881960
1650334
1867483
1722717
1954343
1621381
1635858
1838530
1925390
1606904
1881960
1896437
2751347
3043526
2873088
2678303
2678303
2629606
2824392
3092222
2605258
2848740
3165267
2824392
2921785
2580910
2702651
3116570
2881072
2810226
2762995
2833842
2762995
2904688
3022764
2833842
2762995
2503227
3117226
3069995
2999149
2479611
2999149
3022764
2156966
1881263
1913699
2156966
1702867
1767739
1767739
2059659
1865045
1848828
2173183
1751521
1913699
2173183
1913699
1848828
1773180
1689408
1633559
1605635
1535825
1829028
1605635
1521863
1507901
1577711
1717332
1479977
1535825
1717332
1633559
1549787
1801878
1659998
1915382
1631622
1659998
1716750
1503930
1518118
1801878
1816066
1645810
1887006
1773502
1872818
1745126
1603246
1352789
1221874
1221874
1385517
1232783
1221874
1189145
1221874
1156416
1145506
1374608
1287331
1352789
1189145
1254602
1385517
1234003
1029955
1214570
1204853
1272869
1127120
1049388
1214570
1185420
1214570
1234003
1282585
1078538
1039671
1292302
1039671
2762268
2957826
2664488
2591154
2762268
2957826
3275609
2615598
3006716
2566709
2860047
3031161
3226720
3031161
2860047
2835602
1714603
1568397
1634854
1488648
1568397
1395607
1555105
1555105
1648146
1541814
1794352
1501939
1594980
1541814
1475356
1741186
263542
278916
283308
296485
248169
283308
289897
294289
243777
245973
274523
245973
254758
265738
276719
287700
3040145
2962193
3274002
3248018
3299987
3325971
3274002
3092113
3040145
3222034
3040145
2884240
2780304
3144082
3403923
3507860
31349
31909
31909
35548
36668
36948
29670
34708
31629
36668
29670
29950
31909
34149
31349
34149
874631
826423
736894
826423
929726
922839
881518
895291
764441
915952
764441
888404
929726
771328
798875
909065
2365954
2182546
1999139
2329272
2054161
1980798
2182546
2072502
2439317
2329272
2274250
2384294
2090843
2255909
1925776
2457657
120207
100485
108937
125842
109877
118329
99546
118329
123024
116450
112694
111755
119268
114572
108937
103303
683286
816315
786081
786081
810268
792128
683286
725613
810268
671192
665145
810268
755847
634911
761894
810268
812307
746119
697982
728067
752136
697982
673914
697982
667896
685948
812307
643828
758153
685948
649845
673914
3066610
2845814
2796748
2698616
3115675
2894879
2600485
2943945
2919412
3164741
2821281
2747682
3213807
2600485
3213807
2575952
2722704
3075648
3025227
3000017
3378170
3327750
3327750
3378170
2848755
3025227
2798335
3050437
3352960
3252119
3126068
2697494
79086
69818
65493
64875
75996
77232
82175
77232
82175
71053
66111
72907
69200
73525
75996
70436
1001966
949689
914838
1097806
932264
1062955
1080381
1036817
1062955
1001966
958402
1097806
967115
984540
923551
914838
523381
536917
595572
491798
518869
491798
509845
541429
604595
604595
586548
505333
518869
500822
586548
573012
2129336
2247633
2129336
2503942
2365929
2149052
2267349
2149052
2661670
2070188
2346213
2641954
2306781
2208200
2070188
2208200
715323
726861
755704
634561
749936
738398
732629
698017
680711
623023
623023
623023
663405
692248
773011
709555
1694539
1725919
1647468
1741609
1914201
1851441
1914201
1898511
1647468
2039723
1725919
2055413
2086793
2039723
2071103
1772990
1710300
1465971
1453112
1646003
1543128
1710300
1684581
1568846
1736019
1684581
1350237
1453112
1465971
1517409
1363096
1363096
1670443
1750625
1710534
1737261
1550171
1630353
1456626
1630353
1723897
1443263
1603626
1657080
1469990
1804079
1403172
1750625
1089426
995066
1149473
969332
1037957
1098004
1098004
1072270
900706
1123738
1132317
1123738
900706
1020801
1063691
1089426
360878
345187
404811
382844
338911
348325
367154
414225
354601
401672
357739
354601
414225
392258
414225
367154
1592632
1743657
1633821
1441606
1688739
1729928
1592632
1551443
1826035
1688739
1510254
1469066
1496525
1537714
1757387
1647550
13039
16606
13900
16360
13162
16360
14884
16483
15868
13654
14269
13531
14884
15130
15253
16360
251921
275033
265789
270411
270411
261166
251921
242677
293523
293523
247299
293523
263477
300457
270411
305079
3039528
2844998
2844998
3258374
2577520
2747733
3258374
3136793
3039528
2747733
2796366
2553204
2917947
2796366
3258374
2650469
1671486
1702729
1733972
1796457
1749593
1780836
1749593
1765214
1843321
1905807
1983913
1702729
2108884
1640243
1780836
1905807
2589026
2543605
2475472
2997820
2702580
2702580
2384629
2725291
2543605
2793423
2679869
2929688
3065952
2634448
2452762
2748001
1812136
1547285
1728499
1672741
1826075
1575164
1728499
1630922
1714559
1700620
1547285
1826075
1700620
1491527
1867894
1575164
2652007
2737556
2502297
2566459
2737556
2523684
2288426
2288426
2630620
2737556
2652007
2352587
2652007
2630620
2758943
2694782
56625
54360
53907
59343
57531
61155
59343
58437
60702
60249
57531
56172
54360
60702
54360
54813
1209755
1362245
1199589
1280917
1209755
1321581
1291083
1179257
1179257
1209755
1138593
1118261
1219921
1138593
1230087
1331747
717439
704153
783869
856941
757297
856941
883513
730725
850298
790512
737368
890156
797155
783869
763940
863584
2472767
2600669
2323548
2430133
2238280
2664620
2621986
2600669
2238280
2579352
2494084
2472767
2280914
2621986
2835155
2813838
2408449
2233642
2544410
2544410
2311334
2505564
2272488
2389026
2544410
2136527
2622102
2544410
2214219
2369603
2291911
2291911
1829288
1706310
2044498
1936893
2075242
1983009
1890776
1890776
2029126
1967637
1890776
1706310
1967637
1798543
1783171
1936893
1440645
1342419
1309677
1440645
1298763
1309677
1156881
1386075
1244193
1145967
1222365
1462473
1320591
1233279
1473387
1440645
465719
450323
477266
434927
419532
411834
511906
423381
469568
454172
492661
407985
481115
431079
484963
481115
2793998
2898447
3420690
3002896
3237905
2924559
3368466
3394578
2767886
3525138
2846223
3499026
3055120
2793998
2976783
3107344
2760001
3261819
3061092
2960728
2634546
3111274
2910546
3061092
2634546
3186546
3337092
2760001
3387274
2960728
3111274
3136365
2410903
2390978
2291354
2689850
2510527
2510527
2570301
2231579
2131955
2490602
2131955
2112030
2689850
2590226
2590226
2689850
659076
683486
713999
756717
750614
683486
750614
750614
799435
659076
805537
695691
799435
695691
805537
799435
437162
484129
393807
458839
455226
386581
386581
476904
429936
433549
484129
462452
411871
440775
469678
466065
2908522
2908522
3141204
2466427
2815449
2745645
2722377
2978327
2652572
2536231
3094667
3024863
2582767
2908522
2908522
2629304
934375
943107
1161419
1030432
943107
943107
1178884
1012967
1152687
1178884
1152687
1091560
1117757
1012967
1126489
995502
2792061
3099661
3052338
2531784
2484461
2697415
3028677
3005015
2886707
3005015
2815723
2910369
3170646
2673754
3123323
2650092
1360650
1360650
1260274
1349497
1461025
1260274
1304885
1416414
1260274
1405261
1193357
1327191
1304885
1237968
1405261
1193357
2301703
2282990
2413982
2151999
2357843
2282990
2301703
2208138
2432695
2376556
2376556
2226851
2320416
2021008
2432695
2413982
2314675
2411120
2333964
2237519
2179652
2488275
2468986
2063918
2333964
2179652
2488275
2160363
2237519
2160363
2604009
2121785
1985543
2015857
1727877
2015857
1758191
1758191
1636936
1849132
1818818
1985543
1985543
1864288
1940072
1697563
1682407
1591466
347388
387710
415625
390811
325676
341184
369099
362896
390811
387710
331879
381506
412523
359794
350489
397015
2371051
2845261
2888371
2478826
2263276
2500381
2543491
2284831
2651266
2371051
2586601
2327941
2349496
2608156
2414161
2737486
759260
935015
942045
878773
773320
899864
822532
949075
773320
871743
759260
808471
815502
829562
759260
906894
93760
100226
88910
89719
105884
107501
96185
108309
95377
104268
101035
84869
109117
102651
91335
85677
2698430
2919612
2786903
2985967
2543602
2455129
2698430
2786903
2565720
2388774
2985967
2521483
2985967
2410892
2455129
2676311
221947
234278
232516
228993
225470
234278
234278
197286
230755
213140
221947
225470
220186
236039
204332
214901
3190670
3509737
3217259
3509737
3536326
3004547
3057725
2924781
3084314
3376792
3297026
2951370
2791836
3217259
3376792
3270437
1418049
1220452
1545906
1220452
1476166
1394803
1569153
1534283
1557530
1441296
1429673
1418049
1534283
1534283
1499413
1290192
2984280
2917962
2586376
2497953
2564270
2719010
2696905
2696905
2497953
2387424
2851645
2520058
2851645
2630587
2763222
2984280
2035488
1943799
2017150
1962137
2438918
2475593
1925461
2383904
2145514
2273878
2108838
2090501
2182189
2053825
2273878
2292216
3025308
2820588
2979815
2524881
3025308
3048055
2797841
2934321
2547628
3025308
2411148
2479388
2843335
3002561
2797841
3025308
970970
884836
822193
1017953
1033614
853514
923988
970970
1057105
947479
845684
955310
923988
845684
861345
939649
321246
342140
282070
329081
292517
292517
316022
336917
347364
279458
287293
276846
297740
349975
279458
349975
2785940
3214547
2619260
3000243
2738317
3190735
2571637
2904998
2619260
2500203
3119301
3190735
3119301
2738317
2595449
3047866
2297457
2339612
2740086
2234224
2613621
2402845
2571465
2466078
2360690
2423922
2423922
2634698
2466078
2466078
2466078
2824397
2750529
2885800
2705438
2818165
2727983
2863255
2998527
2795619
2840710
2615257
2750529
2750529
2885800
2592711
2570166
2660347
2322894
2397826
2304161
2528957
2528957
2116831
2154297
2528957
2135564
2079365
2023166
2472758
1985700
2229229
2079365
2229229
313343
390201
372464
396113
345860
331079
334035
384289
319255
328123
325167
348816
366552
387245
336991
387245
757534
690198
701421
656530
650918
667753
662141
712643
634084
634084
729478
740700
594805
634084
701421
729478
1002006
953909
905813
961926
1066134
841685
1018038
1002006
1066134
865733
889781
1066134
1058118
969942
881765
913829
274479
336045
320653
346306
333479
305262
338610
328349
343740
284740
325784
325784
289870
282175
341175
330914
1906689
2164349
2301768
2233059
2250236
1923866
2078462
2250236
2250236
1923866
2284591
2026930
2318946
2267414
2095640
1975398
2433630
2544249
2500001
2721240
2876108
2610621
2433630
2920356
2699117
2898232
2323010
2964603
2610621
2699117
2853984
2544249
1705724
1778000
1806911
1778000
1633447
1893642
1618992
1908098
1633447
1908098
1662358
1908098
1922553
1575626
1720179
1879187
2898564
2564114
2586411
2430334
2541818
2965454
2853971
2987751
2385741
3010047
2764784
2876267
2697894
2341148
2764784
2653301
1137222
943277
1146038
996171
1163669
978540
1013803
1022618
1163669
1119591
934462
952093
987356
1101960
1022618
1163669
1179035
1099846
976663
1064651
985462
959065
923870
1038254
1073449
1029456
950267
994261
923870
1135041
1161437
1099846
1649129
1496688
1579838
1538263
1857002
1829286
1635271
1524405
1510547
1773853
1593696
1829286
1704562
1690704
1787711
1870861
525018
466682
550018
554185
537518
529184
475016
483349
495850
437515
537518
441681
529184
462515
541685
475016
446605
389946
353285
353285
403278
439940
383281
433274
379948
379948
443273
373282
376615
366616
399945
399945
1102146
1133339
1237315
1143737
1206122
1122941
1237315
1247713
1362086
1320496
1258110
1268508
1216520
1216520
1351689
1226917
213108
191632
204848
175112
199892
178416
198240
214760
209804
211456
211456
223020
211456
204848
204848
193284
1072398
1126468
1189551
1000304
1135480
1207574
955245
1216586
1198562
1135480
1036351
1153504
1180539
955245
1216586
1126468
1004467
829446
951200
989248
867494
799008
920761
897932
875103
958809
1004467
890323
890323
837056
799008
935980
56881
58328
65076
54471
59292
52061
60738
64112
62666
58810
54953
53507
58810
61702
54953
52061
2267313
2285452
2430560
2303590
1940820
2231036
1904543
1958959
2358006
2194759
2231036
2231036
2321729
2303590
2249175
2430560
64363
64878
57669
55610
57669
62819
67453
64878
68997
68483
55095
62819
64363
61274
65908
68997
3344301
3022257
3294755
2675440
3022257
2749758
3121347
3319528
3269983
2700213
2601123
2675440
2947939
3319528
2848849
3245210
426912
514582
461218
445971
449782
514582
461218
430724
419289
503147
453594
499335
499335
404042
468841
426912
1583097
1487565
1501212
1664981
1705923
1678628
1801455
1487565
1774160
1432975
1692276
1542155
1446623
1610392
1828750
1624039
3073985
2970658
2789835
3435630
3358135
2918994
2764003
2867330
3254808
2789835
3435630
2789835
3487294
3487294
3280639
2841499
2286600
2794734
2498323
2815906
2223084
2731217
2625356
2455978
2434806
2434806
2244256
2244256
2837078
2837078
2583012
2731217
784866
811472
778214
838077
844729
738306
758260
705049
711700
838077
791517
725003
838077
851380
844729
804820
2459395
2988050
2827155
2551335
2758200
2597304
2620290
2965065
2413425
2574320
2597304
3102975
2528350
2620290
2988050
2597304
2906523
2729025
2817774
2773400
2329656
2839961
2484966
2773400
2973084
2884336
2440592
2884336
2662464
2529340
2928710
2529340
2488350
2624078
2488350
2375243
2963399
2375243
3031263
2963399
2397865
2940778
3053884
2895535
2375243
3053884
2805049
2624078
1411612
1222656
1500533
1389382
1222656
1456072
1233771
1356037
1344922
1489418
1256001
1444957
1444957
1411612
1500533
1267116
1218303
1421353
1357232
1271737
1196929
1218303
1293111
1314485
1335858
1378606
1207616
1250363
1228990
1442727
1421353
1132808
1711622
1680216
2025681
2119899
1900058
1695919
1837246
1711622
1852949
2119899
1664513
2057087
2025681
1962870
2088493
1758731
2127274
2250339
2232759
2021789
2127274
2109693
2039370
2250339
1933885
2320662
2039370
2232759
1969047
2092112
1969047
1933885
455774
492530
393289
422693
437396
404316
452098
470476
496206
488854
459450
407991
385938
430045
444747
411667
401314
491328
495079
476326
416316
401314
487578
480076
483827
472575
457573
401314
397563
438820
431318
483827
363363
363363
342342
336336
315315
345345
405405
384384
405405
366366
354354
327327
405405
390390
330330
351351
1435187
1567852
1362825
1399006
1604033
1374885
1266342
1423127
1350764
1411066
1567852
1350764
1350764
1278402
1266342
1567852
2050079
1973008
2019251
1926766
2034665
1726382
1664726
1772624
2034665
2050079
1834281
1973008
2003836
1849695
1803453
1849695
1210801
1100728
1190787
1300860
1330880
1060701
1260834
1080714
1350893
1170774
1170774
1190787
1150761
1320873
1190787
1100728
2766301
3076318
3028623
3195555
3171708
3124013
2813996
2623217
3219403
3100165
3124013
2909386
2742454
3219403
2575522
2599369
713348
724947
701749
753945
782943
713348
765544
643753
614755
707548
724947
748145
614755
678550
643753
620555
2341195
1938802
2158289
2231451
2377776
2066836
2139999
2231451
2377776
2121708
2341195
2139999
2048546
2377776
2030255
2414357
2977994
3297065
3509779
3137530
3084351
2791870
2898227
3243887
3350244
3430011
3190708
3589547
3456601
3456601
3164119
3376833
980921
875283
935648
807373
882829
943193
920557
1018649
958284
822464
905466
913011
980921
822464
1003558
807373
135064
129788
134009
116070
139285
113960
130843
118181
139285
130843
111850
111850
135064
136119
123457
119236
1411766
1411766
1285511
1388811
1388811
1262555
1205166
1262555
1515066
1526544
1492111
1319944
1308466
1251078
1538022
1446200
192087
197326
190341
214788
209550
192087
216535
216535
197326
213042
195580
216535
185102
214788
221773
228758
2589064
3024607
3073001
3145591
3048804
2831032
2782638
2710048
3218182
2613260
2831032
2855229
3266576
2806835
2637457
3048804
1615281
1350274
1552184
1476468
1350274
1602662
1602662
1438610
1425991
1526946
1640520
1602662
1375513
1501707
1438610
1463849
1096952
1145923
1096952
1185100
1302631
1077364
1253660
1263454
1194894
1067569
1194894
1096952
1145923
1312425
1312425
1214483
847009
770008
795675
821342
827759
712258
814925
744341
847009
866259
712258
718674
866259
859843
859843
866259
2962869
3339504
2787105
2937760
3239068
3264177
2937760
3138632
3364614
3163741
2711778
3389723
3138632
3188850
3213959
2962869
2927050
2675506
2949917
2812712
2698374
2561168
2561168
2927050
2858447
3087123
2629771
2995652
3064255
2561168
2606904
3018520
1310387
1360306
1447666
1410226
1497585
1310387
1422706
1310387
1622384
1410226
1460145
1447666
1597424
1559985
1435186
1647344
2475330
2379387
2245067
2053181
2033992
2590462
2072369
2283444
2379387
2091558
2321821
2168312
2033992
2456142
2283444
2283444
1675106
1918758
1659878
2010127
1918758
1675106
1796932
1720791
2010127
1888301
1979671
1644649
1903530
1705562
1888301
1994899
1341468
1509152
1545084
1257627
1425310
1365423
1401355
1281581
1581016
1449265
1521129
1604971
1521129
1317514
1461242
1365423
335368
390777
364531
352866
387861
338285
382028
312038
379112
376196
355782
314955
314955
355782
352866
323703
3453691
3400558
2948921
2842654
2869220
3320857
3559959
2789520
3081755
2789520
3480258
2895787
3108322
3506825
2789520
3188023
1193036
1181886
1304534
1204185
1494082
1482932
1215335
1215335
1170736
1226485
1371434
1293384
1471782
1204185
1326834
1326834
2291302
2396407
2480492
2564576
2753766
2207217
2228238
2333344
2396407
2564576
2438449
2312323
2375386
2816830
2228238
2438449
2527414
2548476
2611661
2674847
2590600
2653785
2295735
2674847
2569538
2611661
2632723
2822279
2232549
2843341
2232549
2590600
2394244
2535082
2675920
2253406
2313765
2575321
2233286
2293645
2333885
2655800
2394244
2414364
2494842
2112568
2535082
2172927
556326
644944
576019
600635
521863
625251
561249
516940
526786
536633
556326
521863
649867
546479
615405
659714
2685463
2857333
2685463
2728431
2277273
2835849
2492110
2792882
2706947
2728431
2470626
2363208
2470626
2878817
2341724
2771398
1010447
1035295
977318
1076706
960753
894494
1027012
935906
902777
1002165
911059
1093271
1068424
886212
902777
1060142
2520002
2207443
2129304
2187908
2070699
2520002
2129304
2109769
2285583
2344188
2578606
2129304
2070699
2578606
2324653
2383257
822777
918278
962356
940317
984394
800739
947663
977048
793392
977048
881547
852162
984394
940317
932971
830123
2953167
3103328
3078301
3278516
2903113
3253489
2803006
2702898
3278516
3303542
3153381
2953167
3178408
3203435
3203435
2627818
2846693
2825607
2509307
2214095
2277354
2446047
2846693
2614740
2446047
2551481
2277354
2446047
2361701
2825607
2741260
2572567
1597580
1773460
1568266
1714833
1905371
1758804
1905371
1553610
1538953
1963997
1597580
1846744
1876057
1597580
1553610
1538953
2585997
2885203
2756972
2756972
2564625
2244047
2842460
2308163
2308163
2842460
2607369
2628741
2329534
2436394
2286791
2521881
1611872
1902299
1568307
1655436
1945863
1568307
1553786
1960384
1960384
1713521
1626393
1873256
1757085
1539265
1539265
1858735
1227643
1443617
1466352
1295845
1432250
1386782
1409516
1250377
1352681
1489086
1511820
1284478
1227643
1216276
1375415
1454984
675566
828525
752045
713806
720179
771165
828525
694686
790285
701059
771165
803032
739299
732926
847644
713806
731620
668001
827049
763430
744344
852497
725258
687087
731620
731620
744344
769792
769792
687087
674363
750706
3302903
2842032
3021260
2765221
2739617
2970052
3379714
2995656
2970052
3226091
3123675
3149279
3379714
3226091
2944448
3277299
2727938
2924546
2973698
2727938
2654210
3072002
2727938
2752514
2949122
2924546
2949122
2850818
2973698
3170306
2973698
2875394
354825
397935
368090
348193
351509
364774
371406
414516
414516
394619
444361
387987
414516
437729
391303
447677
326210
292819
318505
315936
339053
285113
310799
333916
331348
297956
269701
326210
269701
313367
313367
290250
905518
946307
987096
1003411
946307
1084990
897360
1068674
1084990
1068674
1052358
1011569
1019727
1036043
929991
1101305
1880793
2089770
1961169
1784342
1977244
2154071
1816493
2137996
2137996
1687891
1880793
2105845
1736117
1687891
2137996
1736117
1800656
1960391
1669963
1713527
1684484
1873263
1539270
1945870
1611877
1582834
1568313
1945870
1844220
1713527
1829698
1945870
2043457
2329923
2539998
2253532
2368118
2138945
2349020
2119848
2368118
2196238
2349020
2444509
2559095
2024359
2005261
2215336
1491653
1690540
1662127
1747365
1846808
1676333
1861014
1889427
1633715
1491653
1718952
1718952
1718952
1761571
1647921
1591096
3089215
3288519
3213780
2665694
2889911
2715520
2740433
2815172
3313432
3313432
3114128
2790259
3014476
2864998
2989563
3089215
1330894
1636145
1294264
1550675
1318684
1501834
1379734
1404154
1636145
1636145
1538465
1611725
1550675
1575095
1514044
1318684
2060787
2518740
2537822
2575984
2385171
2347008
2423333
2270683
2308845
2366089
2060787
2499659
2003543
2347008
2098950
2137113
1508664
1365601
1365601
1664733
1690744
1651727
1703750
1417624
1495658
1378607
1573693
1417624
1391613
1612710
1404618
1599704
2971500
2556872
2879361
2764186
2764186
2672047
2533837
2625977
2441698
2925431
2649012
2533837
2833291
2833291
2533837
2602942
476802
488431
507813
484555
422531
496184
503937
519442
441914
507813
469049
410902
430284
503937
465172
410902
2102068
2281732
2299699
2138001
1958337
1976304
1976304
1976304
2120035
2048169
2425464
2281732
2407497
2138001
2102068
2155968
903582
960500
803974
903582
853778
960500
875122
846663
875122
818204
754170
889352
953385
960500
839548
754170
1827724
1646462
1661567
2008986
2008986
1903250
2039196
1706883
1767303
1918355
1616252
1978775
2039196
1993881
1691777
1782408
348688
348688
289282
328025
328025
281533
281533
304779
299614
273785
307362
328025
322860
278951
315111
346105
3058403
2537342
2877164
2582651
2537342
2854509
2492032
2673271
2899819
2809200
2582651
2673271
2899819
2514687
2559996
2492032
1081118
1220918
1034518
1192958
1109078
1090438
1034518
1109078
1239558
1071798
1230238
1137038
1248878
1090438
1025198
1183638
191788
158869
150282
153144
153144
184632
163163
184632
164594
171751
183201
168888
153144
153144
160301
151713
2052667
2397806
1980006
2397806
2107163
2161658
2234319
2452302
1907346
2052667
2034502
2234319
1961841
2143493
2052667
2143493
2738138
2525696
2667324
2502091
2974184
2549301
3044998
3163021
3021393
2856161
2643719
2903370
3044998
2903370
2738138
2643719
2468107
2386516
2223336
2610890
2733275
2325324
2202938
2366119
2570095
2427312
2651685
2406914
2223336
2406914
2753673
2366119
2633872
2730528
2561380
3141316
2803020
2827184
2730528
2899676
2803020
2996332
2585544
3117152
3068824
2706364
2633872
2585544
2114764
2565130
2388900
2290994
2232251
2153926
2388900
2447643
2095183
2114764
2486806
2467224
2114764
2584711
2604292
2467224
2310571
1866231
2346119
2381666
2061741
2008420
2186156
2008420
2097288
1990646
2168382
2026193
2328345
2008420
1937325
2132835
632107
691536
583484
637510
588886
632107
621302
632107
637510
686134
653718
642912
659120
637510
680731
686134
576491
677910
672572
699262
571153
661897
592504
672572
667235
571153
661897
656559
629869
693924
693924
608518
2348081
2238868
2093250
2184261
2038644
2275272
2147857
2257070
1965835
2348081
2002239
2439092
2257070
2384485
1984037
2402687
2504326
2835086
2598829
2835086
3165846
2835086
2929589
3024092
2740583
3118595
2575203
2858712
2811460
2929589
2693332
2740583
1176375
1369057
1369057
1308210
1115528
1358916
1074964
1156093
1227081
1257505
1287928
1298069
1348775
1287928
1318352
1287928
2012568
2068472
1956663
2478440
2180282
1956663
1993933
2254821
2310726
2385265
2497075
2478440
2143012
2310726
1975298
1956663
1088597
1080350
1096844
1030868
1030868
865929
898917
1088597
997880
1072103
874176
989634
1088597
981387
907164
1063856
2338090
2706123
2338090
2294792
2359739
2792719
2467984
2273143
2381388
2338090
2922613
2532931
2338090
2684474
2749421
2294792
2174492
1991762
1955216
2229312
2174492
1973489
2137946
2357223
2302404
2028308
2412042
2064854
2247585
2046581
2338950
2119673
1185748
1123806
1176899
991073
946829
1150353
1035317
1008771
1008771
973375
1168050
1053015
1079562
1132655
1088411
1061864
2312882
2312882
2502117
2502117
2375960
2607248
2291855
2270829
2418013
2691353
2249803
2691353
2649301
2565196
2375960
2796484
250415
229012
241853
246134
258976
288940
226871
250415
280379
239713
243994
278239
280379
246134
243994
267537
230012
278547
236343
238453
278547
225792
278547
274327
253225
225792
255335
267996
227902
272217
276437
280657
271503
289454
246821
237845
298429
298429
255796
278234
291697
258040
287210
244577
300673
242333
258040
289454
1488965
1558219
1315830
1350457
1315830
1338914
1385084
1558219
1546677
1500508
1408169
1477423
1361999
1327372
1535135
1535135
1080698
902000
1148774
1063680
893491
1131755
1089208
1106227
1140264
1080698
1131755
1097717
1089208
1038151
1123246
970076
1240693
1318935
1173629
1419532
1508951
1419532
1475419
1408354
1464242
1184806
1285403
1486596
1240693
1296580
1508951
1195983
2979334
3497480
2849798
3419758
3160685
2772076
3160685
3316129
2953427
2720262
2875705
3134778
3445665
3497480
3082963
2875705
801295
669739
705618
807275
753457
681699
699638
675719
729538
759437
645820
651800
771396
777376
711598
723558
2698565
2363859
2635807
2447535
2824079
2196506
2656726
2677646
2405697
2782241
2510293
2342940
2405697
2698565
2593969
2635807
1374115
1325040
1361846
1288233
1312771
1435460
1619493
1619493
1484535
1459997
1300502
1533611
1386384
1484535
1582686
1644031
1516047
1503518
1566165
1616282
1691458
1528577
1553635
1628811
1378225
1415813
1353166
1678928
1365695
1428342
1516047
1365695
2922283
2585096
2652533
2652533
2517659
2922283
2967241
2427742
2472701
2517659
2517659
2517659
2495180
2989720
2562617
2585096
142759
137183
122684
122684
127145
118222
137183
129375
130491
133837
146105
141644
138298
132721
147220
143874
979108
1145207
917914
926656
1118981
1031560
996592
979108
1075270
1145207
1005334
970366
1022818
1066528
1110239
987850
1547841
1482805
1677912
1742947
1586862
1703926
1586862
1677912
1573855
1638890
1404763
1547841
1742947
1365742
1404763
1391756
2310927
1882977
2105511
2071275
2276691
2088393
2002803
2173983
2139747
2208219
1814505
2173983
2105511
2293809
1968567
1951449
6559
5474
6658
6017
5227
6362
6460
6460
5425
5622
5425
5721
5721
6559
6658
5375
2501004
2437419
2395029
2691758
2606978
2458614
2734148
2712953
2331444
2522199
2840123
2649368
2818928
2818928
2649368
2797733
134770
140480
131343
143907
125633
121064
139338
130201
134770
142765
147333
154186
142765
147333
141622
134770
511552
511552
415396
461551
419242
515398
419242
415396
419242
473089
450012
469243
496167
500013
461551
438473
2590011
3231348
3182014
3330015
2812012
2812012
2836679
2738012
3157347
3034013
2664012
2861346
2787346
3330015
2960013
3256014
1391426
1152275
1260980
1260980
1228368
1304462
1369685
1456649
1152275
1239239
1217498
1337073
1402297
1424038
1260980
1424038
2437331
2418582
2062357
2231095
2531074
2418582
2118603
2062357
2081105
2268592
2099854
2024859
2249844
2474828
2099854
2306090
1126659
1107881
1042160
1267492
1107881
1211159
1211159
1042160
1032771
1154826
985827
1032771
1032771
1239325
1004604
1060937
2271677
2577113
2042601
2080780
2348036
2309857
2099870
2462575
2080780
2348036
2328947
2577113
2348036
2481664
2042601
2348036
579293
684619
647754
552961
637222
552961
558227
552961
710950
574026
563494
653021
616157
631956
663553
679352
2696118
2549817
2696118
2717018
2633417
2424416
2612517
2508016
2445316
2758818
2717018
2654317
2424416
2549817
2257215
2278115
347276
333495
314202
339007
372081
361056
352788
372081
303177
330739
297665
314202
289396
292152
358300
303177
70846
69731
63594
60805
74751
65268
73078
66384
68057
69173
62479
68615
63037
70846
63037
75309
1829172
1704100
1907341
2001145
1766636
1688466
1751002
1954243
1813538
1922975
1766636
1704100
1735368
1657198
1657198
1969877
527352
589919
540759
580981
598858
589919
580981
603327
473723
482661
585450
594388
496068
478192
496068
491599
1655617
1860737
1816783
1802132
1597011
1743526
1582359
1787480
1567708
1890040
1626314
1933995
1933995
1699571
1684920
1626314
767430
700432
773521
639525
761340
700432
736977
736977
816156
736977
743067
657797
822247
730886
669979
791793
1603810
1678989
1666459
1653929
1340685
1516102
1378274
1616340
1516102
1378274
1415864
1603810
1541161
1541161
1603810
1390804
1334671
1457118
1640788
1310181
1297937
1628543
1542830
1408139
1555075
1530586
1640788
1481607
1297937
1530586
1395894
1420384
2755359
2352136
2777761
2688156
2441741
2934570
2665754
2755359
2665754
2598550
2441741
2844965
3024175
2464143
3024175
2374537
623834
560476
511739
579971
579971
575097
623834
511739
526360
540981
618961
531234
618961
565350
648203
618961
1025241
1110678
1158143
1025241
1120171
1215101
1082199
1034734
1243580
1224594
1167636
1101185
1101185
1196115
1253073
1034734
