1195355
1294054
1381786
1305020
1590151
1480485
1305020
1590151
1305020
1239221
1568218
1469519
1326953
1524351
1272120
1491452
2226323
2323827
1787559
1917563
1966315
2258825
1755058
1722557
1998816
1950064
1820060
1933814
1836311
1722557
1803809
2161321
1157238
1363888
1250231
1198568
1157238
1353556
1136573
1477546
1312226
1126241
1281228
1415551
1198568
1136573
1301893
1095243
386766
393159
460284
389963
393159
405945
437909
338820
402748
396356
370784
441105
396356
421927
402748
402748
2918656
2809751
3114685
2526598
2548379
3092904
2591941
2526598
2657284
2657284
2483036
2613722
2548379
3071123
2570160
3092904
3236493
2801741
2656823
3236493
2874199
3236493
3091576
2729282
3405564
2680976
3067423
3164035
2898352
3429717
3308952
2970811
3448342
2718401
2894593
3649705
2668060
3624534
3347660
3473512
2642889
2743571
2793912
3448342
3246979
3549023
3272149
3624534
1333518
1514334
1299615
1616043
1536935
1570839
1469130
1525635
1469130
1243110
1593441
1322217
1525635
1378722
1559537
1367421
1374670
1240304
1385006
1105938
1312655
1250640
1374670
1364334
1188625
1436685
1291983
1353998
1105938
1467693
1240304
1198960
1263355
1358903
1220889
1337670
1443834
1380135
1433218
1337670
1252738
1327053
1390752
1348286
1263355
1486300
1210273
1167807
2458986
2607373
2289401
2840553
2458986
2480184
2310599
2331797
2967742
3052535
2374193
2543779
2501382
2988940
2543779
2416590
960164
1052006
993561
1110451
968514
1127150
876672
1077054
943466
1035308
960164
1168896
985212
1202293
1143848
960164
3002865
2960271
2960271
2576927
2257473
2513036
3045459
2534333
2896381
2321364
2662115
2938974
2555630
2278770
2875084
2534333
1390350
1289600
1450800
1178775
1350050
1279525
1057875
1279525
1067950
1118325
1128400
1239225
1309750
1380275
1289600
1309750
1357324
1081777
1214448
1398146
1306297
1275681
1122599
1183832
1265475
1347119
1265475
1367530
1173626
1438968
1387941
1438968
2490410
2722566
2574830
2384884
2659251
2849197
2933618
2216042
2701461
2870303
3018039
2680356
2659251
2870303
2933618
2511515
820715
631319
809237
677233
631319
631319
746105
705930
688712
763322
694451
769062
717408
705930
792019
820715
374328
466209
370925
398149
387940
387940
476418
459403
466209
445791
364119
425373
466209
364119
391343
469612
168744
156691
163387
182136
143298
148655
170083
194189
175440
154012
175440
192850
172761
144637
166065
149994
2336325
2044284
2372830
2409335
1971274
2500597
2482345
2044284
2628365
2007779
2318072
2409335
2062537
2573608
2299820
2610113
760218
610478
673829
627756
645033
771736
760218
737181
627756
760218
685348
806292
645033
604719
604719
789014
660181
695234
817923
759500
771184
806238
800396
736131
613442
829608
806238
677707
695234
794554
736131
625127
2892018
2753201
2799474
3331605
2892018
3308469
3053971
2776338
3354741
2498704
2429295
2961427
2799474
2498704
3007699
2452431
8594
7696
6862
6734
8081
6798
7760
6798
7632
8851
7760
7889
8017
6991
8338
8530
957509
911178
1003840
957509
880290
857125
864847
810794
918900
1042449
1096502
810794
1111946
841681
1050171
911178
3026038
2363402
2871423
2319226
3048126
2562192
3026038
2959774
3202741
2981862
3158565
2760983
2407577
2760983
3026038
2760983
192421
193890
167451
165982
195359
190953
155700
176264
164513
154231
183608
155700
208579
167451
208579
199766
114660
117550
128149
104061
101170
132967
138748
136821
117550
131040
113696
106951
127185
132003
138748
102134
2621383
2838189
2700222
2857899
2365158
2857899
2562254
2581964
2168061
2187771
2542544
2168061
2641093
2463706
2700222
2148351
548124
523397
585216
440972
465700
581094
576973
548124
486306
465700
494548
572852
449215
589337
556367
560488
2422316
3066786
3066786
2866778
2822332
2577878
2488986
3111232
3200124
3111232
2400093
2466762
2644547
2688993
2911224
3133455
1358931
1451062
1232251
1324382
1428029
1266800
1474095
1289833
1566226
1589259
1358931
1520160
1324382
1416513
1646840
1232251
3563219
2794179
2922352
3255603
3435045
3640123
3127429
2742909
3537584
3614488
3511949
3229968
3486315
2794179
3127429
3306872
1166189
1353613
1114127
1291138
1353613
1239076
1166189
1426500
1488974
1280726
1343200
1239076
1166189
1478562
1239076
1187014
1361487
1237715
1293975
1519014
1597778
1552770
1530266
1485258
1406495
1203959
1462754
1181455
1485258
1226463
1248967
1226463
1709687
1951624
1838720
1951624
1790333
1693558
2032270
2274207
2096786
1741946
2274207
1758075
1838720
1935495
1983882
2129045
120311
105272
98195
117657
120311
107041
120311
128272
123849
92887
100848
114118
119426
120311
115887
115003
3015582
2516451
2703625
2973988
2183697
2578842
2807611
2870002
2599640
2745219
2662031
2516451
2599640
2973988
2308480
2225291
1088618
861822
1013019
922301
861822
960100
1058379
1081058
824023
975220
793784
1073498
1005460
952541
1005460
937421
2767067
2786832
2846126
2688008
2608949
2688008
2114830
2569420
2806597
2272948
2727538
2272948
2213654
2450831
2391537
2786832
582576
591751
600925
610100
518355
513768
596338
637623
660559
610100
610100
642210
536704
500006
600925
596338
1757879
1872212
1929379
1815045
2058004
1800754
1557795
1815045
1672128
1586378
1872212
1843629
1929379
1586378
1800754
1900796
1428040
1487542
1618446
1261436
1368539
1582745
1511343
1320937
1594645
1487542
1261436
1404240
1570844
1642246
1677947
1297137
895190
661936
737586
668240
844757
907799
781715
756499
731282
851061
680849
737586
844757
687153
876278
756499
2243350
2422818
2440764
2566392
2368977
1884414
2458711
2386924
1992094
2279243
2404871
2225403
2207456
1938254
2368977
2117722
1004958
1004958
1349515
1378228
1320802
1263375
1205949
1043242
1378228
1062384
1167665
1282518
1138952
1071955
1301660
1052813
1890366
2089352
1857201
2023023
1906948
2155680
2255173
2023023
1973277
2338084
2354666
2255173
2387831
2122516
2338084
2172262
3150292
3075875
3348735
2703794
3571984
3051070
3125486
3299124
3497568
3249513
3547179
2852626
2951848
2951848
3571984
3299124
310311
312941
291903
362906
362906
299792
347128
326090
362906
310311
284014
320830
355017
326090
362906
305052
1042380
952390
907395
937392
884898
922394
862401
1087375
967389
862401
907395
974888
997385
959889
1049879
794908
1866045
1672529
1783110
1769287
1603416
1644884
1907513
1866045
1713997
1713997
1451368
1962803
1824577
1644884
1796932
1921335
1838686
1679950
1507987
1679950
1402163
1799002
1759318
1759318
1785774
1534443
1627039
1719634
1904826
1904826
1587355
1799002
1245245
1040802
1189488
1003631
1301003
1273124
1319588
1031509
1189488
1245245
1226660
1189488
1031509
1291710
1291710
1124438
2430021
2039179
2396035
2175124
1954213
1801274
2447015
2175124
2362049
2039179
1971206
2311069
1903233
1818268
2294076
2039179
3244865
2518742
2722964
2654890
2745655
2700273
2564124
3131409
2564124
2859112
2496050
3131409
3176791
2927186
2382593
3199483
3457224
3482645
3533487
2847126
2720022
3075913
3330120
2872547
3279279
3457224
2948809
3406383
3177596
2745443
2923388
2897967
3024814
2772746
3503743
3478537
2848367
3503743
3050021
3428123
3478537
2949194
3075228
3201262
3302089
2974401
3226469
3176055
1208903
1154773
1073578
1082600
1226947
1308142
1037492
1046513
1290098
1190860
1244990
1308142
1055535
1308142
1010427
1254012
1281876
1304767
1361994
1659572
1636682
1613791
1373439
1602346
1625236
1201759
1648127
1602346
1545119
1556564
1625236
1213204
2882210
2708283
2733130
3254909
3205216
3379143
3130676
3553069
3577916
3056136
3006443
3602762
3031290
3329449
3130676
3031290
1815105
2385567
1970686
2472000
1987972
2039832
2420140
2402854
2178126
2247273
1987972
1970686
1953399
2057119
2281847
1970686
770117
625022
641764
781278
719892
630603
652925
703150
731053
647344
664086
703150
786858
731053
736633
602700
3060173
2493474
2992169
3264184
2810825
2742821
2856161
2856161
3082841
2493474
2674818
3150845
2380134
2584146
2878829
3150845
3421153
3396181
3296293
3171433
2746911
2921714
3570984
3196405
3346237
3421153
3471096
3271321
2921714
3321265
2746911
3421153
2021803
2037722
2308357
1703408
2005883
1958124
1814846
2117321
1910365
1751168
1798927
1814846
1719328
1862606
1958124
1783007
2582586
3153955
2856843
3016827
3085391
2628296
2399748
3039681
3131100
3085391
2742570
3313938
2993972
2811134
2879698
2788279
13066
17105
15205
14254
16036
13423
16630
14848
16630
16511
15205
14136
16630
13542
15680
16155
906982
967448
846517
808726
884308
967448
1095937
1073262
1035472
1095937
1050588
1058146
876750
1020355
823842
1065704
2777630
2866514
2910956
3110945
2622082
3155387
2422093
2533198
2533198
2510977
3177608
2822072
3177608
2710966
2555419
3155387
1355850
1156739
1223109
1137776
1251554
1175702
1166220
1374813
1099850
1090369
1118813
1289479
1052443
1156739
995554
1147257
2417725
2417725
2887839
2552043
2507271
2775907
2708748
2686362
2843066
2686362
2574430
2507271
2596816
3089316
2708748
2372953
3209300
2877304
3076502
2412508
3010102
2655973
2965836
2943703
2744505
2633840
3076502
3076502
3076502
2545307
2678106
2788771
934046
993485
1103872
1044433
1214260
959520
1205768
968011
1205768
959520
1222751
1035942
993485
1112364
1214260
993485
3107640
3229032
3471816
3059083
3350424
2743463
2840577
3423260
2986248
2913412
2743463
3156197
2816299
3180475
2937691
3301867
542070
556721
546954
590905
605556
634857
546954
556721
605556
708110
571371
659275
708110
532303
678809
590905
1309196
1278025
1267634
1111778
1465053
1433882
1174120
1485834
1433882
1194901
1361148
1444272
1184511
1142949
1506615
1246854
1010051
898648
972917
802099
816953
839234
920929
913502
943209
1076893
906075
898648
824380
943209
898648
1054612
2905307
3200762
3323868
3446975
3028413
3077656
3446975
2806822
3274626
2634473
3053035
2905307
2732958
3126898
3373111
3200762
1262593
1061310
1262593
1043012
1152802
1052161
1207698
1262593
1207698
1097907
1180250
1143653
1024713
1116206
1262593
1052161
2755420
2901541
2609300
2755420
2254435
2233560
2484053
2504928
2880667
2651048
2525802
2609300
2504928
2546676
2567551
2567551
1642728
1552094
1461461
1518107
1450132
1189561
1608740
1438803
1314182
1325511
1427474
1631399
1495449
1518107
1518107
1257536
3009508
2573347
2965892
2704195
3118548
2333459
2398883
2595155
2747811
2791427
3162164
2616963
2987700
3118548
2573347
3053124
593660
573364
547994
568290
725584
674844
705288
547994
669770
598734
624104
542920
547994
725584
639326
674844
1381448
1156561
1177979
1231523
1199396
1499246
1145852
1477828
1156561
1242232
1252941
1124434
1285068
1274359
1167270
1177979
1633245
2203341
1864365
1664061
1741101
2141709
1987629
1694877
2234157
1972221
2218749
1910589
1802733
1756509
2049261
1941405
1339509
1532591
1436050
1327441
1737741
1423982
1653268
1327441
1689471
1472253
1339509
1604997
1303306
1701538
1472253
1423982
462423
419788
364035
439466
446025
449305
390272
419788
350917
360756
419788
449305
472262
436186
439466
367315
676860
682695
735210
700200
805229
764385
700200
776055
799395
636015
665190
840240
735210
840240
612675
688530
106001
106001
113068
142345
127202
143354
122154
125182
121144
142345
138306
114078
116097
140326
141335
118116
558320
509770
529190
655419
694259
679694
587450
665129
611724
631144
597160
631144
538900
587450
606870
655419
1961608
2213558
2591483
2537493
2249551
2519497
2357529
2429515
1889623
2411518
1907619
2465508
1961608
2357529
2177565
2087583
2809036
2963662
2912120
2886349
3375998
3066746
3479082
2937891
3375998
2989433
3504853
3350227
2783265
3040975
3144059
3144059
554237
504201
477259
534992
538841
473411
519597
454166
423375
431073
554237
404131
484957
546539
558086
542690
1787289
1979766
1553566
1759792
1484825
1471076
1443579
1993515
1911024
1704799
1759792
1553566
1677302
1484825
1842282
1581063
1434119
1332408
1464632
1332408
1251040
1220527
1281553
1403606
1301895
1423948
1179842
1373093
1291724
1240869
1342579
1261211
1950298
1862447
1897588
2266563
2196282
2213852
2301704
2424695
1897588
2284133
2073290
2477406
2178712
2231423
1950298
1985439
79322
78574
102521
87554
95037
98031
107011
107759
105514
89799
89799
104766
86057
95037
96534
82316
2757882
2333592
2460879
3033670
2863954
2842740
2885169
3012456
2885169
2566952
2821525
3054885
2418450
2397236
2439665
2970027
1322560
1142211
1252425
1052037
1422754
1442793
1342599
1122172
1182289
1302522
1342599
1152231
1392696
1282483
1142211
1342599
636837
574489
516595
472061
525502
610117
489875
547769
467608
565583
570036
494328
521048
507688
516595
512142
2186216
2269500
2665102
2394427
2644280
2727565
2873313
2331964
2290322
2831670
2207037
2477712
2623459
2415248
2436069
2519354
2558262
2762923
2742457
2967584
2783389
2517330
2640126
2947118
2681059
2783389
2742457
2783389
2435465
2251271
2742457
2374067
2263808
2366709
2181488
2181488
2840051
2593090
2160908
2407869
2963531
2366709
2304968
2634250
2654830
2572510
2407869
2798890
2936754
2564489
2316313
2564489
2523127
2357676
2667896
2895391
2295632
2667896
2564489
2543808
2233587
2316313
2916073
2833347
288789
290882
228102
278326
255306
244843
240658
242750
259492
238565
255306
276233
228102
272048
221824
290882
3168884
2906993
2749858
3666478
3011749
3561721
3221262
3090317
3404586
3273641
2854615
2776047
3037939
2802236
2828426
3561721
2032931
2051246
2637316
2637316
2252708
2545743
2289337
2582372
2344281
2527428
1923043
2032931
2106190
2637316
2655631
1996302
341131
366877
428023
354004
392622
354004
357222
450550
386186
389404
405495
456987
437677
447332
341131
370095
2204531
2492079
2127852
2415399
2262041
2185361
2032003
2051172
2204531
2147022
2147022
2166191
2242871
2242871
2012833
2357890
1082021
1174766
1236596
1267511
1154156
1339646
1483915
1246901
1236596
1154156
1226291
1092326
1164461
1319036
1246901
1422085
558584
718179
723167
703217
598483
643369
698230
633394
613445
588508
643369
713192
693243
623420
528660
693243
1255545
965804
983364
1167745
1079944
1097505
1264325
1141405
939464
1079944
1053604
965804
939464
1176525
921904
1264325
648154
737737
563841
569111
690311
616537
605998
627076
574380
711389
721928
764084
611267
716658
743006
669232
2538517
2654963
2911143
3027589
2887854
3353637
2561806
2445360
2701541
3167324
2538517
2724830
2864565
3237191
3213902
3097456
1171258
1212355
1150710
1119887
1458936
1407565
1376742
1489759
1150710
1438388
1089065
1458936
1417839
1469210
1315097
1243178
2106529
2336654
2354356
2283548
2336654
2478270
2141933
2106529
2106529
2071125
2531375
2318952
2301250
2336654
2301250
1947212
3000971
2642646
3202529
3112948
2373902
2553065
2351507
3224924
2777018
2620251
2799413
3000971
2620251
2597855
2351507
3247319
3181351
3156301
3156301
2955901
3582151
3557101
3106201
3481951
3031051
2780551
3256501
3131251
3306601
2880751
3431851
3231451
283632
351287
291438
291438
364298
283632
327868
369502
288836
312255
327868
348685
351287
325266
325266
366900
2488698
2972611
3087829
2926524
3295220
2488698
2511741
2696089
2580872
2811307
3110872
2834350
2926524
2488698
2580872
2765220
608194
656634
662016
715839
764279
758897
640487
581283
731985
742750
694310
586665
635105
565136
769661
699692
436343
469151
442905
429782
436343
351043
403535
475713
390412
370728
410097
426501
347762
370728
344481
354324
557379
548089
510931
571314
599183
589893
515576
571314
613117
575958
627052
520220
627052
506286
608472
585248
2555552
2757306
2757306
2622804
3093563
3071146
2600387
3228066
2398632
2398632
2712472
2421050
2891809
2936644
2667638
3183232
137899
147671
129212
131384
124869
138984
121611
120526
138984
136813
150928
130298
127040
124869
141156
133555
2693574
2443457
2251058
2251058
2097140
2578135
2058660
2077900
2789773
2289538
2635855
2443457
2366497
2154859
2231819
2020181
2650661
2899869
2378799
2945179
2763938
3239697
2378799
2695972
2560040
2469420
2718627
2695972
2831903
2582696
3239697
2514730
1774990
1582356
1719952
1967625
1857548
1541077
1568596
1816269
1651154
1692433
1664914
1527317
1637394
1486038
1995144
1541077
554442
509729
621512
576798
554442
487372
527614
648339
608098
496315
473958
527614
603626
473958
617040
505258
1692330
1516327
1719407
1570482
1814177
1814177
1543404
1732945
1787100
1922486
1421557
1949564
1719407
1570482
1584020
1651714
1092900
1068791
996467
1068791
1068791
996467
1108972
891999
1068791
1117008
1084864
980395
1004503
996467
980395
1028611
455654
538144
506719
549928
416374
498863
494935
424230
479223
467439
420302
436014
561712
491007
510647
475295
1897547
2323165
1915281
2394102
2145824
2518240
1986218
2305431
2571443
2039420
2376368
1968483
2323165
2535974
2323165
2376368
1543178
1990267
2004689
1615289
1932578
1932578
1846045
1802778
1817200
2076801
1600867
1918156
1644134
1600867
1701823
1860467
842761
920554
823313
803864
823313
823313
700140
752002
790899
745519
862209
713105
810347
888140
901106
927037
1254960
1291074
1038276
1218846
1245931
1218846
1263988
975076
1173703
975076
957019
1309131
1300102
957019
1254960
1263988
1100921
839163
846862
816067
931548
954645
1062427
1085523
831465
854561
977741
1031632
885356
1116318
846862
877657
35297
35297
36916
46307
35945
35621
36268
38211
46631
44688
43393
37564
40478
37240
36592
42421
548086
627048
636337
510928
548086
492348
627048
627048
529507
659561
557376
664206
571310
501638
571310
548086
2099857
2718565
2587324
2437334
2718565
1987365
2287345
2568576
2662319
2512329
2193601
2474832
2306093
2099857
2531078
2287345
716742
822695
785300
897485
853857
891253
698044
722974
716742
722974
779067
828927
704277
766602
872555
729207
1649513
1680345
1680345
1726593
1788257
1819089
1742009
2127409
1988665
2034913
2034913
2081161
1757425
2173657
1819089
1942417
2337488
1827192
2321027
1777808
2205799
1744886
2139954
1794269
2024726
2271644
2304566
1827192
2057648
2172877
1925959
2205799
2139073
2061989
2485949
2563033
2524491
2601575
2158344
2158344
2042718
2158344
2543762
2293240
2775013
2100531
2158344
2042718
1662566
1830111
1752782
1379027
1559461
1546573
1752782
1830111
1572349
1855887
1469244
1572349
1546573
1791447
1533685
1598125
1388195
1058624
1328273
1278338
1098572
1148507
1128533
1418156
1358234
1078598
1408169
1378208
1288325
1098572
1358234
1078598
2670422
2496264
2651071
2786528
2515615
2418861
2341457
2089896
2805879
2031843
2554317
2147948
2631721
2380159
2109247
2360808
9325
8255
10090
9631
10090
10242
8790
9402
9937
8331
8026
10319
10319
9249
10395
9402
3074752
3343183
2903933
2952738
3172364
3318780
3147961
2855127
3391989
2879530
2684308
3147961
2806322
2659905
3099155
2757516
747472
844366
927419
927419
975866
962024
941261
982787
941261
768235
927419
962024
858208
830524
906656
788998
102570
93113
81474
100388
90203
104025
104025
100388
90931
98933
103297
98205
93841
82929
92386
97478
2912505
3134645
3159328
3159328
2739729
2641000
3035916
3258057
3578926
2838458
2641000
3035916
2912505
3085281
2739729
3085281
2027462
1815638
1618944
1921550
2057723
1770247
2027462
1997202
2148505
2163635
1921550
1830768
2178766
1679465
1618944
1845899
1632371
1593194
1645430
1893550
1410368
1436486
1488722
1854373
1802137
1436486
1410368
1475663
1828255
1514840
1658489
1371191
3628873
2964432
3475541
3475541
3552207
3117764
3296653
3245542
3296653
3628873
3679984
2708877
2938876
3552207
2887765
3271097
109546
94013
99736
91561
111181
112816
110363
117721
104641
115268
107911
96466
89108
96466
95648
96466
3298059
2667548
3516313
3031305
2740299
2788800
2982804
3370811
3516313
2570546
2982804
2885802
3346560
2837301
2982804
2619047
441851
577192
469715
549328
513502
569231
453792
565250
497580
549328
549328
489618
421947
573212
445831
525444
505484
582592
505484
556890
574025
565457
616862
458363
479782
582592
544038
582592
462647
484066
608295
514052
2075574
1681669
1787721
1757420
1666519
2090724
1651369
1605919
1833171
1969523
1969523
1924072
2181625
2166475
2045274
1742270
3062844
3086772
2943201
3373914
3134629
2967130
2608203
3254271
2895344
2703917
2871416
2775702
2967130
2799630
2823559
3062844
243226
266903
234617
297038
275513
284123
288428
232464
271208
275513
273361
301343
284123
264751
230312
245379
1634921
1240685
1600136
1588541
1565350
1518969
1321851
1437803
1310256
1611731
1298661
1518969
1681302
1518969
1669707
1565350
2180322
2616386
2794776
2180322
2794776
2319069
2319069
2101037
2219964
2755134
2735313
2616386
2556923
2319069
2140679
2200143
1098838
1177326
1212210
1020349
1107559
1072675
1194768
985466
1212210
1011629
959303
1090117
1264536
1029070
1002908
1072675
2452478
3111013
2656851
2793099
2429769
3133721
2520602
2566018
3065597
2793099
2679559
2906640
3247262
2815808
2634143
2861224
773505
1031340
913473
1031340
773505
854539
1009240
913473
913473
942940
935573
1009240
972407
795605
825072
1046074
1533141
1205366
1406260
1226513
1110205
1522568
1469701
1469701
1533141
1374540
1184219
1332247
1194793
1120779
1437981
1237086
176686
167658
183134
141864
174106
167658
150892
140575
176686
187003
175396
152182
157340
177975
152182
183134
1217149
1321748
1103041
1369293
1065005
1179113
1378802
1141077
1321748
1350275
1245676
1131568
1103041
1264694
1321748
1293221
2029073
1743735
1822996
2219299
1791291
1965665
1886404
2124186
2235151
2298560
1791291
1807143
2171743
2219299
2076630
1743735
875497
1084332
843369
851401
955818
939754
859433
979914
1116460
867465
1076300
851401
995979
1140556
1052203
987947
635580
635580
602705
794475
712288
701329
712288
575309
591747
767079
613663
695850
767079
717767
624621
586267
2800668
2753199
2587058
2539589
2848137
3299092
2895606
3204154
2681996
2610792
3251623
2848137
3275358
2966810
2800668
2681996
1586314
1775507
1702740
1629974
1848274
1615420
1964700
1964700
1600867
2110234
1906487
1804614
1833720
1804614
2008360
1862827
2258221
2380287
2502353
2380287
2563386
2888896
2197188
2644764
2624419
2298910
2380287
2624419
2136155
2441320
2726141
2176844
396821
408755
337149
355050
414723
393837
393837
405772
405772
414723
378919
334165
355050
325214
343116
355050
285704
306609
327514
262476
313578
283381
297318
311255
274090
264799
334483
311255
283381
336806
260153
299641
3076093
3457427
3533694
3254049
3101515
2847293
3381160
3355738
3304893
3076093
2694759
3635383
3101515
3228627
2923559
3101515
1549966
1521784
1803596
1662690
1648600
1507694
1634509
1719053
1747234
1972683
1761325
1944502
1606328
1859959
1888140
1690872
514964
566460
557878
476342
592209
519255
506381
600791
523547
605083
566460
514964
540712
545003
545003
497798
72085
66862
69996
67906
71563
55370
72085
59026
55370
69996
57459
57981
68951
75742
68429
61116
789575
673624
618409
773011
795097
701231
585280
706753
712274
701231
679145
701231
701231
701231
767489
795097
2598718
2892486
2440535
2666510
2508328
3095864
2463132
3276644
3005474
2779498
3005474
3208852
3208852
2598718
3163657
2395340
3281551
3449221
3018069
2586916
2754586
3449221
3137833
3353410
3018069
3161786
2994116
3209692
3209692
2562963
2946210
3113880
2640078
2858266
2312795
3032817
2443708
2443708
2443708
2596440
2880085
2443708
2465527
2509165
3010998
2378252
3054636
2290977
772640
838524
862482
652851
694777
772640
712745
664830
646861
742693
694777
694777
724724
682798
724724
838524
1423067
1748684
1386887
1543665
1543665
1652204
1302468
1338647
1447186
1266288
1712504
1736624
1266288
1700444
1567785
1736624
1714659
1682906
2238583
2302089
2159201
2032189
2127448
1714659
2000436
2238583
2095695
1857548
2222707
2127448
1714659
2127448
2554748
2478487
2306900
2573814
2726336
2478487
2478487
2688205
2669140
2631010
2650075
2611944
2669140
2669140
2631010
2135312
1086497
1141743
1270650
1160158
1178574
1325895
1114120
1298273
1233819
1012837
1233819
1132536
1215404
1031252
1169366
985214
2355112
2149507
2448569
2485952
2635483
2112124
2523334
2411186
2411186
2224273
2448569
2186890
2542026
2355112
2093433
2355112
403576
420116
373803
413500
426732
406884
406884
413500
387036
446580
393652
406884
459812
347340
433348
396960
2405043
2570908
2508708
2881905
2798972
2425776
2342843
2944104
2405043
2819705
2757506
2985570
2259911
3006303
2176978
2384309
2130224
2287372
2357216
1920694
2077842
2042920
2461981
2200068
1903233
2077842
2007998
1850851
1973077
2322294
2322294
2322294
1131015
1078814
1035314
957013
1035314
1087515
1252817
913512
913512
1035314
922212
1139715
1183216
991813
1148415
1104915
2558229
2390170
1960687
2222111
2651595
2707615
2091399
2259458
2222111
2539556
2128745
2278131
2576902
2670269
2446190
2334151
1447435
1484234
1668230
1594632
1705029
1570099
1717296
1655964
1459701
1312504
1447435
1655964
1655964
1705029
1655964
1705029
1509666
1683858
1393538
1381925
1521279
1300635
1474828
1463215
1521279
1405151
1347087
1672246
1242571
1277410
1463215
1567730
697038
648027
751494
577234
702483
615353
620799
648027
653473
691592
577234
577234
691592
631690
735157
735157
1258626
1223664
952710
1179962
1022633
1267366
1267366
1005152
1031374
978931
1057595
1075076
1075076
1092557
1153740
1179962
2466443
2081061
2601327
2697672
2061792
2736210
2215945
2427905
2601327
2042523
2138868
2562788
2736210
2350828
2736210
2254483
815283
742371
762256
914708
901451
795398
702601
821911
868309
961106
808655
775513
775513
934593
835168
841796
1601054
1825501
1601054
1601054
1930243
1630981
1690833
1810538
2079875
1735723
1855428
1870391
1765649
2124764
1900317
2154690
949395
1225583
966657
1156536
1122013
1242845
1078858
1122013
1113382
983919
983919
1242845
983919
1191060
992550
923503
1166849
1188064
1453257
1379003
1198672
1432042
1442649
1506296
1198672
1453257
1241103
1241103
1506296
1463865
1347180
1538119
1884569
2061247
2134864
1634275
1825676
1590105
1575382
2120140
2031801
2017078
1693167
2134864
2046524
1972908
2002355
1810953
879048
924293
691604
898439
924293
833803
827339
911366
678676
807948
911366
891975
924293
814412
898439
723922
41060
44344
45658
37118
45658
44673
44016
41060
37775
37446
40403
44344
42373
40074
47301
45987
2265488
1836418
2042372
2179674
2128185
2299813
1956558
2488604
2385627
1819255
2213999
2196837
2419953
2471441
1836418
2454278
785762
675173
733377
820684
715916
733377
640250
838146
646071
814864
727557
628609
669352
628609
733377
704275
689286
744675
738520
713903
849298
738520
658514
873916
880070
787755
843144
787755
732366
689286
880070
713903
294392
267815
222838
294392
280081
263726
263726
218749
261681
261681
263726
233060
253504
286214
267815
290303
2376843
2355622
2355622
2398065
2780058
2631505
2992276
2716392
2843723
2758836
3034720
2313178
2228291
2631505
3034720
2504174
3098060
3255589
3150570
3203079
3439372
3098060
2783003
3439372
3150570
3701919
2993041
2940532
3465627
3754429
3596900
3439372
2790484
3189125
3313700
3363530
3438275
3114380
3513020
2890144
3214040
2665909
3388445
2815399
3039634
3612680
3139295
3513020
2319610
2216056
2858091
2650983
2340321
2671694
2692405
2671694
2588851
2547429
2588851
2361032
2816670
2298899
2423164
2940935
901828
1041135
1019139
945820
835841
938488
887164
777185
953152
828509
894496
938488
938488
894496
916492
901828
1887871
2022719
2052686
1917838
2112618
1887871
1887871
1932821
1902854
1693091
1812956
2157567
1962787
1917838
1977770
1573226
3593122
3593122
2694841
3618074
3019221
3343600
3218838
3343600
3044173
2644937
3518265
2994268
3518265
3318647
2844555
3268743
522305
614748
596259
577771
573149
582393
526927
485327
633237
545416
647103
522305
545416
563904
563904
499194
1206993
1129400
1034565
1120779
1051808
913866
1051808
1043186
1129400
1094915
1103536
1189750
1069051
1129400
1094915
905244
2794983
2165127
2283225
2814666
2204493
2184810
2696568
2657202
2637519
2106078
2755617
2263542
2539104
2165127
2755617
2381640
2472016
2560303
2957591
2626518
2935520
3156235
2825162
2803090
3090021
2560303
2714804
2869305
3045878
3045878
2626518
3134164
2080727
2358157
2338341
2457239
2516689
2338341
2397790
2397790
2338341
2853568
2556322
2833752
2239258
2576138
2219442
2536505
1390409
1346617
1302825
1477994
1412306
1368513
1532735
1423254
1587475
1401358
1510839
1543683
1171447
1313773
1204292
1456098
2457457
3089375
3089375
2995758
2878736
3229801
2551075
3019162
2738310
3253206
2948949
2504266
3182992
3182992
2597883
3159588
2032135
2066872
1962660
2518458
1841080
2205822
2275297
2310034
2292665
2431615
2223191
1997398
2379509
1910554
2344771
2084241
2172652
2004084
2022814
2041543
2359949
2678355
2622166
2153922
2341220
2228841
2153922
2097733
2697085
2397409
2341220
2697085
14804
16554
19111
19380
18977
16958
16554
18035
18573
16016
16419
17092
15074
14266
18842
18573
1389472
1509254
1389472
1581123
1509254
1533210
1605080
1281668
1425406
1664971
1712884
1509254
1365515
1605080
1437385
1461341
933823
933823
1117253
1200630
1025538
1033876
1092240
1008862
1108915
917148
1025538
908810
992187
883797
875459
1158941
1096770
1130779
943733
1130779
1011749
1037256
1028754
1190294
1139281
909724
1173289
1011749
1147783
935231
1147783
1088268
2472529
2262993
2556344
2891602
2451575
2493483
2828741
2514436
2891602
2849695
2451575
2933509
2619205
2682065
2346807
2682065
1777445
1735458
1525523
1805436
2029366
1959388
2015370
1735458
1749453
1791440
2015370
1567510
1609497
1651484
1539519
1469541
906783
931514
1162332
1104627
1162332
1104627
882053
1079897
865566
1071653
956244
1046923
989218
1096384
898540
1145845
1436997
1342768
1672571
1389883
1378104
1601899
1378104
1578341
1590120
1590120
1543005
1307432
1495891
1401661
1590120
1484112
3092816
3832977
3436462
3727240
2907776
3595068
2907776
3119250
3251422
2960644
3700806
2881341
3489331
3304291
2907776
3515765
1646730
1850611
1646730
2054492
1960393
2242690
1678097
2164274
1866294
2054492
2101542
2117225
1866294
1897661
1960393
2023126
827412
827412
693753
821047
910153
693753
700118
795588
814682
846506
795588
706482
763765
846506
712847
674659
3029647
2958640
2863963
3266338
2840294
2958640
2911301
3432022
2579934
3361015
2887632
3171662
2485257
2508926
2698279
2508926
534807
462741
443776
534807
546186
398260
496877
462741
455155
481705
493084
417225
421018
519635
451362
439983
2013763
1528175
1542457
2028045
1856661
2056609
1542457
1742405
1542457
1942353
1742405
1999481
1870943
1513893
1756687
1942353
3060988
3753037
3353778
3699803
3087605
3619951
2848050
3540099
3407013
3619951
3220692
2821432
3486864
3619951
3167457
3513482
711137
721224
585049
554788
549744
731311
569918
711137
665745
650615
650615
721224
665745
660702
690963
559831
1245792
1075911
1292981
1179727
1340170
1094787
1075911
1321294
1141976
1085349
1047598
1000408
1292981
1292981
990971
1226916
527767
523738
547911
479422
531796
471364
491508
503595
479422
483451
483451
539853
564026
584170
435106
584170
3029111
3426371
2830480
2880138
3103597
3451200
2681508
3600173
2681508
3327056
3103597
2706337
2805652
2755994
2631850
2954624
2286031
2138545
2470389
2599439
2138545
2249160
2101674
2046367
2267596
2304467
2507260
1972624
2286031
2451953
2378210
2451953
2016015
2052339
2506397
2451910
2506397
1925203
1997853
2342936
2070502
2470072
2560884
2016015
2306612
1943366
2106826
2215800
2693677
3289623
2574487
3456488
2812866
3218109
2812866
3456488
3051244
2646001
3194271
2741352
2741352
3432650
3408812
3289623
347134
317067
325267
360800
287000
322534
317067
385400
363534
352600
388134
360800
360800
341667
390867
390867
2161775
2283810
2336111
2510448
1830535
2423280
2109474
2004872
1900270
1900270
2144341
2283810
1917703
2388412
2458147
2370979
208707
161208
165526
189995
207267
171283
204389
177041
197192
198631
166965
177041
184238
165526
162647
200071
1085209
1085209
1140256
920069
1132392
888613
912205
990843
825703
865022
872886
880750
841430
1124529
1030163
990843
3437948
3089171
3512686
2715481
2790219
3213734
2790219
3138996
3587424
3313385
2939695
3138996
2665655
2889869
3388123
3587424
1720390
1966160
1864960
1937246
1879417
1677018
1922788
2081816
2081816
1561362
1763761
2052902
1590276
1879417
1691476
1864960
2129493
2033426
2097471
2161516
1873313
2321628
1889325
1937358
2081459
1969381
1841291
2001403
1841291
1745224
1905336
2241572
2901976
2797589
2400915
2484426
2714078
2672323
2567936
2380038
2380038
2254773
2901976
2547058
2505303
2734956
2421793
2672323
2389563
2291631
2800882
2232871
2193698
2232871
2683362
2311217
2369977
2076178
2702949
2546256
2663776
2311217
2213284
2409150
1484329
1163970
1366864
1281435
1409579
1163970
1313471
1249399
1185327
1537722
1238721
1377543
1388221
1548401
1281435
1292114
868667
749575
994763
826634
959737
952731
805618
1015780
756581
973747
868667
861661
931715
973747
917704
924710
1847410
1994030
1730114
1818086
1818086
2125988
1891396
1803424
1759438
1847410
1656804
1744776
1568832
1950044
1979368
1715452
1319523
1040751
1310231
1022166
1189429
1180137
1180137
1217307
1012873
1096505
1152260
1161552
984996
1245184
994288
1124382
492059
536791
484603
533063
488331
518153
540519
488331
484603
424960
428687
514425
529336
395138
451054
413776
1193222
1047485
1011051
1284308
1111245
1138571
974616
1093028
1284308
1120354
1202331
1266091
1038376
1211439
1102136
1229656
524470
567460
580356
485780
537367
580356
597552
507274
494378
533068
494378
511573
545965
597552
606150
502975
2600730
2705598
2978255
2642677
2747545
2663651
2244178
2202231
2390993
2705598
2810466
2978255
2663651
2579756
2265152
2202231
1952029
1755422
1895856
1895856
1657118
2008203
1853726
1797552
1586901
1586901
1966073
1572858
1699248
1853726
1600945
1558815
761667
673540
673540
667245
874973
705014
698719
742782
799435
736488
805730
698719
673540
912741
780551
843499
2041329
2078110
1967768
2482698
2537869
2409137
2114891
2335575
2556260
2262014
2519479
2317185
2133281
2556260
2170062
1967768
1707479
1842280
1977081
1932147
1647567
1692501
1737435
2156816
1887214
1992059
1857258
1587656
1707479
2126860
1992059
1917169
2469612
2703799
2341873
2384453
2341873
2384453
2597350
2810248
2682509
2490901
2597350
2320583
2639930
2512191
2767668
3044435
3615213
2938986
3745257
3173065
2756925
3277099
3329117
2808942
2782934
3407143
3615213
3537187
3381134
2964995
3017012
3485169
735226
838296
934494
886395
838296
817682
776454
803939
762712
803939
803939
742098
735226
803939
803939
735226
304660
406213
409034
383646
406213
369541
394930
372362
400572
313123
352616
389288
406213
341332
352616
403392
1857334
1684558
1900528
2001313
1698956
1569375
1641365
1886130
1900528
1785344
2044507
2015711
1986915
2015711
1511783
1554977
1924407
1539526
1470797
1470797
1814441
1979390
1649492
1800695
1924407
1841933
1979390
1924407
1951899
1951899
1567017
1704475
2084557
1845346
1862432
1811173
2392115
2084557
2152904
2323769
1964952
1845346
1794086
2033298
1879519
1947865
1964952
1964952
1122827
988088
1113844
1158757
1104862
943175
1122827
1203671
1203671
1050966
1122827
1024018
988088
1284514
943175
1149775
2472808
2661412
2242292
2577588
2640456
2263248
2284204
2242292
2472808
2912884
2975752
2829060
2975752
2430896
2724280
2577588
2585532
2496375
3075891
2853000
2540953
3098180
2964446
3075891
2362641
2563243
2474086
2429508
3120469
2496375
3187337
3009024
94334
93630
81662
102078
94334
79550
75326
95038
96446
83070
74622
75326
93630
97150
81662
87998
1050989
804550
1007499
935017
826294
993003
1021996
862535
833542
906025
775557
877032
884280
797302
956762
985755
775277
673894
793168
858768
805095
834913
667931
697749
739495
787204
673894
769313
650040
817022
811059
656003
1889909
2034054
1969990
2066087
1713731
1841860
1841860
2066087
2082103
1713731
1697715
1713731
2226249
2258281
2130151
1825844
2803248
2202552
2322691
2422807
2322691
2142482
2823271
2402784
2262621
2623039
2763201
2542946
2462853
2182528
2903364
2763201
2305396
2107791
2338331
2354798
2239528
2387732
2091324
1992521
1761981
1761981
1729047
1860784
2173659
2074857
2190126
1860784
851219
914861
1153521
1034191
1010325
978504
898951
1089878
843263
906906
835308
906906
1026236
1026236
978504
906906
1525311
1822618
1796765
1822618
1641648
1796765
1447753
1874323
1770912
1538238
1757986
1732133
1408974
1357268
1822618
1706280
2419928
1943008
2119645
2190300
2402264
2543574
1943008
1907680
2419928
2296282
1854689
2066654
2366937
2048990
2313946
2455255
1091997
1032278
1160247
1117591
1074934
1219965
981091
998153
912841
929904
1032278
938435
989622
998153
1237028
1228497
656353
548524
618847
670418
614159
553212
553212
586030
623535
562588
679794
548524
557900
618847
600094
586030
2513005
2432588
2653733
2553213
2854773
2894981
2352172
2452692
2291860
2854773
2774357
2131028
2110924
2452692
2553213
2392380
938437
807492
894789
851141
865690
967536
763844
807492
807492
858415
1040283
916613
792943
974811
843866
923888
635529
672295
625024
714314
593511
572501
583006
688052
640781
630277
651286
682800
619772
614520
619772
661791
1572598
1947713
2077561
1904431
2063133
1731301
2034278
1817866
1572598
1644736
1990996
1702446
2077561
1630308
1731301
1861148
1732379
1308631
1645137
1483116
1794695
1769768
1458189
1707452
1620210
1769768
1433263
1570358
1483116
1744842
1794695
1719916
337294
337294
305053
359615
290172
260411
292652
329854
287692
292652
265371
312493
314973
352175
327374
297613
2253362
1924747
2002988
1658725
2175120
1643076
1674373
1674373
1721318
2096878
2237714
1768263
1877802
1674373
2222065
1862153
1758038
1676897
1460523
1852701
1447000
1460523
1744514
1893271
1474047
1649851
1636327
1785084
1947365
1649851
1582234
1622804
3528071
3345134
3345134
2953126
2744055
2796323
2926992
3057661
2874724
3005393
3397401
2770189
3684874
3057661
3240598
3789409
742914
619095
619095
581411
597561
619095
737531
656779
635245
602945
640629
780598
592178
576028
635245
694463
404973
462344
367851
398224
442096
354351
398224
442096
431971
384724
408348
361101
411723
431971
357726
408348
345149
330565
311120
303828
264938
284383
255216
296536
332996
301398
328135
352441
301398
318412
260077
274661
1252892
1518992
1430292
1485730
1585518
1474642
1530080
1474642
1208541
1197454
1252892
1452467
1463555
1596605
1252892
1585518
2335952
1803492
2301600
2490537
1940901
1958077
2490537
2335952
2421832
2061134
2284423
2147015
1940901
2112662
2215719
2353128
1758141
1639169
1599512
1771360
1916770
1427663
1678826
1388006
1837456
1665607
1877113
1506978
1440882
1467321
1533416
1863894
989369
1032762
919940
1171621
1128228
998048
1136907
1258408
1136907
1215015
972012
1015405
980690
1249729
1110871
1249729
351031
338149
338149
338149
367133
354251
412220
460527
434763
373574
463747
437983
402558
428322
405779
421881
764317
845483
933414
913122
892830
771081
879303
946941
838719
723734
886066
980761
946941
926650
892830
804900
1323428
1403291
1528788
1232157
1380473
1357655
1551606
1448926
1220749
1209340
1620059
1620059
1471744
1642877
1220749
1631468
1794493
1607567
1557720
1620028
1545258
1719722
1669875
1532796
1694799
1408178
1607567
1719722
1694799
1632490
1482949
1482949
2490327
2243195
2186164
2281215
2642408
2718448
2490327
2224185
2699438
2623397
2395276
2300225
2167154
2661418
2471316
2243195
437492
357948
379364
321235
397720
367126
413017
336532
431373
376304
397720
321235
397720
364067
342651
342651
926256
791913
933327
784843
883832
982821
749489
897973
827267
940397
763631
813125
841408
813125
869691
961609
2116052
2525036
2293871
2382781
2560600
2187179
2133834
2525036
2400563
2222743
2453909
2044924
2222743
2471691
2062706
2187179
2068100
2152858
2390181
2152858
2457987
1983341
1898583
2034196
1966390
2152858
2356277
2457987
2152858
2220664
1949438
2085051
1227375
1417060
1294323
1617904
1495166
1484008
1517482
1595588
1528640
1584430
1484008
1350113
1472850
1338955
1260849
1238533
1854454
1522313
1937489
1882132
1979007
1826775
1591509
1605348
1979007
1563830
1895971
1619187
1951328
1979007
1660705
1549991
2948720
3330020
3507959
3635060
3406280
3406280
3558800
3431700
2923300
3685900
2821620
3330020
2872459
2770780
3279180
2745360
2162798
1818004
1661279
1896366
2021746
2053090
2100108
2256832
1676952
1865021
2053090
2194143
1927711
1818004
1739641
1849349
3676688
3012842
3395830
3242635
3625623
3089439
3600090
2731983
3268167
3676688
2859646
3370297
3651156
3114972
3702221
3472428
1078324
1310114
1420969
1179102
1098480
1370580
1340347
1320191
1441125
1269802
1249647
1289958
1370580
1219413
1259725
1340347
2681547
2064212
2623672
2700839
2739422
2720131
2642964
2199254
2276421
2604380
2199254
2488630
2257130
2739422
2218546
2199254
2193535
2297989
2245762
2054263
2297989
2524306
2210944
2367625
1949809
2089081
2280580
1949809
2297989
2141308
2454670
2454670
782978
672781
788778
730779
719180
713380
632182
794578
632182
643782
835176
713380
701780
811977
695980
759779
2322042
2997546
2891998
2617575
2659794
2744232
3060874
2828670
2976436
2406480
2680903
2659794
2934217
2258714
2807560
3018655
43620
40316
46594
39985
47916
42629
40646
41307
43620
42298
46594
38333
42959
37672
40977
43290
1517373
1413621
1374714
1841598
1439559
1711908
1361745
1582218
1698939
1789721
1361745
1400652
1478466
1387683
1595187
1556280
1529926
1485257
1228408
1429420
1328914
1172571
1239575
1518759
1574596
1596931
1206073
1585763
1518759
1239575
1507592
1340082
1902412
2076678
1858845
1655534
1815278
2033112
1975023
1597445
1858845
1670056
1655534
1524834
1742667
1699100
1975023
1815278
1425129
1393692
1414650
1519439
1194593
1488002
1477523
1131720
1246987
1257466
1435607
1467044
1404171
1194593
1383213
1456565
1628753
1598867
1793122
1823008
1703466
2032205
1793122
2166690
1778180
2091976
1808065
1912664
1927607
2047148
1912664
1568982
26484
25289
23298
27878
22501
21506
22302
25886
23099
22899
23696
23298
24492
22700
23497
26484
288673
324757
345376
319602
293828
286095
337644
350531
283518
363419
273208
347954
324757
327334
278363
270631
182118
232526
175614
190249
208135
221144
193501
178866
226022
185370
203257
204883
234152
196753
188622
229274
1052394
1092485
1082462
1052394
1102508
1152622
1312986
1122553
1413214
1383146
1232804
1262872
1072439
1262872
1423237
1292941
482179
515433
448925
573627
581940
469709
544530
548687
490492
569470
523746
502963
461395
440612
486336
453082
403596
447060
329086
381864
450165
434642
353923
366341
375655
391178
431538
450165
344609
353923
372550
325981
3249247
3146096
2707706
2862432
2862432
2862432
3636062
3300823
3739213
3042946
2862432
3429761
3378186
3739213
3146096
2991370
1689482
1716732
1784856
1934730
1553234
1621358
1498734
1893855
1798481
1866605
1866605
1662232
1812106
1839356
1839356
1716732
723245
805901
943662
909222
833454
854118
792125
840342
812789
916110
854118
943662
909222
723245
812789
916110
3106000
3059642
3106000
3013284
2943746
3221896
2433806
3175538
3059642
3059642
3198717
3013284
2827851
3360970
2920567
2711955
1166023
1219428
1201626
1290636
943499
952400
1094815
952400
1112617
934598
1130419
1103716
1139320
1103716
1085914
996905
2484155
3093476
2859122
2882557
2788816
3023170
3163783
2624768
3210653
2905993
3280960
3046605
2531026
2695074
2507591
2952864
2907813
2855420
3772298
3300761
3222171
3379351
2855420
2803027
3431744
3588923
3195975
3693709
3117385
3143582
3117385
3169778
1342432
1081960
1292341
1342432
1282323
1292341
1352450
1192159
1442613
1242250
1081960
1071942
1262286
1132050
1162105
1081960
239005
292835
305754
256230
269150
275609
286375
292835
251924
290682
284222
254077
243311
226086
245464
307907
1889840
2066461
1889840
2154771
2190095
1942826
2154771
2172433
2207757
1942826
2084123
2419702
2384378
1995812
2490350
1995812
784918
885734
828125
979348
864130
1015353
986549
1015353
806522
828125
770516
943342
979348
1029755
799320
950543
549675
446353
487682
508346
491815
578606
500080
591004
438087
450486
562074
545542
491815
591004
471150
574473
2859259
2839123
2376004
2295461
2919666
2798852
2597496
2416275
2839123
2235054
2355868
2657903
2617631
2678038
2496818
2214919
1790224
2241963
2225232
2091383
2074652
2175039
2191770
2359080
2225232
1806955
2359080
2141576
2292156
2409274
1773493
1790224
2075131
1788324
2193228
2092002
1940163
2041389
1855808
2311325
1923292
1990776
2226970
1906421
2243841
2058260
1906421
1872679
2206433
2469104
2031320
2136388
2048831
1908740
2118876
2416570
1856206
2101365
2381547
2486615
2276479
2521638
2048831
2118876
1850534
1638641
1525631
1610389
2020049
1638641
1624515
2005923
1991797
1610389
1921165
1907039
1892913
1483253
1892913
1483253
2931399
2748187
2905226
3219304
3140785
3585729
3323997
2800533
3245478
3062265
3481036
2748187
3140785
3088438
3166958
3664249
749386
672526
685336
915916
807031
800626
851866
909511
871081
730171
775006
775006
755791
749386
800626
678931
1666076
1560293
1441288
1573516
1824750
1586739
1547071
1824750
1414842
1480956
1613185
1547071
1877641
1864419
1639630
1507402
1429260
1429260
1375528
1504484
1225080
1311051
1332543
1397021
1547470
1375528
1558216
1547470
1440006
1139109
1257319
1482992
1408020
1753850
1593286
1778552
1506829
1333914
1667393
1741499
1383318
1358616
1692095
1655042
1395669
1469776
1469776
1729148
297656
319304
340952
313892
332834
297656
354482
311186
286832
284126
316598
294950
384247
389659
338246
365305
2124630
2700464
2204055
2879172
2760034
2760034
2283481
2343050
2263625
2482045
2740177
2640895
2799746
2303337
2521757
2720321
3202995
3105935
2596367
2984609
2960344
2766223
2863284
3469912
3397116
3445647
2620632
3494177
3421381
3227260
2984609
3300056
1518322
1285676
1677501
1346899
1542812
1775458
1763213
1346899
1359143
1493833
1518322
1677501
1383633
1628523
1481589
1432611
1903827
2215362
2024979
2215362
2128824
2076902
2198055
2474975
2284592
1886519
2146132
1886519
2371130
2128824
1834597
2024979
1434382
1301977
1599887
1511618
1445416
1357146
1577820
1412314
1478517
1467483
1599887
1324045
1357146
1191640
1268876
1456449
2962313
3404062
3559973
3689899
3585958
3741870
2832387
3663914
2832387
2832387
3767855
3533988
2988299
3767855
3222166
3378077
2090577
2054840
2126313
2322863
2019104
2412204
2287127
2287127
2019104
1911895
2090577
2555149
2287127
2590886
2090577
2072708
3553951
3789140
3371028
3135840
3606215
3188104
2979048
2874520
2848388
3083576
3658480
3684612
3109708
3135840
3240368
3188104
2145435
2145435
2506350
2887315
2446197
2205588
2145435
2887315
2706858
2767010
2205588
2726908
2546451
2827162
2185537
2245689
1068330
1091060
1038022
1038022
1007715
947101
992562
1060753
954678
1038022
863756
848602
954678
1015292
810718
1060753
830815
813262
737202
743052
789859
713798
754754
795710
819113
784008
754754
748903
824964
813262
631887
690395
2761248
2440173
2397363
2911084
2846868
2418768
2761248
2268933
2718438
2397363
2632818
2825463
2568603
2568603
2739843
2632818
732494
864583
732494
630425
792534
852575
630425
804542
672453
804542
864583
732494
810546
666449
870587
696469
1388238
1185081
1354378
1467243
1422097
1207654
1241513
1286659
1534962
1444670
1343092
1512389
1399524
1602681
1241513
1580108
672186
702740
849399
867732
702740
776070
812735
843289
843289
745516
696630
824956
776070
690519
873842
867732
1580142
1446232
1781008
1553360
1513187
1513187
1486405
1446232
1821181
1419450
1513187
1526578
1606924
1499796
1432841
1566751
2186232
2540193
2290338
2956618
2436087
2623478
2436087
2519372
2248696
2977440
2207053
2956618
2998261
2769227
2685942
2519372
1053919
928078
912348
1038189
990998
967403
865157
1108974
983133
1093244
841562
1108974
983133
998863
983133
880887
71049
82782
74308
73004
83434
80175
86041
81478
87345
93211
70397
83434
69093
76915
88648
85389
1063438
1078416
846256
801323
943614
1085905
981059
838768
913658
1070927
876213
1025993
1011015
996037
1085905
958592
3658201
3581989
3277139
2921480
3378755
3632797
2870672
3277139
2819863
2997693
3124714
3378755
2997693
3556585
2819863
3378755
31389
27407
31389
26236
32560
31155
31389
25064
25299
30218
26470
27641
27875
32795
26470
28812
2954466
2628606
2346194
3063086
2454814
2433090
2976190
2411366
2302746
2889294
2737226
2563434
2650330
2367918
3084810
2997914
634754
701570
645890
601346
629186
796226
606914
707138
718274
640322
796226
746114
679298
662594
740546
746114
1081595
978586
1073011
1150268
1021506
944249
901329
1038674
1176020
1055843
1124515
978586
1073011
1193188
1047258
987170
985962
806042
993159
1043537
993159
827633
798845
957175
762861
842026
820436
978766
885207
770058
827633
1029143
3366379
3008253
3438004
3366379
3056003
3175378
2865003
3247004
3151503
3008253
3127628
3438004
3342504
3294754
2888878
2530753
1537093
1582302
1571000
1186726
1186726
1186726
1446676
1299748
1401467
1243237
1469280
1604906
1277144
1503187
1254539
1514489
2140950
2781234
2681189
2321030
2761225
2160959
2281012
2621163
2461092
2821252
2100932
2481101
2681189
2140950
2401065
2140950
2060841
1971239
2222124
2257965
2598452
2544691
2455089
2186283
2204204
2007080
1953319
2455089
2114602
2007080
2508850
2437168
3066521
2704334
2728479
2607750
3211396
2921646
2800917
2825063
3138959
2583604
2704334
2945792
2825063
3380417
2800917
3501146
2490376
2348068
2348068
2437010
2081242
2187973
2579318
1974512
2081242
2579318
2579318
2205761
2543741
2312492
1867782
1992300
727846
697519
648996
661127
824893
727846
879481
697519
867350
806696
855219
861285
806696
830958
758173
843089
1200813
1126917
1034547
1173102
1006836
1145391
988362
1191576
1219287
997599
1182339
1330132
988362
1034547
1006836
1182339
1118691
1016992
1024815
907470
1071753
1103045
977877
1079576
1103045
829240
1103045
860532
1118691
1087399
1016992
954408
521458
526033
585497
512310
544329
580923
558052
571775
498587
644962
608368
608368
571775
526033
498587
599220
2872992
3087394
2658589
2851551
2915872
2251225
2615709
2294105
2937312
2336986
3108834
2787231
2722910
2294105
2744350
2744350
2960459
2753916
2501473
2960459
2685068
3327648
2478524
2639169
2478524
2547372
3189952
3212902
2868662
3167003
2960459
3189952
3020968
3520301
3195735
3445401
2921101
3445401
2621501
2996001
3295601
3545268
2746334
3445401
3495335
2946068
3095868
2696401
1733985
1835984
1415237
1631985
1797734
1772234
1517236
1478987
1478987
1491737
1376988
1695735
1848734
1453487
1542736
1376988
2420438
2045440
1823851
2335211
2045440
2045440
2471574
1823851
1977259
2386347
2130667
2352256
2028395
2215894
1892032
2335211
534968
682721
621582
626677
698006
545158
692911
575728
723481
585918
713291
601202
580823
682721
550253
682721
2086405
1702875
1672192
1656851
2163112
1810263
1932993
2101747
2163112
1917652
1610828
1963676
1718216
2117088
1917652
1718216
3616242
3748222
3220303
3114719
3273095
3801013
3827409
3616242
3457866
3378679
3193907
2982740
2797968
3141115
3774617
2824364
2470843
2470843
2094845
2524557
2560366
2166463
2309701
2094845
2130654
2435033
2506652
1879989
2345510
2041131
2112749
2399224
208732
193954
249370
254912
258606
201343
210579
203190
245676
260453
214274
195802
221662
256759
260453
225357
2357177
2507180
2914329
2828613
2678611
2528609
2400035
2635753
2700040
2764326
2292891
2828613
2421464
2528609
2700040
3064331
2724994
2724994
3737135
3062374
3269993
2932613
3685230
3244041
2854756
3295945
3062374
3062374
3269993
3399755
3685230
2828803
176934
160736
152014
148276
148276
165720
164474
173196
145784
175688
148276
176934
173196
135816
158244
158244
1616368
2024237
1842962
1616368
2114875
1676793
1994025
1918493
1661687
1918493
1918493
1782537
2190406
2084662
1661687
1601262
2103038
2329519
1941266
2167747
1925089
1844203
2280988
2038329
1747139
1973620
2200101
2086861
1844203
2022152
1763316
1908911
2813352
2201753
2813352
2364846
2650259
2446393
2915285
2140594
2507553
2324073
2242527
2711419
2589099
2609486
2956058
2160980
1768209
1875374
1795001
1406530
1714627
1848583
1848583
1594068
1808396
1902165
1433321
1406530
1674441
1580672
1446717
1942351
3097040
3321825
3097040
2972159
3396753
3321825
2997135
3321825
3621538
2922207
2672445
2747374
3546610
3521634
2822302
2697422
2578736
2519681
2125981
2480311
2401571
2401571
2578736
2519681
2499996
2204721
2559051
2795271
2066926
2696846
2657476
2125981
2392882
2795423
2750696
3197964
2705970
3041421
2951967
3197964
2527063
2415246
2616516
3019057
2482336
3086147
2728333
2415246
2070524
2003190
2272526
1935855
2356694
2020023
2053690
1868521
1919022
2070524
2222025
1767520
1834854
2003190
2137858
1801187
1490908
1225087
1664269
1340661
1583367
1664269
1294432
1444678
1386891
1514023
1571810
1675827
1675827
1271317
1560253
1433121
625386
725684
666685
855481
855481
808282
820081
619486
678485
802382
849581
643085
643085
778782
619486
631286
501154
423511
469391
444686
465862
427040
483508
391747
455274
374101
416452
494096
451745
384689
472920
483508
114334
100836
113540
96072
97660
114334
90514
93690
109570
92896
103218
104012
100836
105600
85750
104806
327308
348522
384890
436410
321246
439441
439441
400043
360644
357614
400043
381859
421257
333369
324277
421257
659236
537155
669002
556688
556688
625053
634819
576221
708068
512739
708068
522505
639703
683652
649469
571337
2588347
3069367
2588347
2679970
3275519
2450913
2909027
3275519
2863216
2748687
2679970
2450913
2611253
2909027
2748687
2405101
366720
314332
355691
391536
292273
380507
297788
347419
399808
289516
330876
358449
350177
366720
350177
388779
66463
66463
56634
58974
54761
67867
60846
66463
57570
57102
64590
60378
66463
59910
61314
58506
1405602
1108065
1385082
1374822
1477421
1261964
1385082
1405602
1467161
1395342
1097806
1179885
1272223
1077286
1261964
1118325
1687425
1570242
1628833
1523369
1593679
1300723
1406187
1347596
1441342
1335878
1394469
1429624
1488215
1382751
1289005
1476496
3567607
2829481
2952502
3419982
2804877
3419982
2583439
3518399
2731065
2657252
2657252
3444586
3272357
3198544
3296961
3543003
2861347
2675243
2605454
2558928
2675243
2977662
3326607
3140503
2582191
2489139
3163766
2698506
3000925
2977662
2651980
2954399
2445881
2698234
2154705
2368234
2639999
2212940
2077058
2542940
2057646
2795293
2193528
2601175
2601175
2620587
2368234
2698234
145458
145458
135357
140408
130306
144448
135357
139397
137377
125256
121215
137377
142428
122225
138387
134347
2761396
2643889
2095527
2291371
2369708
2350124
2213033
2115111
2741811
2663474
2487214
2604721
2056358
2780980
2800564
2643889
466832
492530
505378
556773
591036
603884
578187
449701
621016
591036
453984
462549
453984
565338
488247
569621
2753740
2591755
2531011
2450018
2551259
2389274
2733492
2126049
2146297
2267786
2814484
2369026
2288034
2915724
2389274
2632251
1102970
981457
1018845
1140359
1336651
981457
1271220
1102970
1355345
1317956
1205790
1046887
1112317
1271220
1065581
1168401
2582343
2905136
2410187
3055773
2324109
2302589
2302589
2560824
2603863
2345628
2883617
2603863
2840577
2539304
2281070
2453226
906652
739988
879985
933318
733321
953318
786654
913318
713321
826653
786654
699988
859986
873319
779987
759987
1658127
2110344
1658127
1793792
1974679
1763645
2185714
1612906
1793792
1643054
1959605
2170640
2019901
1989753
1974679
1944531
2130044
2130044
2463443
2593098
2018912
2296744
2648664
2352310
2315266
2500487
2630142
2037434
2537531
2611620
2093000
2148567
1612945
1455585
1639172
1809646
1744079
1390018
1665399
1494925
1665399
1730966
1442471
1652285
1612945
1730966
1468698
1639172
1548669
1397051
1234604
1267093
1332072
1407881
1537840
1548669
1505350
1559499
1516180
1342902
1180454
1418711
1332072
1375392
1090341
1090341
1064173
1256073
1055450
1247350
994391
1046727
1099063
994391
924609
994391
1256073
1116509
1003113
1055450
3249627
3326390
3454328
3710204
3684617
3684617
2686700
3607854
3556679
3096102
3172864
3684617
3275215
3326390
2814638
2686700
2519861
1920733
2326026
2167433
2008840
2308404
1938355
2555104
2537483
2484618
2414133
2273161
2378890
1938355
2414133
1903112
2169805
2273129
2955067
2748419
2810414
2975732
2727754
2686425
2541771
2397117
2913738
2211134
2521106
2851743
2252464
2665760
1898047
2495580
2267111
2231962
1898047
2372558
2179239
1862898
1845323
1862898
2390133
2267111
2530729
2407707
2126515
2548303
1868150
1526094
1407690
1499782
1434002
1512938
1565562
1710278
1618186
1644498
1407690
1881306
1828682
1697122
1789214
1854994
3042070
2582477
2319852
2297967
2582477
2297967
2385508
3129612
3085841
2910758
2319852
3129612
2363623
2757560
2385508
3151497
3465536
2767443
2842238
3540332
2842238
3490468
3041694
3540332
3590196
2692647
3291013
2991830
3365809
2717579
2792375
2792375
607216
626493
573482
626493
607216
515652
515652
612035
684323
626493
515652
684323
669866
612035
665046
592759
1019786
856309
1019786
1043140
980863
1043140
1066494
1004217
1128771
1113202
980863
1027571
918586
817386
1074278
910801
1236279
1283375
1471761
1448213
1259827
1660146
1577728
1424664
1636598
1448213
1671920
1424664
1295149
1318698
1530631
1636598
2366816
2673626
3046180
3068095
2366816
2476391
2892776
2454476
2695541
3090010
2322986
2651711
2827031
3002350
2366816
2388731
548239
594700
492486
576116
603993
585408
566824
487840
552885
571470
529655
538947
552885
501778
576116
576116
1298366
1310278
1274543
1405571
1274543
1429394
1357924
1417482
1500864
1369836
1572333
1619980
1619980
1536598
1453217
1477040
1929005
1818776
1556982
1680990
1970341
1804997
1860112
1639654
1446754
1777440
1929005
1804997
1970341
1570761
1612097
1584540
243371
256892
208604
280070
237576
249166
251097
258823
202809
274275
235645
264618
239508
208604
276207
262686
2897544
2760652
3148512
3239774
2806283
3239774
2623760
3194143
2486868
3285404
2897544
3171328
3216958
2783467
2395607
3262589
3076597
3257573
3593672
3257573
3619526
3722941
3490257
3257573
2740498
3154158
3076597
2869767
2869767
3154158
3102451
3412696
51285
51705
47922
50024
49603
58851
44138
50024
60112
46661
53386
48762
58851
52125
54648
56329
3230817
2378240
2849401
3028891
2826964
3141072
2557730
3073763
2467985
2871837
2871837
3230817
2692347
2939146
2737220
2423112
3035252
2547839
2946632
2835856
2592150
2547839
2791546
3013097
2569995
3212493
2503529
3057407
2392754
3212493
3212493
2525684
1373078
1290928
1361342
1420020
1513906
1302663
1631263
1642999
1279192
1326135
1302663
1384813
1267456
1337870
1572585
1420020
2493421
1994737
2355853
1805581
1925953
2029129
1908757
2218285
2132305
1857169
2338657
2132305
1805581
2321461
2269873
2287069
2039025
2145409
2163140
2163140
2535484
2234063
2092217
2074487
2464561
2464561
2322716
2375908
2375908
2109948
2375908
2570945
1777647
1424732
1437803
1829931
1477016
1437803
1646938
1516229
1686151
1777647
1490087
1529299
1869144
1555441
1725364
1594654
801959
703877
605796
657721
698108
732725
726955
611565
715416
778881
628874
709647
830806
623104
669260
651952
475988
543986
451988
419989
523986
527986
451988
495987
459988
531986
451988
443988
527986
483987
579985
495987
2546442
2007414
2379157
2211873
2118937
1988827
2137524
2267634
2193286
2341983
2360570
2100350
2267634
2676552
2397744
2026001
2836121
2857130
2857130
2584022
2626038
2941163
2542005
2731080
2689063
2878138
2962171
2605030
2542005
2815113
3046204
2394947
21596
18440
23756
18274
20433
21596
18772
23922
19935
21596
20101
20600
18606
17609
17609
20433
2836171
2707254
3429189
2990872
3145572
2758821
3377622
2939305
2836171
2707254
3661239
3429189
2913521
2939305
2758821
3661239
946460
725389
725389
780657
842833
829016
870467
856650
994819
1001728
801382
822107
884284
918826
911918
932643
2598959
2840722
2699693
2679547
2598959
2216166
2498224
2800428
2296754
2921310
2216166
2236313
2699693
2236313
2619106
2377342
1109504
1204852
1187516
1040160
1170180
953480
1048828
910140
1083500
1135508
970816
936144
953480
1118172
918808
918808
2762450
2853023
3192668
2739807
3079453
2490734
3215311
2626592
3147382
2875666
2513377
3170025
3170025
2694521
2920952
2739807
1762681
1420668
1552212
1407514
1657446
1433823
1894224
1512749
1775835
1723218
1420668
1446977
1736372
1775835
1788990
1407514
2426974
1970776
2135007
2007272
2335735
2080264
2226247
2098511
2536462
2481718
2098511
2408726
2554710
2226247
2207999
2244495
1307412
1451449
1274173
1240934
1551167
1373891
1584407
1440370
1584407
1495768
1595486
1573327
1473609
1584407
1373891
1296333
1828393
1962587
2264523
2046458
2080007
2264523
1845167
2314846
2314846
2130329
2281298
2130329
2214201
2264523
2264523
2046458
2308715
2170587
2407378
2170587
2210052
2131121
2821763
2782298
2111389
2249517
2821763
2328447
2584971
2150854
2723100
2525774
943379
773145
794424
865355
787331
766052
1028496
922100
829890
971751
1028496
1000124
751866
971751
971751
915007
823403
1027294
1058661
878297
1105713
1035136
933190
1003768
972400
1097871
1121397
893981
1097871
917506
1035136
1137081
1420490
1174841
1431170
1463212
1367088
1270965
1238924
1324367
1463212
1153481
1505933
1409810
1420490
1228243
1185522
1452531
2507712
2588606
2568383
2548159
2932406
2123466
2426818
2811065
2811065
2608830
2204360
2224583
2123466
2871735
2588606
2851512
2702769
3116903
2354025
2789955
2898938
2571990
2789955
2441211
2593787
2550194
2571990
2550194
2637380
2659176
3160496
3051514
935646
975292
1014938
991151
1054584
1141806
848425
1054584
943575
832567
896000
951505
1141806
840496
848425
967363
489535
543500
439425
512663
555063
547354
416297
458698
531936
539645
443280
489535
439425
535790
408588
443280
3081408
3296390
2579784
3248617
2890313
2746992
2579784
2627557
2770879
3272503
2723105
3129182
3153069
2627557
2555897
2866426
2055487
2169680
1924980
2153367
2300187
2104427
2088113
1843413
1941293
2137054
1778159
2055487
2120740
2185994
1941293
1941293
1306836
1265017
1515930
1139561
1463656
1244108
1233653
1233653
1369564
1327745
1150015
1118651
1390473
1369564
1233653
1170925
3587473
2715518
2715518
2964648
2964648
3064300
3263604
3363256
3363256
2989561
3537647
2690605
3338343
3587473
2615866
2740431
342849
345780
339919
369222
331128
345780
351640
366292
342849
360431
351640
345780
348710
421968
424899
413177
1088687
982274
1145986
1072316
1129615
990460
908603
884046
1105058
1105058
1047759
1145986
941346
1145986
1039573
1170543
185219
155527
179564
180977
152700
197944
180977
171080
169666
180977
192289
171080
161183
189461
169666
164011
3323065
3061967
2516035
2990758
2587243
3299329
3156911
3109439
2634715
2705924
2872077
2824605
3228120
3133175
3346801
2895813
826789
925721
918655
840923
904522
961054
1003454
975188
840923
1024654
961054
749057
763190
1017587
869189
1017587
2833488
3187674
2550139
3140449
2644588
2526526
2762650
2927937
2502914
2573751
3234898
3116836
2573751
3187674
2502914
2880712
2696648
2632947
2356912
2399379
2824048
2866515
2505547
2696648
2930216
2590480
2441846
2675414
2632947
2908982
2930216
2951449
153065
134090
156860
178365
170775
145475
156860
155595
166980
165715
136620
155595
135355
160655
140415
175835
1233928
954718
963725
1296976
1296976
1080813
1044786
1026772
1116840
945711
1089820
1125847
1161874
945711
1026772
1062800
1105802
1086736
1162999
1372720
1020007
1096269
1143933
1058138
1096269
1020007
1382253
1258326
1239261
1058138
1305990
1086736
1497256
1842776
1446067
1535647
1574038
1804385
1356488
1842776
1638023
1394879
1753197
1574038
1407676
1586835
1817182
1753197
2394937
3072749
2688656
3230906
2417531
2892000
3185718
3185718
2598281
2846812
2462718
2440125
2733843
2959781
3027562
3072749
765029
657278
641116
781191
624953
603403
711153
619565
694991
635728
635728
608790
743479
694991
689603
689603
3091640
3013699
3039679
3351441
3767124
3481342
3039679
3039679
3585263
3221541
3741144
3585263
3039679
3611243
2857818
2883798
736883
773123
688563
827484
851644
803323
730843
700643
791243
857684
676483
875804
670443
815404
857684
640243
592841
546037
582440
566839
660445
707248
660445
702048
592841
561638
660445
618842
561638
598041
743651
754052
