4	143742	79.8	132.0
12	459729	40.5	134.7
2	82084	101.8	151.5
2	78928	78.8	120.0
6	256780	61.0	129.5
4	394356	21.4	102.0
4	275475	34.5	110.3
4	153377	58.0	105.7
4	143742	79.8	132.0
2	104222	93.0	140.0
4	412077	30.9	106.2
4	122114	79.3	150.3
4	100845	93.5	130.0
4	111872	107.3	146.0
4	153377	58.0	105.7
4	122114	79.3	150.3
2	52303	105.0	169.0
4	165629	63.5	129.0
2	79576	86.0	129.0
6	203477	37.3	89.0
4	173021	68.9	119.0
4	183767	48.7	95.0
6	211874	30.7	67.8
4	412077	30.9	106.2
6	231108	40.2	109.0
12	469103	42.8	140.7
2	126976	20.8	47.4
12	416178	48.0	131.0
2	136634	25.0	61.7
4	307615	38.2	120.0
4	228603	31.8	89.5
4	329862	22.4	92.8
