4	138462	63.3	105.1
4	307615	38.2	120.0
4	199707	55.2	101.9
2	54479	86.0	117.0
2	136634	25.0	61.7
6	231108	40.2	109.0
4	150979	76.9	131.8
4	171052	36.6	86.0
4	173163	59.5	105.0
4	126597	104.5	156.8
4	325650	38.3	121.5
6	459263	59.9	150.4
4	169068	68.5	131.6
4	154045	69.0	134.5
6	459263	59.9	150.4
2	98472	93.7	135.0
4	89881	67.8	96.8
4	412077	30.9	106.2
4	137497	92.7	160.3
4	280253	41.2	122.8
4	143516	77.5	130.0
2	104222	93.0	140.0
4	152533	68.9	108.8
6	231108	40.2	109.0
4	325650	38.3	121.5
8	461606	135.6	241.5
4	329862	22.4	92.8
2	37185	143.8	183.0
4	228603	31.8	89.5
4	251057	32.3	89.5
4	226022	30.4	69.0
4	126597	104.5	156.8
