2	78928	78.8	120.0
4	280253	41.2	122.8
4	325650	38.3	121.5
2	82084	101.8	151.5
4	100845	93.5	130.0
6	459263	59.9	150.4
6	256780	61.0	129.5
12	459729	40.5	134.7
4	137497	92.7	160.3
6	211874	30.7	67.8
4	173021	68.9	119.0
4	150979	76.9	131.8
4	307615	38.2	120.0
2	37185	143.8	183.0
2	78928	78.8	120.0
2	82084	101.8	151.5
12	469103	42.8	140.7
4	154045	69.0	134.5
4	89881	67.8	96.8
4	280253	41.2	122.8
4	137497	92.7	160.3
4	153377	58.0	105.7
4	121036	104.2	136.0
6	211874	30.7	67.8
12	459729	40.5	134.7
2	118486	75.2	117.0
4	89881	67.8	96.8
4	173163	59.5	105.0
4	169068	68.5	131.6
6	231108	40.2	109.0
6	318441	35.7	96.1
2	37185	143.8	183.0
