4	228603	31.8	89.5
4	280253	41.2	122.8
2	21521	130.0	208.3
4	153377	58.0	105.7
4	150979	76.9	131.8
4	137497	92.7	160.3
8	461606	135.6	241.5
4	121036	104.2	136.0
4	122114	79.3	150.3
4	154045	69.0	134.5
4	169068	68.5	131.6
4	412077	30.9	106.2
6	211874	30.7	67.8
4	329862	22.4	92.8
6	256780	61.0	129.5
2	98472	93.7	135.0
10	556330	105.8	209.3
6	211874	30.7	67.8
4	152533	68.9	108.8
12	469103	42.8	140.7
4	199707	55.2	101.9
2	118486	75.2	117.0
2	126976	20.8	47.4
4	138462	63.3	105.1
2	37185	143.8	183.0
4	89881	67.8	96.8
4	111872	107.3	146.0
6	443655	37.2	126.1
6	459263	59.9	150.4
4	173021	68.9	119.0
4	183767	48.7	95.0
4	412077	30.9	106.2
