2	47927	82.0	138.0
4	122114	79.3	150.3
4	173163	59.5	105.0
4	171052	36.6	86.0
4	154045	69.0	134.5
4	165629	63.5	129.0
4	169068	68.5	131.6
6	203477	37.3	89.0
6	231108	40.2	109.0
6	256780	61.0	129.5
6	211874	30.7	67.8
12	416178	48.0	131.0
12	459729	40.5	134.7
12	469103	42.8	140.7
4	153377	58.0	105.7
2	136634	25.0	61.7
2	126976	20.8	47.4
2	52303	105.0	169.0
4	173021	68.9	119.0
2	54479	86.0	117.0
2	98472	93.7	135.0
2	82084	101.8	151.5
2	21521	130.0	208.3
2	37185	143.8	183.0
2	118486	75.2	117.0
4	119239	114.0	170.8
4	126597	104.5	156.8
4	183767	48.7	95.0
4	111872	107.3	146.0
2	78928	78.8	120.0
2	79576	86.0	129.0
4	329862	22.4	92.8
4	314438	17.8	55.7
4	394356	21.4	102.0
4	412077	30.9	106.2
4	143516	77.5	130.0
4	150979	76.9	131.8
4	161999	65.0	126.0
4	137497	92.7	160.3
4	275475	34.5	110.3
10	556330	105.8	209.3
4	199707	55.2	101.9
4	100845	93.5	130.0
4	121036	104.2	136.0
4	144002	64.1	105.0
4	138462	63.3	105.1
4	152533	68.9	108.8
4	228603	31.8	89.5
4	251057	32.3	89.5
4	226022	30.4	69.0
6	318441	35.7	96.1
4	89881	67.8	96.8
4	143742	79.8	132.0
4	188173	59.6	118.5
4	307615	38.2	120.0
4	325650	38.3	121.5
2	104222	93.0	140.0
4	280253	41.2	122.8
6	443655	37.2	126.1
6	459263	59.9	150.4
8	461606	135.6	241.5
