2906564
3292391
3395278
2880842
3138060
2803677
2906564
3163782
2958008
3369557
3292391
3240948
3163782
3318113
3240948
3421000
3261973
2585416
2899532
2537090
2609579
2561253
2899532
3189485
3189485
3165322
2754555
2609579
2778718
2851206
2972020
3261973
758692
702723
696504
684066
783567
771129
827099
665410
771129
808442
827099
796005
758692
777348
820880
752473
2166366
2295977
2073786
2129334
2481137
2129334
2073786
2462621
2184882
1981206
1999722
1944174
2295977
2018238
2166366
2499653
2808410
3464581
3044632
3307100
2860904
2913398
3202113
2834657
3517075
3123372
3070879
3149619
2808410
3254606
2965891
3333347
1418803
1300569
1386557
1236078
1343563
1343563
1225330
1408054
1322066
1160839
1429551
1375809
1365060
1322066
1365060
1182336
2303496
2322223
2097492
1966399
2228585
2434589
2322223
2509499
2097492
2528227
2472044
2022581
2153675
2191130
2415861
1985126
1597744
1559089
1700825
1443124
1417354
1584859
1584859
1713710
1494664
1430239
1571974
1597744
1404469
1391584
1687940
1456009
2004368
2052861
1842725
2117518
1858889
1826561
1794232
1891218
1826561
1810397
1729575
1858889
2149846
1972039
2182175
1858889
1368378
1319067
1294411
1417688
1442344
1651915
1540966
1466999
1331394
1466999
1466999
1356050
1503983
1553293
1565621
1491655
1145323
1145323
1426252
1393837
1383032
1426252
1447861
1210153
1296592
1231763
1134518
1329007
1458666
1426252
1361422
1415447
1844247
1667199
1785231
1622937
1962279
1578675
1888509
1991787
1814739
1667199
1549167
1593429
1947525
1667199
1962279
1785231
3160730
3136037
2864412
2666866
2963185
3160730
3086651
2691559
2864412
3160730
3284196
3284196
3185424
2839719
2642173
3185424
1168063
1177260
1002511
1232444
1140471
1140471
974919
1158866
1223247
1103682
1232444
1241642
984116
1223247
1204852
1085287
2963067
3008653
2985860
2735139
3054239
2621175
2712346
3077032
2461625
2621175
3031446
2621175
2530004
2552796
3077032
3031446
2089867
2484181
2227877
2523613
2326456
2503897
2346171
2503897
2306740
2602476
2089867
2385603
2602476
2326456
2306740
2641907
1194444
1251322
1205819
1490211
1421957
1251322
1387830
1467460
1330952
1365079
1512962
1456084
1524338
1205819
1433333
1319576
593201
638065
538368
543353
598186
638065
548337
593201
568277
608156
603171
598186
568277
558307
667975
662990
1150080
1170081
1330093
1090076
1340093
1330093
1070074
1250087
1170081
1330093
1250087
1270088
1100077
1090076
1300091
1060074
1533745
1808662
1852070
1606092
1707377
1881009
1881009
1765254
1692908
1519276
1649500
1837601
1765254
1881009
1663969
1808662
2343148
2415245
1964639
2397221
2271051
2180930
1946615
2054761
2397221
2235003
2126857
2036736
2090809
2036736
2433269
2090809
979539
956581
887707
1010149
818833
964233
1010149
941275
864749
987191
964233
880054
864749
933623
818833
903012
1835360
1942423
1973012
1927128
1682413
1758887
1743592
1667119
1850655
1820065
1621235
1758887
1667119
1942423
1942423
1988307
612874
676275
670991
570607
713259
628724
618157
697408
612874
602307
560040
575890
681558
713259
607591
575890
960540
1041333
996448
1014402
1131103
1193942
1032356
1167011
1005425
960540
1193942
1149057
1068264
1184965
1131103
960540
1133658
1334962
1419721
1260797
1356152
1112468
1218418
1218418
1356152
1430316
1398532
1154848
1207823
1123063
1207823
1409127
832961
707704
720230
713967
764070
820435
764070
764070
707704
707704
663864
839224
657601
839224
757807
732755
2508627
2970742
2508627
2354588
2398599
2772693
2640660
2640660
2640660
2750687
2640660
2486621
2948737
2794698
2970742
2420605
481310
443412
469941
477521
450992
473731
481310
477521
443412
450992
488890
439622
447202
500260
424463
496470
2551977
2695079
3028983
2838180
2575828
3124384
3148234
3076683
2790480
3028983
3219785
2838180
2599678
2957432
3148234
2790480
1457560
1334038
1469912
1371095
1605787
1321686
1581082
1642843
1309334
1494617
1482265
1309334
1630491
1642843
1395799
1630491
1756095
1581937
1712556
1857688
1538398
1712556
1872201
1828661
1610964
1654503
1581937
1610964
1930254
1698043
1915741
1857688
1472924
1357652
1601005
1396076
1652237
1370460
1498540
1677853
1588196
1344844
1396076
1716277
1690661
1460116
1716277
1639429
1067917
1040767
1113168
1040767
1131268
1176519
1022666
1095068
1203669
959315
1158419
1076967
1031717
995516
1131268
1113168
1748320
1596890
1720787
1541825
1734553
1734553
1624423
1817151
1734553
1734553
1651956
1803385
1555591
1555591
1555591
1748320
2860972
3200409
2909463
3200409
3151918
3127673
2594271
2957954
3248901
2885218
2594271
2545780
2788235
2812481
2594271
3006445
2297749
2190877
2351185
1905885
2190877
1959321
2226501
2012757
2190877
2368997
1888073
2368997
1994945
2173065
2297749
1959321
721337
814844
701300
814844
748053
821523
801486
848239
894992
741374
861597
701300
894992
748053
814844
714658
742460
638861
621595
615839
725194
725194
650372
736705
771238
690661
696416
765482
713683
759727
627350
656128
2264318
2118233
2173014
2428663
1935626
2300839
2465185
2282578
1990408
2246057
2428663
2246057
2081711
2063451
2209536
2428663
1442869
1393115
1455308
1579693
1455308
1467746
1554816
1355799
1318484
1617008
1480185
1542377
1455308
1592131
1405553
1666763
2347784
2665052
2326633
2305481
2326633
2749657
2220877
2686203
2580447
2495842
2601598
2432389
2707354
2432389
2432389
2538145
92160
94303
87159
89302
84301
76442
94303
82872
90731
92160
93589
75728
95732
80729
92160
90731
2396563
2482925
2806785
2720423
2418153
2634060
2871557
2396563
2331791
2569288
2547697
2526107
2655651
2914739
2461335
2914739
1298922
1535090
1322539
1275306
1535090
1357964
1239880
1464240
1346156
1275306
1310731
1558707
1499665
1393390
1263497
1298922
527155
513976
470046
470046
575477
483225
535941
513976
593049
575477
518369
562298
571084
522762
593049
483225
1219930
998125
1035092
1136753
1164479
1192205
1127511
998125
970399
1007367
1173721
1016609
1201447
1192205
1238414
988883
2369254
2328049
2575276
2781298
2616480
2534071
2760696
2245640
2410458
2431060
2678287
2698889
2513469
2616480
2225038
2472265
142417
135051
131368
160833
133823
143645
142417
164517
152239
131368
157150
154695
149784
135051
163289
158378
744565
612835
658654
635744
693019
721656
704473
738838
624289
773203
630017
670109
721656
761748
601380
601380
2413551
2767261
2247099
2455164
2226293
2559197
2475971
2621616
2517584
2663229
2580003
2704842
2226293
2371938
2642422
2330325
1286418
1161926
1327915
1369412
1265669
1161926
1110054
1255295
1203423
1317541
1141177
1265669
1369412
1286418
1110054
1234546
1282663
1381330
1370367
1326515
1162071
1403256
1436145
1381330
1282663
1326515
1425182
1282663
1293626
1370367
1425182
1447108
1719375
2133298
2133298
1719375
2085538
1942257
1751215
1862656
1719375
2005937
1990017
2133298
1719375
2069618
1878576
1862656
2089614
1997153
2182074
2385488
2293027
2182074
1997153
2440965
2330012
1997153
2477949
2330012
2311520
2015645
2219059
2052629
208004
220556
206211
204417
220556
238487
238487
211590
216969
218763
191865
191865
218763
229521
240280
199038
1821228
1924040
1659668
1630293
1835916
1953414
1542169
1850603
1659668
1586231
1909352
1571544
1762479
1821228
1835916
1542169
1961633
1913396
1736527
1865159
1816922
1913396
1720448
2122422
1736527
1704369
1993791
2154580
2170659
1784764
1897317
1752606
277519
312209
327076
272563
334509
279997
260174
260174
304775
312209
304775
294864
262652
307253
324598
267607
2816085
3189902
3164980
2865927
2915769
2915769
3214823
3339428
3040375
2890848
2716400
3264665
2965612
3339428
3239744
3090217
2731170
2507303
2731170
2484917
2440143
2887876
2619236
2775943
2619236
2910263
2440143
2887876
2932649
2820716
2552076
2708783
2982325
2634387
3156294
2932619
3330263
3230852
3355115
2858061
3032030
2882914
2733798
2733798
3106588
3305410
2783503
2982325
2751775
2903249
3029478
3408162
2852758
3206197
2903249
2701284
3231443
3382917
3004232
3105214
2827512
3180951
3206197
2953741
1304266
1327557
1397428
1420719
1234395
1222750
1280976
1280976
1478945
1385783
1467300
1490590
1444009
1525526
1304266
1362493
187771
210800
233828
224971
228514
224971
230285
186000
205485
235600
187771
216114
198400
196628
203714
200171
682829
816956
676732
664539
670635
749892
768182
725506
792569
658442
707216
798666
780376
816956
737699
792569
1046956
828189
867255
859442
898507
859442
1007891
968825
882881
859442
992264
875068
937573
984451
992264
1039143
1186491
1039329
1131306
1232479
1002539
1186491
1076120
1214084
1039329
1011737
965749
1223282
974946
974946
1177294
1112910
2188219
2285907
2090530
2266369
2110068
2110068
2227294
2129606
2305445
2403133
2461746
2559434
2305445
2168681
2383595
2403133
1425072
1327631
1583414
1559054
1425072
1425072
1546873
1473793
1437252
1607774
1619954
1327631
1595594
1364172
1303271
1351992
627835
662395
743034
616315
719995
771834
679675
604795
748794
731514
696955
656635
622075
771834
627835
662395
227782
241647
211937
241647
265416
213917
227782
213917
241647
255512
213917
255512
261455
221840
215898
225802
855713
742561
947649
813281
756705
876929
912289
806209
799137
862785
891073
869857
799137
777921
834497
784993
1079192
973905
1044096
1009000
991452
991452
956357
1052870
947583
1061644
991452
1087966
1026548
1061644
991452
965131
3252899
2626414
2746892
2819179
2674606
3252899
2746892
2554128
2770988
2939657
2554128
2843274
2674606
3180612
3180612
3252899
2047827
1832266
1632103
1647500
1863061
2063224
2047827
1847664
1755280
1770677
1801472
2017033
1632103
1878458
1909252
1786075
1145841
1093758
1119799
1059035
1024313
954868
1032993
1137161
1067716
1145841
1059035
1067716
1006951
1171883
928826
980910
2050516
2215880
1951297
2133198
2000906
1901688
2067052
1885151
2232416
2215880
2149734
2000906
2133198
1852079
1934761
2017443
1016035
1098639
1032556
1065598
1106900
1115160
999514
999514
1065598
958212
908649
966472
982993
867347
933430
1073858
2533368
2581167
2652866
3202559
2915763
2628967
2891863
2987462
3178660
2748465
2748465
2676766
2557267
2963562
2939663
2915763
2944637
3212332
3114988
3285339
2993309
2993309
2749951
3212332
3090652
2725615
2749951
2555264
2701279
2798622
3187996
2774286
1149785
1149785
1128688
1213076
1381852
1149785
1244721
1286915
1286915
1213076
1128688
1381852
1413497
1107591
1149785
1234173
128422
151151
148878
121603
126149
130695
143196
140923
151151
151151
140923
137514
135241
132968
148878
122739
751976
614209
729015
711794
694573
677353
642911
706054
614209
769197
706054
654391
677353
729015
665872
711794
3432746
3354133
3485154
3223112
3327929
2856254
3118296
3223112
2961071
3275521
3223112
3013479
2961071
3511358
3406542
3118296
2018343
2165132
1981646
2110086
2165132
2311921
2385315
1926600
2366966
2477058
2403663
2073389
2183481
2201829
2110086
2403663
2346125
1964198
2273377
2418873
2109694
2182442
2255190
1946011
2400686
2146068
1964198
1946011
1909637
2400686
2255190
2237003
481215
499866
458833
466293
458833
499866
447642
470024
425259
402877
451372
466293
488675
481215
484945
436450
329335
353287
365263
377238
368257
329335
323347
326341
317359
398196
362269
347299
338317
404184
323347
320353
1299769
1097582
1193862
1270885
1251629
1203490
1251629
1059071
1261257
1068699
1242001
1261257
1049443
1049443
1049443
1232373
141877
168396
173700
157789
164419
164419
175026
155137
173700
176352
164419
139225
148507
159115
173700
139225
2736758
2348710
2164898
2267016
2573369
2389557
2593793
2389557
2491675
2205745
2267016
2757181
2471251
2409981
2512099
2716334
1910268
2190221
1778525
2042010
1959671
1762057
2223157
2107882
2157285
2058478
2091414
2025543
1778525
1926736
2124350
2091414
1604485
1527469
1540305
1732843
1411946
1450454
1694336
1694336
1591649
1360603
1604485
1720007
1450454
1540305
1399110
1437618
3456809
2906862
3011614
2749734
3352057
3090178
3011614
3063990
3482997
3011614
2880674
3404433
3168741
3352057
3482997
2828298
1906392
1888740
2206472
1924044
1871088
2135865
2047606
1959347
1976999
2135865
2277079
2330034
2277079
2118213
2135865
1941695
2747076
2771173
3156727
2722979
2626590
2602493
3060339
2578396
3108533
2795270
2698881
2626590
2554298
2963950
2578396
2578396
440249
392097
361142
385218
440249
440249
381778
440249
395536
423052
395536
368021
443689
457446
450567
388657
1520809
1594396
1300046
1520809
1434957
1373634
1533073
1582132
1398163
1484015
1361369
1471750
1582132
1557602
1545338
1398163
3186750
3136565
2709992
3061287
3312212
3086379
2910732
2684899
2810362
2634714
3111472
3337305
2810362
2935824
2659807
3387490
310541
250821
291431
315318
250821
293819
269932
257988
279487
298597
286653
269932
257988
284264
257988
260377
545042
515580
643247
564683
545042
643247
599055
633427
554862
643247
633427
515580
648158
662889
653068
545042
2524644
2137804
2137804
2382124
2504284
2422844
2504284
2137804
2321044
2667165
2158164
2606085
2341404
2443204
2137804
2606085
1755738
1725203
1877876
2061084
1984747
1618332
1908411
1771005
1954213
1801540
1969480
1877876
1877876
1862609
1618332
1755738
1480998
1743121
1703803
1612060
1520316
1625166
1598953
1638272
1638272
1546529
1572741
1677591
1598953
1598953
1480998
1769334
1779821
1461047
1487612
1487612
1580587
1793103
1779821
1567305
1607152
1607152
1686845
1593870
1753257
1447765
1646999
1607152
932536
798307
784178
904277
861889
826566
953730
868954
847760
784178
932536
925471
840695
833631
861889
755919
13542
12810
15982
16348
15372
13785
15128
16348
14762
13054
13420
15738
13420
12932
15860
13176
2028421
2085293
2426522
2104250
2350694
1990507
2483394
2066335
2407565
2388608
2502351
2388608
2236950
2521308
2483394
2426522
1019295
972963
1223154
1037827
1223154
1149023
1093425
1186088
1121224
1028561
1250953
1250953
1121224
1213887
1204621
1223154
730567
730567
654588
683811
666277
759790
789012
753945
789012
759790
677966
637054
613676
695500
742256
666277
1527390
1927081
1812884
1613038
1912807
1498841
1598764
1898532
1898532
1727236
1641588
1698686
1598764
1884257
1555940
1627313
452010
488010
540012
428009
532011
484010
428009
516011
452010
500011
536012
424009
540012
528011
464010
496011
1180425
1340483
1130407
1140411
1060382
1130407
1190429
1320476
1120404
1330480
1120404
1110400
1340483
1280462
1150415
1340483
1966820
2214887
2108572
2019977
2303483
1860505
2285763
2250325
2392078
1984539
2019977
2161730
1931381
2144011
2161730
2144011
3031916
3200356
2887539
2887539
2767225
2622848
2887539
2959728
3224419
2959728
3007853
2574722
3200356
2598785
2863476
2863476
1601603
1328737
1459238
1411783
1281282
1305010
1340601
1388056
1482966
1352465
1399920
1601603
1411783
1566012
1566012
1566012
1372747
1273909
1383729
1394711
1471585
1186053
1449621
1197035
1460603
1383729
1208017
1350783
1372747
1471585
1306855
1394711
2748249
3119634
2673972
2921562
3218670
3292947
3193911
3094875
3045357
3045357
3119634
2723490
3070116
3020598
2946321
2698731
2519679
2807011
2740703
2497576
2320757
2320757
2740703
2807011
2696498
2608089
2630191
2740703
2431269
2497576
2320757
2585986
771076
778282
828726
778282
929615
900790
835933
799901
756663
886377
972853
893583
879171
929615
763869
821520
1892260
1579367
1847561
1787962
1981658
1579367
1787962
1847561
1713464
1862461
1981658
1743263
1892260
1564467
1773063
1996558
2823528
2895313
3182451
2799600
2679959
2943169
2512462
3038882
2536390
2871385
2895313
3182451
2656031
2991026
3206380
2512462
1705077
1660597
1794037
1779211
1971959
1897825
2001612
1586463
1690250
1794037
1586463
1660597
1601290
1808864
1868171
1808864
1235472
1066998
1085718
1132516
1048279
1216753
1226112
1226112
1095077
1029560
1085718
1113797
982762
1095077
1151235
1104437
153905
132918
150407
152739
155071
150407
150407
142245
131752
137582
137582
155071
146909
131752
137582
152739
2887505
2797970
2999423
2417446
2842737
2820353
2395062
2999423
2439829
2977040
2708434
2708434
2596516
2641283
2865121
2350294
2672545
2901620
2876167
2876167
2697997
2723450
2672545
2876167
2723450
3028884
3156148
3283412
2748903
2774356
2952525
2850714
392957
493050
404079
470808
422615
448565
392957
455979
493050
422615
396665
478222
389250
500465
433736
430029
639022
633741
602054
644303
665428
612616
565086
675991
649585
591492
607335
575648
649585
580929
670709
602054
35438
39538
33388
39538
32802
33974
34852
33388
36902
34852
36902
36610
38660
37488
36610
35731
628080
683175
710722
628080
589514
611552
628080
710722
633590
705213
672156
699703
683175
633590
611552
650118
1968822
2210282
2210282
2191708
2451741
2061691
2117413
2284577
2396020
2396020
2321725
2488889
2266003
2043118
2043118
2005970
27863
28086
27863
28978
28309
26972
23851
25411
28755
28309
24965
28978
26080
23851
27195
25857
708971
775855
809297
702283
802609
729036
789232
836051
789232
702283
735725
729036
876181
876181
735725
849428
73604
67062
71969
58338
71423
73604
70878
66516
62700
57248
60519
59974
73059
59974
64881
58883
119983
114359
122795
119983
118108
103110
119983
122795
122795
114359
104048
119983
126544
121858
106860
105922
2378043
2109843
2235003
2395924
2235003
2378043
2306523
1877403
1966803
1913163
2181363
2199243
2342283
2199243
2288643
1966803
1336378
1336378
1286138
1235899
1255995
1356474
1115323
1095227
1115323
1125371
1286138
1175611
1205755
1135419
1055035
1165563
904347
912879
998194
1057915
1023789
1151763
1083510
1049384
929942
895815
1040852
1032321
1134700
989663
895815
1032321
1085692
1060829
1077404
1060829
1102268
1011103
911650
1102268
1069117
1069117
1069117
1052541
936513
1002815
969664
953088
845897
827100
814568
839631
770706
670452
795770
783238
776972
764441
758175
720579
733111
795770
783238
733111
983319
894598
850238
998106
865025
909385
798485
842845
894598
924172
842845
990712
901992
998106
872418
916779
259293
316914
312113
278500
285703
285703
324117
307311
285703
264095
259293
268897
273699
278500
271298
276100
2363279
2618769
2640060
2533606
2831677
2469733
2512315
2661351
2576188
2725223
2427152
2725223
2703932
2725223
2831677
2235535
946096
894356
790877
813051
997836
938705
776094
776094
813051
850008
776094
872182
813051
872182
968270
968270
2068877
2100706
1877903
2148449
1734673
1686930
1893818
1718759
1734673
1734673
1925647
2052962
1671016
1702845
1830160
1686930
502558
444887
469603
465484
498438
531393
514916
444887
457245
477842
465484
486080
506677
531393
519035
539632
2742587
3124165
2885679
3124165
2742587
2527950
2933376
2551799
2504101
2957225
3171862
2837982
3004922
2527950
2837982
3124165
3533297
3085043
3295986
3137778
2926835
2953203
2821364
3295986
2874100
3454193
2979571
2926835
2926835
3322354
3559665
3533297
2364147
2787910
2988639
2765606
2497967
2386450
2341844
2721000
2631787
2676393
2609483
2564877
2453360
2520270
2787910
2721000
2406401
2555470
2236036
2832313
2725835
2491584
2789722
2512879
2598061
2491584
2321219
2576766
2768426
2406401
2661948
2278628
2711484
2896885
2920060
2734659
2665134
2456558
2734659
2502908
2734659
2549258
2479733
2502908
2641959
2943235
2502908
3012760
549728
679381
627520
658637
627520
663823
544542
601589
669009
658637
611962
679381
570473
606776
643078
565287
2242015
2470016
2204015
2280015
2033013
2394016
2356016
2166014
2375016
2470016
2508017
2565017
2280015
2052014
2375016
2071014
1195541
1293536
1087746
1136744
1244539
1254338
1146543
1117145
1028949
1126944
1136744
1107345
1273937
1146543
1303336
1205340
1170306
1327658
1317824
1307989
1307989
1180141
1317824
1189975
1209644
1209644
1219479
1071961
1209644
1278486
1317824
1278486
1782859
1829369
1891381
2061916
1736350
1922388
1658834
1705344
2030910
1968897
1658834
1844872
1953394
1782859
1813866
2030910
2302907
2504916
2403911
2424112
2565519
2201902
2626122
2141299
2504916
2605921
2363509
2565519
2686725
2222103
2444313
2464514
2723866
2617465
2808987
2681306
2830267
2766427
2617465
2532344
2362103
2362103
2276982
2808987
2511064
2447224
2745147
2532344
202646
204408
186786
234364
192073
218505
195597
199121
229078
202646
211456
230840
237888
220267
236126
188548
2127265
1921401
1955712
2058644
1921401
1972867
1904246
2058644
1869935
2230198
2298819
2178731
1852779
2195887
2247353
1835624
1978262
1630933
1691338
2023566
1766845
1706440
2038667
1827250
1797047
1721541
1585630
1797047
1963161
1630933
1887655
1993363
1359449
1346744
1651668
1473796
1575437
1372155
1435680
1372155
1677078
1334039
1715193
1626257
1334039
1588142
1346744
1334039
637296
616052
568255
669160
631985
647917
711647
706336
557634
631985
616052
706336
605431
631985
658539
578877
32858
31604
26337
30601
28092
26337
28594
31604
32357
27591
28845
32858
32106
29096
30852
27340
312682
341108
352478
383746
349636
378061
363848
372376
366691
383746
312682
332580
306997
326895
304154
372376
97871
98624
99377
101636
85073
98624
100130
85826
93354
84320
83567
87331
79803
100883
84320
94860
2436139
2637288
2413789
2793737
2771387
2525538
2391439
2480838
2436139
2927836
2994886
2905487
2659638
2860787
2994886
2637288
1766735
1912746
1781336
1752134
1766735
1810538
1912746
1533117
1956550
1533117
1956550
1620724
1562319
1708331
1649926
1562319
2627128
2701481
2726265
2850186
2924539
3345871
3221949
3048460
3296302
3321086
2602344
3345871
2825402
2974107
3246734
2627128
2744759
2491042
2421847
2721694
2629433
2444912
2906216
2998477
2860086
2583303
2698629
2444912
2721694
2813955
2998477
2813955
2590288
2783954
2832371
3268120
2880787
3147079
3122870
2832371
2929204
2977620
2735537
2638704
2953412
3001829
2880787
3001829
1950935
1933036
2255209
1879341
2201514
1933036
2165717
2022529
2076224
2022529
1915138
2219412
1968833
2219412
1950935
2183615
625254
688305
662034
662034
604237
620000
693559
567457
588474
693559
672542
646271
583220
709322
698813
651525
1352004
1637289
1637289
1476041
1525656
1488445
1612482
1314793
1488445
1302389
1364408
1463637
1674500
1339600
1364408
1550463
2706685
2758241
3454246
3454246
3273800
3119133
2912909
2784019
2938687
3144911
2861353
3351134
3119133
3376912
3402690
2758241
897350
747792
876956
842965
842965
747792
829369
910946
904148
720599
747792
747792
802176
815773
720599
917744
632614
622806
652230
534534
568862
632614
642422
612998
554150
657134
549246
608094
514918
657134
612998
622806
1678212
1500220
1398510
1627357
1627357
1398510
1601929
1449365
1716353
1474792
1627357
1716353
1462078
1678212
1411224
1347655
1112068
925308
1018688
1010199
976243
1103579
1103579
1001710
1018688
1129046
899841
1052644
916819
942286
959264
1103579
61471
63227
79034
73180
75521
70838
75521
72594
66154
79034
62642
66740
64398
69081
77863
75521
1242767
1309344
1253863
1209479
1209479
1331536
1264959
1442498
1409209
1231671
1320440
1276056
1220575
1264959
1165094
1187286
743774
743774
698104
848164
737250
841639
724201
861212
809018
711153
711153
776396
861212
802493
822066
822066
2636800
2440674
2898301
2702175
2745759
2397091
2789342
2418883
2898301
2658592
2353507
2527841
2375299
2941884
2484258
2941884
2149497
2015153
2456568
2398992
2283840
2475760
2360608
2475760
2379800
2149497
2475760
2552528
2514144
2072729
2514144
2015153
1892950
1814077
1750979
1798303
1892950
2098020
1861401
1971823
1703655
2113795
1861401
1908725
1845627
1829852
1845627
2082245
390036
386839
409218
374051
351672
380445
412415
338884
383642
367657
335687
348475
335687
415612
354869
374051
1909425
2050284
1815519
1784217
2050284
1705962
1987680
1705962
1831170
1799868
1643358
1987680
1690311
1799868
1972029
2097238
2898376
3133380
3368383
3420606
3028934
2872265
2820042
2767819
3159491
3498941
3498941
3185603
2924488
2976711
2976711
3159491
554836
534287
521957
554836
526067
493188
509627
447979
517847
435649
505517
530177
456198
513737
431539
460308
1754434
1876481
1922249
2044297
1968017
1754434
1815458
1952761
1723922
1678154
2059553
1784946
2029041
1723922
2029041
1769690
1177702
1308558
1286748
1188606
1155892
1232225
1428509
1461223
1341271
1417604
1297653
1210416
1155892
1395795
1144988
1144988
2474735
2454937
2375745
2454937
2098575
2474735
2454937
2633118
2593522
2237160
2118373
2652915
2355947
2514330
2514330
2415341
2350309
2424922
2462229
2462229
2443575
2368962
1958591
2331656
2219736
2518188
2126470
2257043
2107817
2294349
2238390
2163777
2915464
2452692
2498969
3077435
2753494
2984880
3008019
2984880
2869187
2684078
2614662
2522108
3077435
2984880
3031157
2452692
2217155
2251265
1876054
2029549
1876054
1858999
1944274
2097769
2148935
2046604
2080714
1910164
2251265
2063659
1807834
1944274
1691012
1732256
1732256
1581028
1553531
1512287
1594776
1649768
1608524
1663516
1855989
1759752
1622272
1443547
1787249
1649768
2433300
1979326
2451459
2179075
2215393
1961167
1979326
2360664
2415141
2051962
2197234
2269870
2451459
2251711
2378823
2124598
3156304
3059929
3108116
2891271
2770801
2987647
2626238
2722614
2818989
2794895
2963553
2698520
2915365
2698520
3204492
2529862
1767871
1752226
1783516
1705291
1861740
2002544
1939965
1752226
1674002
1799161
2096413
1705291
1767871
1814806
1893030
1752226
3151645
2697999
2960636
2554742
2674123
2674123
2889008
2793503
2697999
2697999
2817379
2602494
2745751
2697999
3056140
2697999
3013247
2579522
3058902
2556694
2511039
3036074
2533866
2830626
3013247
2488211
2990419
2625177
2967591
2602349
3036074
2990419
1311084
1378319
1389525
1277466
1255055
1423142
1378319
1243849
1400731
1333496
1187820
1400731
1255055
1378319
1344702
1187820
3038011
2385401
3015507
2385401
2565432
2700454
2475416
2565432
2767966
2812973
2970500
2700454
2407905
2632943
2902988
2722958
2171341
2294913
1941849
2224300
1888890
2012462
1977156
1941849
2188994
2188994
2083075
2312566
2330219
1924196
1906543
2012462
1465373
1632844
1828228
1632844
1493285
1744492
1786360
1786360
1604933
1884051
1814272
1814272
1563065
1800316
1590977
1507241
2641451
2990322
2890644
2691289
2815886
2766047
2616531
3289354
2940483
3065080
3214596
3164757
2990322
2616531
3314273
2691289
932931
791577
756239
756239
911728
763307
841051
756239
798645
947066
911728
763307
897592
798645
911728
805713
2540704
2441457
2520854
2084171
2163568
2143719
2123869
2084171
2223116
2362060
2322362
2242965
2302513
2441457
2183417
2381910
2968610
2840653
2917427
3198933
3378074
2866244
3429256
3173342
2866244
3250116
3301299
2891836
2943019
3429256
3096567
3019793
1708990
1870215
1789603
2160421
1741235
2015318
1692867
2144299
1692867
1805725
1999196
2063686
1725112
1934706
1902460
2063686
2265661
2650014
2730931
2528640
2285890
2427494
2447723
2690472
2670243
2326348
2528640
2144286
2407265
2184744
2548869
2387036
1512412
1489669
1228124
1273610
1432811
1512412
1284981
1284981
1250867
1353210
1387325
1535155
1455554
1512412
1444183
1250867
975179
1076377
993579
1241974
1048778
975179
1113177
1214374
1195975
1076377
1195975
1030378
1177575
1159176
1177575
993579
2528650
2130437
2409186
2190169
2249901
2548560
2090616
2628203
2210079
2229990
2229990
2289722
2548560
2628203
2229990
2249901
942144
990459
1006565
1062932
934092
1006565
1062932
901882
909934
845514
1038775
1014617
869672
1070985
1070985
901882
1966511
1793458
1667601
1935047
1777726
1935047
2060903
1761994
2029439
1966511
1856386
1966511
1950779
1919314
2108100
2060903
3270373
3115867
3193120
2858357
2806855
3270373
3270373
2806855
3064365
3012863
2755353
3090116
2781104
3476380
2961361
3115867
629251
694912
623779
716799
700384
618307
716799
678497
722271
634723
727742
634723
705855
651138
678497
601892
1814745
1753228
1922400
1922400
1860883
1937779
1860883
1799366
1768607
1707091
2030054
1814745
1907020
1845504
1876262
2030054
1370370
1316840
1445312
1220486
1381076
1166956
1445312
1134838
1327546
1209780
1134838
1263310
1413194
1145544
1338252
1209780
2114733
2004261
1893790
1878009
1956917
2130514
2130514
1830664
1909572
1846446
1751756
2114733
1657066
1941135
1925353
2004261
1887774
1669954
1800646
1539262
1902295
1728039
1582826
1524740
1742560
1815167
1626390
1931338
1786124
1800646
1771603
1829688
2349870
2469355
2349870
2449441
2230385
2568926
2190557
2549012
2190557
2648583
2329956
2230385
2150729
2469355
2190557
2130815
2507689
2143979
2545975
2373691
2220549
2086551
2335405
2067408
2143979
2373691
2392833
2373691
2239692
2029123
2354548
2545975
595224
568886
679503
668968
611026
632096
642631
642631
668968
642631
568886
684771
668968
605759
605759
621561
2841451
2311329
2693017
2671812
2608197
2332534
2714222
2671812
2841451
2693017
2502173
2714222
2268920
2608197
2480968
2862656
2618697
2618697
2776722
2821872
2776722
2550972
2889597
2438097
3002472
2641272
3002472
2483247
2596122
2708997
2979897
2370372
2196430
2486524
2693735
2693735
2300035
2424361
2382919
2279314
2610851
2362198
2797340
2652293
2362198
2445082
2486524
2341477
2631402
2563348
2880931
2608717
2449926
2563348
2449926
2404557
2427241
2563348
2608717
2563348
2790193
2449926
2812878
2790193
1678911
1920916
1799914
1996543
1951167
2026794
1830164
1633535
1648660
1966292
2026794
1951167
1724287
1996543
1890666
1890666
1151864
1283506
1316416
1184775
1469998
1228655
1349327
1162834
1250595
1316416
1272536
1437088
1184775
1360297
1173804
1272536
1158441
1330062
1372967
1319336
1158441
1244251
1265704
1351515
1319336
1437325
1319336
1276430
1362241
1426599
1287157
1287157
2963898
2757714
3350493
2731941
3376266
3298947
3066990
3221628
2783487
3376266
3170082
3324720
3479359
3402039
3350493
3221628
440294
396986
476384
418640
458339
472775
458339
469166
440294
458339
433076
458339
461948
465557
418640
422249
2730598
2608332
2302668
2628710
2241536
2261913
2465689
2506444
2180403
2486067
2424934
2486067
2424934
2180403
2323046
2608332
1421115
1327157
1491584
1479839
1468095
1327157
1585542
1562053
1268434
1562053
1303668
1444605
1538563
1303668
1503329
1385881
884657
972392
848101
767678
891968
833479
826167
796922
855412
811545
870035
965081
950458
796922
870035
943147
2117213
1896012
1817011
2117213
1817011
1738011
2006612
2006612
1975012
1674810
1880211
2006612
1722210
2022412
1769611
1785411
3087308
3137920
3137920
3416284
2986085
3390978
3213837
2707721
2707721
2884862
2682415
3315061
2657110
3188532
2707721
2960779
1004078
937139
1112853
1029180
878568
995711
987343
1037547
1096118
878568
1037547
1121220
1062649
1121220
970609
995711
2079238
2079238
1754357
1868065
1933041
1884309
1965530
1884309
1965530
1770601
2144214
1981774
2111726
2095482
2046750
1884309
1596462
1351843
1686585
1622212
1570713
1725209
1351843
1738084
1390467
1441966
1673711
1454841
1351843
1699460
1635086
1570713
1938013
2167946
2102251
2069403
1872317
1938013
1740927
1921589
1888741
2217218
2052980
2102251
2118675
2085827
1790198
1839470
1412906
1401032
1377286
1341667
1353540
1306047
1555383
1496018
1306047
1460398
1424779
1555383
1246681
1424779
1270428
1472271
1545309
1436867
1680863
1477533
1477533
1558865
1775750
1545309
1436867
1829972
1477533
1436867
1667308
1450422
1504643
1829972
1173700
1195846
1262282
1273354
1217991
1306572
1472662
1450517
1173700
1184773
1306572
1395153
1483735
1461589
1295500
1306572
549702
530070
593875
623323
608599
593875
642955
569334
569334
520254
520254
549702
569334
579151
623323
598783
489305
474365
440748
485570
504246
429543
478100
403397
437013
425808
448219
429543
455689
437013
425808
478100
2491623
2471530
2210311
2129936
2632279
2511717
2210311
2632279
2391155
2551904
2310780
2692561
2531811
2290686
2712654
2592092
1254248
1585559
1408071
1396238
1479066
1242415
1538228
1431736
1254248
1313410
1490898
1479066
1597391
1266080
1325243
1573726
1699545
1684767
1758660
1965561
1802996
1876889
1684767
1625652
1817775
1699545
1566537
1788217
1581316
1876889
1817775
1669988
697629
867146
691109
847587
821507
873666
762828
801947
743268
684589
762828
730228
873666
821507
717189
788907
1831332
1915339
1864935
1797730
1915339
2083351
1932140
2217761
2184158
1797730
1982543
2016146
1999345
2083351
2032947
1814531
349592
381112
343861
312340
329533
340995
372516
338130
386843
323802
303744
326668
306609
361054
312340
312340
3264025
3158734
2790215
3132412
2948152
2790215
3264025
2895506
3185057
3290348
3369317
2790215
3316671
2816538
3185057
3448285
1404421
1359479
1337009
1269596
1247126
1426891
1179713
1483068
1213419
1370715
1179713
1348244
1494304
1235890
1426891
1471833
1219124
1285622
1296705
1396451
1318871
1329954
1185875
1429700
1418617
1252373
1219124
1241290
1307788
1307788
1451866
1163709
3068587
3068587
3095040
3544747
2989227
3280214
2909867
3571200
2804054
3518294
3253760
3386027
3306667
3359574
2830507
3438934
450561
477517
512176
508325
412051
469815
450561
419753
404349
431306
427455
404349
404349
435157
516027
516027
98224
101641
109328
111891
99933
105912
95662
111891
114453
91391
106766
99933
106766
115307
98224
89683
2730506
2508514
2530713
2708307
2708307
2952498
2441916
2419717
2375318
2885901
2530713
2908100
2730506
2663908
2930299
2863701
2903951
2509013
2741329
2787793
2462550
2741329
2648403
2927182
2485782
2578708
2532245
3113035
3089804
2578708
3066572
2601940
2342665
2711418
2928332
2906640
2668036
2537887
2906640
2386048
2559579
2342665
2733110
2928332
2711418
2299283
2798184
2928332
864648
750702
797621
784215
723891
777513
804324
824432
770810
757405
904864
817729
884756
730594
891459
723891
399638
418821
354879
431609
406032
338893
428412
361273
338893
415624
431609
370864
402835
367667
415624
342090
143676
134026
141531
116870
115798
140459
128665
131881
137242
124376
127592
114726
139387
137242
122231
116870
2132017
2082048
1998766
2065392
1998766
2181987
1865515
2048735
2231956
2015423
1748920
1848859
2048735
1998766
1765577
1782233
1541063
1526925
1880380
1625892
1852104
1880380
1710722
1724860
1611754
1710722
1894518
1753136
1541063
1866242
1484511
1682445
2587837
2608054
2446315
2223922
2244140
2648489
2122835
2203705
2365445
2163270
2567619
2668707
2405880
2608054
2244140
2608054
2190581
2153453
2060631
2301967
2506173
1986374
2004939
2376224
2227710
2060631
2339095
2060631
2246274
2023503
2376224
2450481
440547
483432
502925
409358
436648
526317
471736
409358
452243
471736
432750
463939
502925
421054
526317
436648
408842
442630
375053
405463
354780
442630
358159
354780
432494
388568
354780
368295
435872
395326
364916
418978
3486069
3486069
3538889
3354021
2773010
3538889
2984287
3221973
3195564
3010696
2984287
3195564
3116335
2799419
3538889
3169154
374926
396351
460624
457053
449911
378497
424916
428487
392780
407063
457053
410633
439199
435629
374926
424916
2278673
2065048
2118454
1958235
1993839
2385486
2029443
2349882
2082850
1869224
2118454
2349882
2118454
2065048
2332080
2403288
1966300
2081964
2098488
2032394
1982823
2081964
1850635
1933253
1817588
2065441
1982823
1817588
1999347
2197629
2015870
1966300
1220160
1114059
1421752
1145889
1294430
1347481
1347481
1326261
1241380
1273210
1188330
1347481
1421752
1421752
1326261
1188330
151699
136272
143986
137558
160698
168412
152985
138843
147842
163269
134986
167126
170983
149128
141414
173554
1572422
1474146
1825133
1684738
1572422
1768975
1881291
1474146
1783015
1684738
1572422
1488185
1797054
1586462
1488185
1488185
2548630
2092159
2054120
2225296
2187257
2054120
2111178
2358434
2301375
2263335
2187257
2548630
2301375
2111178
2301375
2016080
2332857
2133932
2314773
2441362
2170100
2423278
2387110
2242437
1935006
2079679
2242437
2369026
2224352
1916922
2387110
2332857
2218817
2342085
2239362
2280451
2609165
2157184
2424263
2465353
2629710
2691343
2629710
2342085
2773522
2465353
2711888
2239362
410006
381971
441545
381971
427528
388980
462571
459067
466075
378467
466075
413510
438041
466075
438041
434536
3064341
2678282
2774797
2847183
3016083
3040212
3160855
3233241
2750668
2750668
2895440
2605896
3209113
2967826
2581767
3233241
1596434
1445048
1789108
1734058
1720296
1582672
1720296
1527623
1706533
1761583
1665246
1513860
1445048
1816632
1610197
1596434
461636
519340
441027
486366
436905
461636
527584
478122
449270
544071
511097
511097
486366
548192
556436
519340
1616642
1551455
1499305
1694867
1760054
1655754
1538417
1747016
1707904
1760054
1720942
1447155
1564492
1577530
1395006
1681829
1573222
1282781
1536917
1282781
1512713
1270679
1488510
1609527
1331188
1294882
1464306
1331188
1379594
1549018
1549018
1452205
2240945
2000182
2315026
1944622
2426147
2203904
1963142
2481708
2444667
2296506
2407627
1944622
2148344
2426147
2370586
2444667
2708131
2412285
2981220
2958463
2526072
2571587
2753646
2480557
2526072
2890191
2548829
2867433
2435042
2480557
2844676
3049492
2780135
2240706
2219958
2717893
2780135
2780135
2697146
2219958
2510420
2178464
2614157
2593410
2800882
2697146
2593410
2406684
1034112
1067204
943110
1009293
943110
992748
1058931
1058931
885200
1067204
918291
926564
1050658
1075477
984475
1116841
2704470
2531383
2855920
2639562
2920827
2401569
2444840
2509748
2293390
2574655
2769377
2574655
2271754
2704470
2747741
2553019
767682
749690
629739
707707
737694
701709
767682
731697
671722
641734
677719
635737
695712
707707
665724
689714
1364311
1352941
1273357
1216510
1364311
1409788
1273357
1216510
1421157
1216510
1375680
1239249
1216510
1330203
1421157
1216510
375334
375334
400566
419491
369026
400566
350101
334331
369026
356409
413183
350101
416337
365872
334331
365872
1077212
1096798
1253483
1116383
1194726
1233897
1184933
1175140
1263276
1038041
1047833
1312240
1253483
1165347
1214312
1038041
2757750
2977394
2928584
2684535
2708940
3148228
2830964
2904179
3221442
2806560
3270252
3026203
3001799
2586916
3075013
3221442
1894392
2237186
1948517
2291312
2237186
2074810
2128935
1894392
2020684
2363479
2399563
2363479
2002643
1912433
2417605
1948517
945038
945038
871079
994345
862861
1084740
953256
928603
1076522
1002563
920385
1027216
920385
1068304
945038
903950
1615380
1947514
1690865
1721059
1992805
1902223
1841835
1585186
1932417
1585186
1796544
1766350
1902223
1766350
1721059
1660671
991235
991235
1123990
1088589
1044337
964684
973535
964684
1097439
1159391
1106290
1062038
1132840
964684
946984
1177092
350151
306382
311853
344680
287233
341945
341945
322796
317324
292704
363829
347416
333738
295440
311853
344680
1823610
1858017
1875221
2133279
1978445
1858017
2270910
2202095
2253706
2270910
1944037
1806406
1978445
2202095
2064464
2081668
2822941
2734724
2514182
2470073
2337748
2867049
2492127
2778832
2315694
2778832
2536236
2778832
2624453
2911158
2734724
2359802
2781674
3050081
3074481
3245286
2684071
3220885
3269687
2976879
2806074
2976879
3245286
2635270
2659670
2952478
2903677
3147683
768128
625882
722609
745369
694160
648641
654331
722609
751058
768128
631572
762438
603123
733989
745369
762438
352348
404434
367668
346220
337029
370731
379923
352348
337029
386051
386051
395243
407498
367668
379923
404434
881342
1057611
998855
940098
1074398
1116367
898130
1066004
1091186
923311
923311
990461
1074398
1024036
965280
881342
1209322
1369044
1312000
1448904
1346226
1403270
1540174
1528765
1517357
1528765
1369044
1346226
1232139
1300591
1505948
1197913
1161155
1152424
1056389
1012736
1021467
934162
995275
1108772
1091311
1073850
934162
995275
1134963
969084
1065119
1100041
991210
1182177
973022
1136708
1063959
1100334
1118521
1100334
1091240
1100334
1191270
1173083
1082146
1073053
1227645
1073053
1156944
989001
1007661
1091633
1156944
1091633
1138284
1250246
1082303
1147614
1082303
1231586
1156944
1156944
1203595
1100963
237830
242194
292378
248740
283650
235648
242194
274923
279287
283650
261831
266195
253103
290196
272741
283650
1175397
1036091
1036091
1070917
1131864
983851
983851
1062211
940318
957731
1062211
1157984
1166691
1070917
949024
1001264
69272
67481
74647
65092
72855
65092
68078
79424
71661
79424
75244
74647
63898
71064
78230
68675
1147777
959336
959336
925074
1139211
942205
1139211
1062122
985032
1002163
1053556
985032
967901
1113515
1079253
1156342
1754756
1801343
1708170
1941102
1832400
1770285
2096390
2096390
1770285
2018746
1630526
1910044
1708170
1770285
1692641
2018746
601897
497021
574538
583658
515260
501581
611017
533500
611017
592777
611017
579098
551739
487901
538059
497021
2014247
1632761
1693798
1846393
1663280
1892171
1922690
1861652
2029506
1846393
1754836
1922690
1754836
1678539
1617501
1800615
529625
529625
623671
663269
524675
628620
569223
554374
589022
593972
529625
618721
618721
544474
524675
519725
3163806
2545318
2497742
2616682
2711834
2569106
2783198
2521530
2783198
2569106
2592894
2569106
2997290
2569106
3211382
2545318
691571
591182
596759
619068
713880
591182
641376
613490
641376
730611
685994
602336
674839
635799
680417
613490
205334
190310
190310
208673
210343
178624
198657
225367
205334
205334
193649
205334
183632
208673
190310
198657
3241608
2982280
2800749
3267541
3397205
3034145
3060078
3449071
3293474
2774817
3189743
3111944
2852615
3500937
3111944
3034145
1111821
1142422
1305625
1346426
1377027
1173023
1254624
1142422
1213823
1254624
1183223
1183223
1356626
1203623
1173023
1132222
665397
714484
649035
599948
621765
703576
703576
736300
670851
616311
692668
714484
687214
670851
736300
649035
3066459
2810920
2857382
2485690
2927074
3066459
2717997
2694767
3043228
2485690
2741228
2555382
2764459
2439228
2625074
2787690
1493110
1276368
1372697
1517192
1601480
1408821
1288409
1481068
1589439
1577398
1324533
1384739
1372697
1324533
1444945
1625563
603750
527687
556210
613258
532441
589488
637027
641781
546703
594242
637027
556210
622766
613258
603750
627520
1394786
1635704
1394786
1623024
1711783
1470866
1673744
1458186
1534265
1521585
1508905
1661064
1420146
1648384
1572305
1648384
155297
176669
180943
185217
159572
170970
151023
192341
186642
152448
168120
155297
159572
172394
179518
159572
1960745
1758446
2022991
2069675
1836253
1774007
1742884
1665077
1867376
1696200
2085236
2054114
2100798
1929622
1820691
1898499
1953488
1875969
2062016
1968992
1860465
2093023
2046512
1689922
1782946
2031008
1658915
2046512
1705426
1705426
2000000
1720930
544147
501188
525054
553693
596652
634838
563239
558466
529827
620518
591879
634838
625291
587106
601425
534600
999870
1024660
908972
1099030
1082504
892446
1041187
999870
900709
1107294
1074240
875919
1049450
1107294
867655
875919
87015
78594
85612
81401
79296
77893
87717
82103
88419
91226
87015
82805
84910
94033
79296
77893
1201501
1235829
1281601
1315930
1373144
1453244
1453244
1293044
1544787
1476130
1281601
1373144
1396030
1315930
1510458
1373144
688747
699680
617686
677815
672348
573956
579422
634085
612220
601287
699680
666882
710612
579422
655950
655950
1386806
1568258
1503453
1399767
1438649
1373845
1555297
1671944
1646022
1490493
1477532
1581218
1671944
1425689
1503453
1581218
569128
614659
610106
546363
500833
491727
591893
528151
582787
505386
514492
523598
523598
591893
582787
478068
2590071
2411445
2657055
2791025
2523086
2344461
2791025
2657055
2657055
2724040
2746368
2858009
2389117
2344461
2679384
2947322
2202268
2153329
1990198
1729188
2006511
2071763
2039137
1859693
2006511
1941258
1827067
1973885
1941258
1876006
2022824
2088076
1671158
1821836
1684856
1698554
1684856
1479386
1712252
1602668
1616366
1780742
1616366
1849232
1506782
1835534
1643762
1465688
2536729
2536729
2871769
3182877
2752112
3230740
2752112
3135014
2895700
2704249
2584592
3135014
2512798
3039289
2967494
3039289
3216131
2995175
2995175
2774220
2676017
2847871
2896973
2970625
2798770
2651466
3314333
2676017
2676017
2872422
3216131
3240681
2235113
2254381
2273649
2292918
2581941
2119504
2177308
2023163
2158040
2158040
2235113
2215845
2408527
2042431
2061699
2042431
3417013
3365629
2826101
3417013
3031635
2903176
3262862
3134403
2980252
3185786
2723333
3237170
3288554
3417013
3211478
3108711
1001812
1020194
1020194
1102912
1204013
1158058
1011003
1020194
1056958
1148867
1066149
992621
1204013
983430
1075339
974239
593073
604370
677798
689095
666501
706040
626963
604370
655205
751226
649556
751226
660853
632611
711688
689095
2003170
2099322
1971119
1730738
2019195
2083296
2115347
2147398
1730738
2147398
1810865
1826891
1987144
2163423
2131372
1714713
1574679
1673871
1673871
1475486
1599477
1475486
1401092
1562280
1636674
1525083
1475486
1500285
1636674
1339097
1388693
1500285
197100
210240
205312
221737
208597
195457
198742
172462
220095
172462
213525
200385
198742
175747
200385
195457
2713406
2690215
2713406
3061279
2898938
3084470
2991704
2759789
2643832
2504683
2527874
2597449
2574257
2690215
3084470
2713406
1953405
1725508
1969683
2099911
2051075
2083632
1888292
2165024
1953405
2148746
1855735
1823178
1855735
2165024
2067354
2099911
2463135
2463135
2295194
2481795
2145913
2407155
2052613
2519116
2425815
2388495
2145913
2108593
2239214
2332515
2052613
1996632
2208945
2336736
2117667
2190690
2099411
2135922
2044644
2135922
2099411
2354991
2117667
1953365
2190690
2117667
2281968
2227201
374744
331741
331741
414676
322526
325598
414676
344028
353243
402390
387031
387031
390103
365529
362458
362458
2338897
2318734
2298571
2359060
2500200
2459875
2217920
2540526
2258245
2601015
2641341
2540526
2137268
2217920
2217920
2439712
3121707
2993769
2686715
3454348
2917005
3249646
3224059
3121707
2789066
3300822
3019356
3249646
3147295
3275234
3275234
3070532
1881590
2060789
2024949
2329588
2024949
2060789
1917430
2007029
1881590
1899510
2132469
2042869
2114549
2007029
2042869
2150389
1778594
1778594
1972622
1907946
2150482
1956453
2037299
1827101
1827101
2085806
1972622
2118144
1907946
1810932
2101975
2150482
2074137
2001993
2038065
2074137
2164317
2128245
2020029
2344677
2344677
2164317
2326641
1965921
1929849
2164317
2001993
2128245
53990
53485
58531
53485
67109
57017
63577
53990
61054
60045
54999
56512
53990
59540
65090
55503
1276629
1583965
1583965
1241167
1513041
1560324
1418476
1264808
1442118
1536683
1583965
1595786
1477580
1430297
1371194
1453938
2734436
2916732
2890689
3177154
2968816
3307365
3151112
3229239
2812563
2968816
3489661
3099027
3385492
2916732
3255281
3229239
1398109
1509463
1497090
1398109
1521835
1385736
1360991
1299128
1410482
1336246
1336246
1521835
1620817
1546581
1657935
1311500
2889725
2889725
2889725
2563466
2679987
2703291
2889725
2586770
2773204
2959638
2633379
2866421
2982942
2446945
2703291
3099463
2477262
2437626
2318717
2635807
2239445
2675443
2477262
2259263
2477262
2655625
2378172
2378172
2298899
2675443
2437626
2556534
158870
137604
131349
135102
133851
152615
142608
148863
146361
155117
167627
168878
158870
156368
150114
142608
131997
127872
118591
115497
126841
118591
110341
129934
130966
118591
130966
125810
128903
114466
115497
109310
2956139
3072523
2444052
2932862
2979416
3142353
2606989
3025969
3049246
2839756
2769926
2723372
2653542
3119076
2630265
3025969
2481208
2569823
2481208
2857820
2879974
2769206
2902128
2370440
2747052
2414747
2547669
2414747
2436901
2392594
2436901
2747052
2348652
2135138
2076907
2348652
2193369
2562166
2038086
2193369
2368062
2581576
2620397
2562166
2387473
2290421
2096317
2096317
2722105
2470833
2638348
2701165
2491773
2261441
2198623
2428955
2387076
2491773
2743044
2512712
2198623
2449894
2219562
2408016
2360672
2683499
2259789
2360672
2602793
2118552
2562439
2380849
2320319
2441379
2501909
2179082
2279965
2320319
2158905
2481732
1735196
1963511
1674312
2009174
2009174
1613428
1796080
1856964
1993953
1841743
1628649
2039616
1719975
1933069
2039616
1750417
2183959
2397028
2379273
2130692
2254982
2148448
2272738
2237227
2326005
2343761
2361517
2006402
2112936
2130692
2343761
2290494
1339320
1196606
1174650
1174650
1284430
1328342
1251496
1471057
1240518
1240518
1383233
1405189
1482035
1372255
1284430
1361276
2574449
2845444
2980941
2642198
2845444
2484117
2732529
2935775
2868027
2800278
2551866
2664781
2551866
2732529
2506700
2890609
514248
589048
593723
584373
551648
518923
560998
565673
528273
570348
528273
579698
631123
551648
603073
500223
635850
662566
561044
609133
646536
614477
705312
694626
593104
683939
689283
699969
673253
593104
641193
635850
1125371
1187892
1134303
1125371
1134303
1107508
1071782
1116440
1116440
1116440
955672
1018193
1062850
1053919
1196823
1044987
2787138
3072999
3096821
3215929
2787138
2620387
3144464
2668030
3144464
2715673
2572743
2572743
3096821
2953890
3120642
2930069
2592903
3013374
2476105
2966655
2943295
2873217
3036733
3060093
2546184
2803138
2499465
2873217
3153531
3036733
2756419
3060093
2397355
2796914
2628678
2586619
2691767
2607649
2817943
2649708
2250149
2712796
2292207
2712796
2271178
2523531
2481472
2250149
2595881
2384365
2230535
2076705
2211306
2153620
2326678
2499737
2499737
2461280
2057476
2230535
2442051
2038247
2288221
2384365
2877437
3240140
3167599
2877437
2829077
2756537
3119239
3215959
2708176
3095059
2877437
2756537
3240140
3240140
2683996
3095059
1012492
1130013
1102893
1220414
1093853
1093853
949211
1075773
1003452
1202334
1111933
1166174
1166174
1211374
1075773
1084813
1504847
1572028
1545156
1813878
1773570
1706389
1639209
1585464
1800442
1531719
1437666
1437666
1424230
1572028
1773570
1451103
1304838
1294644
1274256
1182509
1376196
1366002
1335420
1080569
1253868
1376196
1376196
1192703
1335420
1151927
1345614
1182509
879382
903366
1031276
1015287
975315
863394
887377
935343
1071248
991304
895371
1015287
871388
1015287
991304
871388
1279342
1099286
1165623
995044
1203529
1032950
1051903
1146669
1175099
1279342
1184576
1099286
1118239
995044
1032950
995044
1216452
1327039
1315980
1448684
1481860
1304921
1360215
1437625
1360215
1448684
1470801
1260687
1315980
1459743
1404449
1249628
2042143
2227792
2023578
2320617
2172097
2079273
2116403
2264922
1949318
2246357
2060708
2116403
2172097
2302052
2506266
1949318
1587993
1678367
1665457
1355604
1730009
1652546
1355604
1355604
1652546
1652546
1600904
1497620
1471799
1381425
1717099
1678367
905313
959018
959018
982035
1028068
836264
920658
1005051
828592
1020395
905313
997379
982035
974363
997379
997379
2429864
2492168
2762153
2575240
2533704
2180647
2222183
2616776
2512936
2409096
2596008
2762153
2242951
2180647
2471400
2429864
2357852
2357852
2582410
2784511
2851878
2941701
2649777
2425219
2919246
2851878
2896790
2896790
2402764
2627321
2896790
2806967
475896
472291
389370
479502
385764
475896
479502
472291
392975
443449
468686
472291
486712
483107
479502
443449
210341
207130
194284
168594
175016
179833
191073
194284
170199
205524
179833
171805
170199
213552
210341
211947
1085539
1130770
1148862
1148862
1058400
1076493
1004123
949846
1176000
958892
1221231
1121723
1004123
1203139
976985
1185046
1281499
1291590
1281499
1130141
1220956
1271409
1301680
1069598
1059507
1200775
1281499
1180594
1069598
1281499
1271409
1231047
2279791
2192107
2034275
2227181
2157033
1841370
1841370
2349939
2367476
2367476
1929054
1858907
1841370
1911517
2034275
2174570
350351
355660
297268
331772
278688
334426
297268
305230
310539
318501
305230
323809
286651
337080
281343
321155
3559454
3532890
3346949
2975066
3240696
3320386
3214133
3187570
3373512
3586017
3267260
3240696
3586017
3134444
3532890
2975066
2170020
2149927
2692432
2571875
2612061
2551783
2250391
2190113
2310669
2632154
2612061
2431226
2109741
2290576
2290576
2270484
1157274
979232
1192882
1086057
1059351
1112763
1005938
1139470
1032644
943623
1005938
1086057
1192882
1086057
1032644
1077155
2249258
2553212
2735584
2512685
2654530
2249258
2127676
2411367
2330312
2695057
2127676
2553212
2411367
2735584
2269522
2512685
2384621
2320172
2449071
2900215
2620935
2513520
2599452
2663901
2427588
2320172
2427588
2706868
2599452
2577969
2814283
2384621
936866
958158
802014
851696
787819
766526
929768
802014
865891
851696
929768
915573
887183
823306
922671
851696
679008
814809
802464
827155
753081
654316
660489
672835
734563
672835
790118
796291
765427
722217
691353
771600
1441571
1479177
1654672
1391429
1529318
1579460
1441571
1391429
1591995
1378894
1454106
1316217
1541854
1554389
1378894
1554389
1657560
1657560
1989072
2020645
1973286
1736491
1704919
2083790
2099576
1752278
1815423
2020645
1957499
2099576
1799637
1989072
2267176
1878034
2097984
2131822
1979549
2267176
1945711
1810357
2131822
1861115
2284096
1894953
2131822
2165661
1996469
2199499
1959341
2107215
2384481
2495387
2125700
2070247
2088731
2476902
2273575
2347512
2347512
2236606
2495387
2070247
2199637
1977825
2525563
2076574
2469440
2039158
1983035
2076574
2057866
2319777
2450732
2263653
2413316
2450732
1983035
2151406
2001743
1964327
1313562
1054830
1214050
1224001
1104586
1283708
1313562
1064781
1343416
1243903
1154342
1104586
1263806
1323513
1164293
1064781
873435
806248
1007810
1007810
851039
918226
910761
970483
940622
903296
940622
933157
888365
858504
858504
865970
303836
277311
262842
253197
306247
313482
299013
255608
267665
294190
260431
255608
255608
299013
318304
311070
148295
166312
174628
178786
149681
146909
166312
157997
171856
152453
178786
157997
173242
166312
169084
153839
1200842
1042053
1171069
1061902
1339783
1042053
1180994
1131372
1171069
1329858
1081750
1131372
1280237
1200842
1300085
1220691
1442950
1511662
1470435
1759025
1484178
1580374
1731541
1855222
1635344
1621602
1662829
1662829
1539147
1635344
1525405
1827737
2949629
2949629
3318333
3344669
3450013
3265661
3212989
2949629
3186653
2765277
3555357
3291997
3212989
2949629
2765277
3371005
17331
16112
16383
16925
14623
18008
17737
17466
15300
17602
17195
16383
14758
17602
17737
16112
2500168
3018221
2612788
2365024
2928125
2410072
2545216
2702884
2680360
2590264
2702884
2590264
2635312
2747932
2387548
2477644
564051
495160
576969
572663
456408
555440
568357
499465
512383
473631
564051
576969
490854
482242
508077
520994
62700
65228
66240
57644
66745
63206
66745
61183
66745
57644
54610
60678
60678
65228
68262
58655
301781
262915
292636
240053
281205
285777
251484
249197
308639
281205
240053
306353
262915
240053
306353
294922
1021111
1004233
1080184
1029550
1113940
886088
1130817
886088
1139256
1097062
1080184
1097062
1097062
894527
1080184
1063306
46424
48934
50188
55207
51443
56044
46006
45588
56044
51861
53952
56044
51443
49352
48515
54789
906853
956446
892683
793496
921022
843090
885598
800581
928107
942277
758072
779326
814750
800581
786411
857259
1876926
1675273
1659761
1876926
2032044
1659761
1985509
1768344
1969997
1752832
1954485
1737320
1876926
1706296
1830391
1690785
635593
669045
657894
691347
646744
630017
646744
747100
596565
657894
585414
596565
646744
680196
596565
685771
281909
297285
310100
322914
343416
271657
304974
271657
292160
328039
269095
322914
320351
345979
325476
299848
763927
746824
649908
729721
655609
604300
667011
758226
627104
615702
729721
638506
695515
621403
638506
706917
2901978
3372569
3477145
3529433
3503289
3346425
2797402
2823546
3032698
2980410
2797402
3294137
2797402
3137274
3215705
3503289
1754804
1574824
1784801
1799799
1829796
1649816
1604821
1904787
1739806
2024774
1619819
1844794
1949782
1649816
1694811
1964781
963649
913372
963649
972028
1072583
1013926
997167
1005547
988788
1064204
1080963
938510
988788
1039065
997167
1030685
189357
211266
197182
200312
201877
197182
186227
169013
170578
173708
164318
186227
178403
183097
181533
198747
1266236
1116681
1276207
1156562
1296148
1166533
1246296
1306118
1306118
1236325
1086770
1236325
1056859
1146592
1306118
1246296
2708326
3225370
2708326
2782189
2806811
2732947
2609841
2979159
2609841
2979159
3225370
2856053
3077643
2585220
2782189
2929916
397447
417829
394050
363477
434814
390653
448402
451799
370271
421226
417829
455196
407638
417829
356683
387256
1633834
1507071
1816936
1873275
1577495
1563410
1901445
1746512
1591580
1563410
1760597
1704258
1704258
1549325
1619749
1845106
2376360
2855992
2877794
2550771
2550771
2310955
2943198
2354558
2834191
2594374
2637977
2725183
2419963
2616176
2812389
2463566
2253627
2416051
2314536
2497262
2578474
2355142
2172415
2598777
2294233
2537868
2294233
2740898
2192718
2172415
2659686
2395748
1465155
1632601
1493063
1730278
1660509
1548878
1548878
1841909
1730278
1493063
1800047
1618647
1869817
1618647
1618647
1758186
1456641
1796978
1579162
1579162
1470254
1592775
1783364
1429414
1456641
1429414
1769751
1456641
1592775
1742524
1756137
1728910
2338899
2435548
2609516
2261580
2377559
2551527
2551527
2280910
2435548
2377559
2048953
2164932
2609516
2609516
2184261
2203591
3284472
3464091
3002212
3412772
2694293
3156172
2848253
3284472
3412772
3412772
3233152
2719953
2873913
3156172
3181832
2694293
1908186
1684571
1908186
1654755
1833648
1818740
1744202
1624940
1699478
1639848
1818740
1893279
1565309
1624940
1580217
1624940
2000626
2180862
2270981
2108768
2180862
2126791
1928531
2144815
2072720
2144815
2397146
2433194
2162839
2252957
2379123
2162839
2886213
2815818
2839283
2463840
3003539
2463840
2557701
2510771
2698492
2651561
2581166
2721957
2980074
2581166
2721957
2909678
452767
448962
464181
422329
483205
410915
410915
422329
426134
422329
422329
437548
509839
460377
487010
513643
747643
779057
848167
797905
804188
810470
785340
797905
678533
716230
741360
722512
697381
716230
659685
659685
2458029
2182876
1944411
2219563
1926067
2219563
1981098
1926067
1926067
2127846
2146189
2292937
2017785
2072815
2274594
2274594
2570349
2687183
3154519
3061052
2827384
2967584
3154519
3014318
2827384
2546982
3154519
2640449
3131152
2780650
2967584
3084418
2334926
2276553
2510045
2315468
2587876
2198722
2510045
2393299
2334926
2373841
2296010
2159806
2548961
2412757
2451672
2354384
2706255
2974442
2950062
2559971
2925681
3145107
3047585
2608732
3023204
2950062
3145107
2633113
3096346
3096346
2706255
2901300
764813
857734
843439
857734
886325
929212
964951
886325
900621
922064
864882
893473
907769
800552
814848
793404
2812693
3155107
3301857
2812693
2934984
3252940
2665943
3252940
3204024
3179566
3277398
2739318
2641485
3032816
2641485
3155107
335514
332808
321985
324691
297633
349043
327396
319279
289516
335514
324691
346337
343631
349043
303045
346337
2760732
2589713
2614144
2614144
2663007
2882888
3053907
3200495
2687438
3249357
2589713
2614144
3102770
2736301
2785163
3005044
3119678
2842933
2767457
3220313
3195154
2641663
3295789
3320948
2817774
3346107
3220313
2893250
3396424
2641663
2691980
3169996
2906528
2491310
2906528
2583581
2675852
2606648
2721987
3044935
2445175
2560513
2675852
2814258
2929596
2745055
2721987
2675852
2278964
2119037
2578828
2218992
2478874
2578828
2159019
2478874
2358928
2698774
2458883
2538846
2518855
2678783
2218992
2119037
998647
1007980
1007980
1194643
1259975
1138644
1166643
1213309
1091978
998647
1185310
1110644
1222642
1231975
1213309
1213309
948346
1128983
1192206
1029633
1101888
1183174
975441
1002537
1219302
1092856
966410
1138015
1011569
1101888
1128983
1020601
2481969
2341857
2522000
2161715
2501985
2441937
2501985
2421921
2501985
2261794
2301826
2481969
2341857
2321842
2501985
2361873
1646164
1329594
1430896
1519536
1405570
1405570
1354919
1570187
1456222
1646164
1532198
1684152
1405570
1633501
1671489
1380245
1356762
1144768
1324963
1420361
1367362
1367362
1208366
1261365
1134168
1240166
1271965
1282564
1420361
1293164
1367362
1409761
1574407
1805513
1588852
1906622
1863290
1531075
1559963
1689960
1949954
1877734
1935510
1545519
1834401
1603296
1834401
1689960
3361008
3027472
3284038
2745250
2796563
2899190
3258381
2847877
2899190
3053129
2950503
3309694
3309694
2693937
3155755
3309694
998671
930965
990208
1040988
973281
930965
1007135
973281
1142548
930965
1057915
1142548
990208
888648
956355
990208
2689086
2399492
2275380
2234010
2213324
2213324
2751142
2751142
2606345
2647715
2358121
2668401
2192639
2192639
2585660
2647715
1211278
1107750
1345865
1294101
1345865
1211278
1169867
1159514
1087045
1325159
1097397
1366570
1169867
1242337
1263042
1304454
2086282
2449114
1904866
2376548
2322123
1904866
2249557
2158849
2322123
2376548
2322123
2285840
1923008
1904866
2394689
2303981
220343
218608
192583
215138
204728
208198
199523
229018
220343
199523
182173
216873
230753
192583
230753
222078
1284735
1296521
1261161
1579399
1331881
1320094
1461533
1544039
1249375
1308308
1496893
1437960
1390814
1343667
1296521
1355454
1077374
1260324
1148521
1128194
1148521
1118030
1209505
1118030
1321308
1361963
1300980
1107866
1168849
1138357
1158685
1300980
1708451
1708451
1801640
1832702
1677389
2034610
2003548
2081204
1723983
2034610
1770577
1925891
1801640
1786108
1910359
1646326
801286
787932
747867
848028
841351
861383
767899
861383
701125
834673
727835
834673
814641
848028
841351
901447
1898752
2078807
1784173
1767804
1996964
2127912
1849647
1931490
2177018
2127912
1718698
1882384
1849647
2177018
2160649
2095175
2438061
2460429
2460429
2997250
2885412
2661737
2706472
2527532
2505164
2370959
3019617
2751207
2997250
2393326
2773574
2907780
884284
768312
775560
906028
906028
978511
833546
935021
898780
811801
804553
978511
913276
935021
877035
964014
1552663
1376224
1317411
1552663
1246835
1505612
1587951
1458562
1458562
1540900
1235073
1317411
1446799
1435037
1376224
1305648
2561758
2849058
3040592
2585700
2561758
3040592
2633583
2561758
3016650
2633583
2777233
3232125
3208183
2944825
3112417
3160300
2375626
2161283
2143422
2018389
2179145
2286316
2357764
2411349
2322040
1929079
2411349
2179145
1982665
2375626
1911217
2125560
704336
614896
586946
626076
603716
665206
726696
704336
693156
681976
598126
631666
754645
687566
626076
749055
1110499
1101321
1174743
1165565
1018722
991189
1156387
1064610
991189
991189
1009544
1202276
1202276
1165565
1174743
1009544
2494855
2158247
2633458
2455254
2217649
2395853
2158247
2158247
2138447
2475055
2197848
2554256
2415653
2534456
2673059
2257250
896731
1077722
880277
937865
1053041
1110630
1077722
888504
1053041
962546
1110630
896731
921411
1036588
1094176
913184
1923515
1667046
1809529
1638549
1866522
1510315
1538812
1895018
1652798
1766784
1538812
1595805
1595805
1652798
1496067
1766784
1414910
1318164
1402817
1306071
1487469
1572122
1560029
1402817
1390723
1560029
1342350
1281884
1547936
1330257
1366537
1463283
184051
173039
193490
185624
188770
191916
201355
201355
212367
198209
188770
210794
182478
174612
210794
180905
1596629
1400322
1596629
1544281
1609716
1570455
1505019
1518107
1491932
1688239
1596629
1727501
1505019
1413410
1374148
1740588
2685820
2455007
2287143
2434024
2266160
2748769
2517956
2748769
2287143
2748769
2538939
2790735
2371075
2475990
2790735
2727786
327910
354026
327910
374339
371438
371438
325008
330812
383045
316302
319204
345321
391751
336615
313400
322106
448103
359167
413897
366008
441262
389952
403635
434421
431000
420738
431000
451524
379691
362587
441262
451524
1533359
1640027
1533359
1533359
1786697
1453358
1560026
1760029
1626694
1653361
1400023
1706695
1786697
1613360
1613360
1400023
630206
619524
720998
694294
608843
619524
662250
592821
656909
699635
720998
598161
683613
587480
720998
710317
1363442
1502311
1464438
1376067
1489687
1325569
1388691
1350818
1590683
1502311
1590683
1363442
1388691
1704303
1565434
1527560
211775
205406
181522
210183
197445
206999
205406
194260
186299
192668
213368
189483
170376
183114
187891
181522
2540301
2517416
2769157
2814928
2540301
2883585
2540301
2471644
2563187
2906471
2677615
2883585
2517416
2586072
2471644
2814928
2183646
1866934
1883603
2033625
2233654
2216984
1750251
2150308
2216984
1966949
1933610
1983618
2016956
1750251
2166977
1866934
1506085
1530377
1578960
1396772
1348189
1591106
1287460
1481793
1275314
1287460
1348189
1457502
1311751
1457502
1360335
1578960
1405828
1381589
1333113
1539139
1454305
1539139
1599735
1442185
1478543
1563378
1345232
1478543
1357351
1442185
1502782
1587616
269685
276909
260054
310620
276909
288949
284133
303396
257646
315436
262462
252830
300988
276909
264870
296172
552860
535168
499785
468825
539591
477671
557282
477671
513054
544014
473248
535168
508631
468825
468825
517476
428752
399928
482796
428752
407134
428752
453972
435958
428752
428752
475590
385516
389119
410737
381913
381913
