807248
762754
819961
826317
680123
667410
883524
730973
724617
921662
788179
883524
788179
832673
705548
832673
2914083
3122232
3052849
2474658
3145360
2983466
2705935
2451530
3237871
2867828
3099105
3260998
3099105
3284126
2798445
3168488
1695555
1671841
1280559
1304273
1339844
1707412
1446557
1541413
1387272
1482128
1422843
1410986
1517699
1517699
1683698
1565127
3464815
3588558
3266825
2747103
3464815
3563809
3514312
3167831
3316323
2796600
3440066
3167831
2870846
2648108
3464815
3588558
325833
287780
263996
278266
323455
332969
252105
309185
252105
318698
280645
335347
344860
297293
344860
278266
267157
219524
234021
250589
269228
229879
219524
289938
242305
298222
292009
248518
254731
260944
271299
267157
1938103
2131914
1863561
1818835
1997737
1699567
1744293
2161731
1878469
1893378
1565391
1818835
1908286
1565391
1938103
1938103
210783
201054
214026
192947
215647
218890
170248
173490
214026
233483
186462
199433
209161
191326
192947
189704
1270425
1152246
1181791
1339363
1043915
1260577
1329515
1152246
1122701
1349211
1122701
1103005
1201487
1309818
1073460
1162094
1237931
1086529
1246837
988563
1050905
1166683
1255743
1095435
1015281
970751
1122153
997469
1229025
1237931
997469
1033093
2817651
2968213
2559546
2365966
2495019
2946704
2495019
2559546
2624072
2624072
2602563
3054248
2387475
2258422
3075756
3032739
3207583
3759708
3759708
2997250
3549375
3654542
3470500
3312750
3049833
3102417
2997250
2813208
3391625
3049833
3628250
2786917
3201880
3418549
3394474
3394474
3081509
2527800
3250029
2696320
2816691
3177806
3033360
2912989
3442623
3129657
2840766
2768543
2846768
3145219
2731979
2594232
2892684
3168177
2571274
3145219
3260009
3168177
3168177
2410570
2984515
3214093
2456485
2663105
903592
874907
889249
975306
752993
767336
788850
788850
767336
1032677
1003991
774507
896421
839050
839050
853393
2224167
2051751
1931060
2034509
1896577
2189684
2310375
2068993
1862093
1931060
2068993
2224167
2362100
2068993
2362100
2241409
1381232
1438783
1530865
1404252
1530865
1415763
1323681
1450294
1530865
1231598
1404252
1404252
1622948
1645968
1381232
1622948
2423585
2613257
2318212
2908303
2781855
2971527
2887228
2781855
2845079
2697556
2297137
2718631
2212839
2318212
2866153
2233913
268759
347660
276156
258896
342729
268759
342729
325469
342729
355057
315607
337798
261362
335332
308210
330401
386569
409477
306392
337890
366525
395160
326436
320709
329300
372252
386569
346481
343617
346481
340754
349344
279801
322331
270847
302185
248463
297708
304423
295470
282039
277562
293231
315615
248463
241748
302185
317854
1696214
1847908
1544520
1585891
1558310
1778956
1613472
1572101
1834117
1985811
1613472
1834117
1668633
1916860
1765166
1585891
610507
720980
697723
651208
691908
686094
790752
639579
843082
720980
750052
720980
808196
802381
738423
720980
2688823
2323911
2592793
2765646
2381529
2189470
2189470
2573587
2535176
2765646
2688823
2189470
2151058
2208676
2151058
2554382
3225532
2630753
3202656
2676506
2790886
3065400
2470620
2470620
3179780
2653629
2722258
2928143
3019647
2401992
2699382
2790886
1464005
1658342
1865635
1567651
1645386
1412182
1502872
1710165
1412182
1826767
1839723
1399226
1852679
1554696
1761988
1761988
1041303
1033414
1088635
907195
1064969
1135967
1041303
993971
859863
986082
938750
1057080
1041303
1009748
883529
1033414
1883274
2370907
2202758
1849644
2404537
1849644
1984164
2253203
2169128
2135498
2202758
2068238
1967349
1883274
1799199
2253203
2553309
2714148
2392471
2312052
2412576
2814672
2131108
2513100
2312052
2734252
2392471
2372366
2432680
2553309
2734252
2392471
2459517
2617468
2459517
2459517
3068755
3023626
2527210
2527210
2752854
3046191
3113884
3046191
2910805
2504646
2730289
2527210
1800419
1589433
1617564
1927011
1490972
1927011
1983274
2011406
1687893
1786354
1800419
1828551
2039538
1870748
1645696
1969209
1665019
1729555
1355248
1755369
1703741
1613391
1626298
1587576
1445598
1626298
1368155
1613391
1690834
1587576
1652112
1858626
2614327
3256025
3089659
2543027
2828226
2709393
2566793
3018359
3398625
2804459
3327325
3160959
2614327
3327325
3065892
3398625
2575701
2270433
2632939
2728335
2671097
2327670
2594780
2365829
2079640
2022402
2060561
2155957
2117798
2384908
2537542
2423067
1474780
1317170
1395975
1531070
1362202
1260881
1587359
1508554
1350944
1350944
1418491
1452265
1283397
1182076
1272139
1542328
472472
434060
434060
430218
464790
426377
407171
418695
426377
480155
411012
403330
472472
464790
510884
411012
1301626
1140267
1549042
1215568
1161781
1333897
1194053
1398441
1280111
1183296
1151024
1441470
1247839
1473741
1333897
1538285
922544
922544
1107053
1042876
954633
866390
1058921
1155186
1034854
842323
850345
866390
890456
850345
858367
1050899
2710442
3454015
2974291
3286112
3406043
3430029
2542539
2806387
3094222
3430029
2590511
2806387
3334084
2614497
2878346
2830373
2591670
2029839
2446681
2446681
2519176
2301693
2573546
2156704
2211075
2066086
2464805
2247322
2102334
2011716
2428558
2337940
2272502
2348252
2102064
2537627
1988439
2348252
2575502
2499752
2045252
2158877
2632315
2480815
2670190
2651252
2329314
2670190
2304452
2343511
2089630
2363040
2812213
2128689
2499745
2128689
2109160
2558333
2226335
2089630
2167747
2558333
2519274
2050572
884488
700219
786211
749358
841492
792354
841492
773927
687935
687935
663366
847634
669508
644939
884488
694077
2570339
2951130
2713136
3308122
3093927
3117726
3236723
3331921
2832133
3070127
2927331
2594138
3308122
3070127
3284322
2689336
1782380
1926121
1552396
1710510
1782380
1538022
1825503
1940495
1753632
1882999
1854251
1624266
1710510
2084235
1696136
1753632
255726
251200
323619
303251
316829
328145
294199
323619
285146
276094
323619
321355
323619
280620
307777
273831
3772681
3081908
3799249
2975636
2869363
3560136
3108477
3347590
3480431
2816227
3586704
3081908
3241317
3161613
3586704
3586704
835983
897339
928017
828313
851322
1043061
1020052
1112087
1112087
1073739
920348
851322
897339
943357
966365
974035
1333983
1113252
1180431
1353177
1324386
1122849
1094058
1324386
1007685
1055670
1209222
1209222
1065267
1026879
1084461
1305191
1800808
1701453
1800808
1316453
1390969
1304033
1515163
1465485
1328872
1577259
1341291
1453066
1428227
1701453
1515163
1428227
145616
155165
157552
169488
164714
137261
131293
162326
163520
149197
165907
151584
138455
132487
125325
156358
3393470
2963312
3154493
3417368
3297879
3082800
2891619
3011107
2676540
2676540
3178391
3465163
3035005
2891619
2843823
2939414
2631567
3080859
2374829
2503198
2695752
2588778
2973885
2952490
3059464
2781331
2267855
2738542
2717147
2652962
2481803
2866911
2647350
3205965
2914514
3060240
3424554
3497417
3181678
2720213
3448842
2720213
2914514
3351691
2841651
2817363
3473129
3473129
1024935
982582
931759
974112
1228228
914818
965641
957171
914818
1067288
1143522
1177405
1101170
1168934
889406
982582
2739888
2944739
3175197
2944739
3252016
2714281
2919133
3687325
2816707
3636113
2867920
3712932
3380048
3354442
2816707
2739888
2266604
2266604
2792780
2833255
2165416
2914205
2549930
2428504
2205891
2428504
2934443
2347554
2226129
2226129
2226129
2408267
2632665
2730171
3485843
3534596
3534596
2803300
2900807
3485843
3022689
3242078
2852054
2559535
2900807
3290831
3339584
3120195
1571583
1522084
1559208
1720079
1398337
1596332
1769577
1720079
1385963
1781952
1720079
1373588
1423087
1398337
1324089
1794327
1528329
1189913
1146247
1528329
1495579
1582912
1451913
1375496
1484663
1178997
1386413
1342746
1200830
1408246
1288163
1364580
1175775
1185739
1285381
1444809
1424880
1394988
1385023
1155847
1444809
1155847
1096062
1245525
1345167
1175775
1305310
1155847
3168456
3194216
3245736
3606373
3735172
3245736
3168456
3348775
2756299
3142696
3580613
3503334
2756299
3606373
3091177
3735172
1105219
1242148
1379078
1193245
1369298
1310613
1163903
1144341
1222587
1183464
1173684
1281271
1369298
1251929
1075877
1114999
1286390
1088484
1068693
1167646
1147855
1048902
1256704
1405134
1246809
1335866
1365552
1375448
1405134
1217123
1306180
1078588
2813434
2907215
3305785
2719653
2625872
3235450
3024442
2532091
2485200
2789989
2461755
3258895
2625872
2719653
2813434
2930661
1498948
1522008
1406705
1245279
1671903
1533539
1245279
1418235
1556599
1671903
1233749
1210688
1429765
1406705
1625782
1591191
1079453
1132541
1247565
999821
1070605
955581
1159085
937885
1265261
1114845
1132541
955581
1008669
1097149
1238717
1123693
1101728
1002953
957364
858588
888981
1071336
835794
957364
987756
904177
1033345
1078934
1063738
1025747
858588
812999
1350546
1292830
1616038
1304373
1592951
1650667
1258201
1639124
1396718
1304373
1292830
1223571
1442891
1385175
1604495
1604495
186244
184705
172391
177009
177009
204714
181626
167773
175469
189322
197018
177009
204714
173930
203175
198558
634575
568767
596971
606372
611072
578168
502959
643976
658078
587570
601671
545264
662778
625174
535863
648677
3126195
3809229
3257548
2942301
3520253
3099924
3546524
3362630
2863489
3310089
3651606
3257548
3336359
3677876
3231277
3283818
2143872
1755490
1677813
2112802
1972984
1817631
2190478
2190478
1972984
2252619
2159408
2097266
1802095
1631207
2050660
2097266
1160166
1197591
1075960
1244371
1197591
1122741
1019823
1188234
1104029
1253728
1047892
1132097
1057248
1132097
1197591
1019823
183634
167343
185115
164382
161420
188076
210290
207328
186595
179191
158458
171786
173267
211771
161420
211771
1550834
1461852
1830493
1423717
1627105
1588970
1436428
1449140
1843205
1741511
1716087
1805069
1385581
1690664
1716087
1449140
1755077
1438188
1657573
1352872
1608821
1413812
1523505
1462564
1706325
1645385
1523505
1621009
1486940
1669761
1401624
1547881
1873282
1654733
1732786
2045000
1764007
2123053
1951336
2247939
2169885
2091832
1873282
1654733
1982557
2107443
2216717
1764007
614786
572387
525748
572387
470630
538468
559668
546948
470630
466390
551188
597827
466390
445190
457910
580867
1282140
1511466
1355108
1198749
1386380
1094510
1209173
1386380
1167477
1104934
1313412
1230021
1501043
1136206
1428075
1250869
2639658
2832804
2532355
2446512
2639658
2940107
2553816
2446512
2618198
2317749
2510894
2746961
2725501
2768422
2489434
2274827
85842
82205
93117
83660
98937
93844
96027
98209
91662
88752
85115
77840
99664
90935
79295
103302
2016796
1892686
1706520
2249503
1722034
1861658
2249503
1706520
1939227
1923713
1784089
2202962
1877172
1628951
1923713
1628951
2643317
2681079
2001369
2492270
2209058
2341224
2209058
2209058
2076892
2454509
2039130
2718840
2001369
2718840
2114654
2039130
2500759
2699232
2480912
2580149
2143508
2619843
2500759
2858011
2083966
2123661
2619843
2818316
2421370
2659538
2520607
2401523
1600960
1315518
1452034
1675424
1427213
1538908
1427213
1476855
1625782
1675424
1787119
1538908
1402392
1464444
1327928
1414802
2025589
1776286
1745123
1698379
1745123
1947682
1791867
2196985
1994426
1838612
1900938
1651634
2103497
2103497
1854193
2087915
822074
829350
822074
938475
953025
974850
792975
989399
902100
873000
909375
887550
822074
880275
953025
974850
2730327
3437286
3339775
3266641
3534798
2681571
3315397
3437286
2681571
3144751
3486042
2852216
3412908
3461664
2974106
2681571
800581
702668
673870
708428
823619
662351
604755
823619
673870
691149
835139
668111
622034
812100
656592
656592
2847789
3522266
2947711
2922731
2822808
3172537
3172537
3022653
3122576
2922731
3472304
3572227
3372382
3447324
2672925
2872770
604322
783986
773097
773097
691432
593434
664210
582545
773097
626100
631544
778542
615211
773097
636988
718654
403601
346352
340627
374977
369252
329178
314866
366389
303416
400738
340627
317728
337765
312003
334903
363527
1280683
1258977
1345803
1476041
1324096
1476041
1345803
1183004
1204710
1508601
1345803
1302390
1367509
1508601
1302390
1291536
1025166
1239963
1210672
1220436
1200909
1210672
1308307
1093510
1415706
1064220
1366888
1093510
1337598
1122801
1054456
1239963
3107201
3129555
3241325
2391874
2682476
2436582
3017785
2749538
3017785
3062493
3241325
2950724
3129555
2838954
2414228
3151909
264177
340006
283746
322883
259285
276408
327776
259285
305761
349790
276408
325329
330222
317991
332668
325329
45036
50665
57903
45438
51872
44232
55893
49459
50665
53078
44232
53882
55089
56295
46644
45840
622228
538382
529556
556034
586925
520730
520730
600163
600163
516317
476600
631054
591337
569273
533969
635467
1297758
1251820
1366666
1481512
1366666
1642296
1504481
1412604
1515965
1481512
1492996
1435573
1447058
1435573
1596358
1286274
2448753
2909203
2239458
2595260
2574330
2804555
2365035
2406894
2302247
2678978
2678978
2197599
2344106
2365035
3013850
2574330
1748781
1989992
2080446
1989992
1582948
1854311
1884462
1598024
2065370
1778932
1763856
1959841
1929689
1884462
2110598
1899538
979771
1162905
1089652
1162905
1089652
961457
970614
1016398
988927
1272786
1172062
1043868
1227003
1199532
979771
1236159
886470
672494
709176
703062
855902
843675
782539
678608
745857
813107
654154
868129
849789
874243
813107
794766
2987248
3039200
2857367
2909319
3558721
2805415
3506769
3143104
3636649
3532745
3454817
3610673
2753463
2987248
3117128
3169080
2518952
2411762
2554682
2376033
2125924
2233113
2411762
2465357
2143789
2125924
2322438
2036599
2518952
1875815
2340303
2215248
667240
646389
750646
735007
672453
729794
735007
578623
719369
724581
755858
708943
630751
589048
682879
589048
2582982
2784777
2401366
2361007
2865496
2663700
2421546
2562802
2461905
2643521
2542623
2340827
2926034
2845316
2744418
2340827
695793
716563
680216
586751
695793
654253
623098
669831
638676
680216
700986
752911
565981
664638
742526
680216
2147725
1637833
2116822
2008663
1977761
1807797
2008663
1699638
1946858
1776894
2209530
2116822
1915956
2085920
1854151
1946858
604930
587646
587646
466660
596288
453697
553079
540116
462339
527153
609251
561720
505548
596288
514190
609251
1154782
1539709
1144090
1229629
1454170
1165474
1357938
1496940
1379323
1272399
1454170
1475555
1368631
1390015
1261706
1293784
3804969
2774457
2985844
3012267
3620005
2985844
2932997
3593582
2932997
3831393
3250078
3725699
3646429
2985844
3620005
3223654
629168
789428
759750
694459
825041
670717
730072
641039
706330
836912
741943
658846
676652
777557
688523
836912
228806
212462
225537
194485
174873
183044
212462
173238
178141
223903
228806
228806
227171
207559
228806
217365
1812782
1560181
1604757
1708770
1827641
1619616
2139677
1901935
2005947
2095100
1693911
2095100
2139677
1708770
1634475
2035665
3247698
2868405
3058052
2583935
2702464
2892111
3200287
2560229
3389933
2512817
3413639
2702464
3271404
3271404
3413639
2939522
2160220
2588540
2029862
2625785
2402314
1992617
2663030
2178843
1992617
2141597
1973994
2160220
2495427
2700275
2420936
2607162
2935905
2629168
2519620
2431981
2782536
2475800
2957814
2585349
2804446
2782536
2848266
2431981
2519620
2913995
2475800
2892085
3085143
3702172
3342238
3676462
3239400
3470786
3393657
2905176
3239400
3290819
3187981
3393657
3650753
3522205
3547915
2828048
2435999
2679599
1967538
2098707
2717076
2248615
2492215
2417261
2267353
2286092
2398522
2717076
2361045
2567169
2192399
2510953
2175718
2272416
1740574
2320765
2095135
1853389
1998437
1740574
1837273
2240183
2159601
2256300
1788923
1756690
1933971
2014553
2216300
2557269
2424670
2197357
2595155
2045815
2443613
2121586
2007930
2348899
2386785
2462556
2273128
2708811
2595155
2102644
21444
18019
16232
16679
19806
16679
17870
19657
17721
19508
21295
20402
19359
19359
17423
19508
2231715
2162515
2335516
1954913
2318216
2508517
1833812
1989513
2508517
1868412
2387416
2214415
1851112
2249015
1816512
2404716
1146013
1137943
887757
976532
895827
1097590
871616
871616
879686
1129872
928109
952321
992673
1024956
976532
1154084
1127013
1272434
1036125
1017947
1263345
1063391
1281523
1254257
1090658
1072480
990681
1272434
1117924
1081569
1017947
1036125
2561120
2956929
3026778
2933646
2910363
2817232
2607685
3213041
3282890
2980212
2677534
3306173
2630968
2607685
3026778
3236324
1662783
2211959
1693292
1815331
2211959
2089919
2059410
1647528
2120429
1845841
1601763
2089919
2181449
1617018
1876351
2150939
1038000
1206564
1091231
1286411
1242052
1242052
1179949
993641
1179949
1135590
1100103
1135590
1038000
1002513
1259795
1064616
411602
354830
374700
334959
315089
334959
394570
329282
403086
332120
400248
317927
349152
312250
315089
357668
1236808
1100467
1139422
1149160
1373149
1051774
1188115
1363411
1246547
1119944
1412104
1061512
1071251
1022558
1197853
1363411
874352
1032640
814052
791439
994952
814052
949727
829127
972340
1047715
927114
874352
979877
1002490
806514
859277
1256020
1165586
1316308
1155538
1426838
1195731
1145490
1085201
1105297
1135442
1416790
1225875
1235923
1446935
1446935
1366549
757049
801958
737802
763464
724970
731386
866115
827621
789127
795543
834037
853284
673645
891778
789127
763464
3472947
3038829
2706856
3115438
3140974
3064365
2783465
3268656
2936683
3472947
3217583
2987756
3524020
3140974
2757929
2962220
173771
202259
203683
186591
158103
162377
160952
170923
186591
149557
178045
173771
188015
196561
172347
183742
893106
951194
776930
914889
907628
813235
835018
1002022
864062
813235
842279
914889
878584
864062
856801
820496
1735346
1452848
1735346
1573919
1950583
1923678
1479753
1789155
1600823
1466300
1883321
1910226
1842965
1762251
1950583
1708442
2359780
2521902
2521902
2107590
2035535
2287725
2323753
2143617
2521902
2503889
2395807
2269712
2395807
2035535
2485875
1981494
3129256
2792259
2695974
3105184
2984828
3201469
2623760
3369968
2936686
2960757
3249612
3105184
2960757
2816330
2984828
2551547
943087
744902
738068
949921
820076
861080
881582
915751
806408
929419
717566
949921
799574
888416
799574
922585
1294903
1184485
1395283
1365169
1134295
1365169
1435435
1144333
1124257
1435435
1445473
1104181
1365169
1435435
1154371
1375207
1087256
992022
984086
872979
1039639
1055511
920596
841235
857107
912660
1150746
1071384
1119001
1071384
872979
952341
3517785
3669632
3492477
3391246
3441862
3593709
3087552
2682627
2961013
2657320
2935705
3264707
2935705
2910398
2733243
3011629
1774682
1967283
1472023
1582081
1485780
1967283
1788439
1802197
1898497
1444509
1953526
1623353
1788439
1664624
1857226
1609595
852353
993177
911647
822706
882000
948706
889412
956118
1030236
970941
1015412
867177
1037647
1059883
933883
778235
314092
323330
309473
288687
293306
251735
297925
334877
260973
300235
321020
302544
274830
263283
311782
330258
2829678
3157078
3227236
2806292
3157078
2806292
2642592
2455505
3133693
3157078
2478891
2502277
2759520
2642592
3157078
2619206
1980178
1855443
2182874
1902219
1948995
2058138
1886627
1746299
2245242
2104914
1980178
1948995
2026954
1824259
1668339
1980178
2613473
3476638
2877218
3476638
3260847
2781311
2709380
3380731
3476638
3308801
3069032
3045056
3284824
3308801
3332777
2781311
3173614
2820990
2314093
2468366
2887107
2688756
3129536
2887107
2931185
2446327
2776912
2953224
3129536
3107497
2534483
2754873
2816426
2790348
2920738
3494454
3077206
3494454
3598766
3598766
2764270
3468376
3572688
3468376
3650922
3598766
3390142
3650922
1582324
1683941
2075893
1712975
1800075
2032343
1930726
1988793
1800075
1814592
1567807
1640391
1611358
1843625
1829109
1553291
1844273
2030392
1793513
2098072
1861193
2419551
2013472
2334951
2081152
1996552
2351871
1962713
2131912
2216512
2453391
2250352
170925
200108
194549
166756
152860
161198
188991
155639
195939
159808
184822
184822
158418
175094
180653
161198
1843918
2042494
1645342
1588606
1772998
1829734
1758814
2014126
1602790
1772998
1758814
1602790
1744630
1744630
1702078
1929022
3783954
2969352
3153295
3757676
2837965
2837965
2811688
3783954
3284682
3205850
2864243
3705121
3810231
3494902
3731399
3363514
929705
971209
921404
996112
879899
879899
1170432
1153830
1145529
987811
1021015
1054219
1137228
971209
1045918
1054219
2666575
2352861
2711392
3159556
2509718
2913066
2464902
2599351
2913066
2442493
2756208
2890657
2688984
3025107
3114739
2599351
2736809
2615173
2615173
2594900
2736809
2696263
2351628
2655718
2716536
2493537
2858445
2371901
2574627
2594900
2615173
2270537
1941152
2243901
2190475
2368562
2493223
2582267
2030196
2528841
2208283
2226092
1887726
2493223
2030196
2065813
2083622
2030196
894857
972000
918000
1049143
1103143
1103143
925714
1018286
1041429
1033714
933429
864000
1049143
1010571
918000
1018286
248013
255255
260686
197324
240772
248013
199135
235341
202755
204566
191893
209997
251634
233531
248013
260686
563581
571690
531144
478435
454108
498708
486544
466272
535199
531144
466272
454108
506817
543308
535199
531144
3249978
2939318
3226081
3154390
2819834
2652555
2867628
3202184
3226081
2795937
3034906
2580865
3082700
2939318
3249978
3345566
204693
159205
204693
206114
162048
164891
156362
201850
193321
204693
196164
169156
193321
169156
167734
173420
2183193
2369790
2388450
2556388
2313811
2276491
2369790
2295151
2500409
2033914
2089894
1977935
2257832
2593708
2407110
2444429
3439470
2916072
2841301
3165309
2841301
3215157
2691759
3015767
3339775
2866225
2766530
3364699
2791454
3514241
3240081
3514241
1773876
1631966
1518438
2043505
1603584
1532629
2029314
1802258
1816449
2015123
1915786
1631966
1646157
1859022
1873213
1617775
833627
713585
913655
873641
740261
853634
860303
720254
813620
913655
820289
893648
760268
967007
880310
846965
37711
33274
38978
35492
36443
37077
34859
36760
39612
34859
40246
45316
42464
45633
34542
41830
920210
804380
862295
875165
707854
701419
888035
888035
785074
682114
675679
881600
855860
772204
849425
888035
28672
30796
29734
29946
26123
27398
23150
29097
28035
25699
22725
23787
25699
30159
26336
29734
575639
570633
580644
685761
600667
590656
660733
615683
705783
665739
695772
610678
605672
615683
725806
715795
1890253
1618057
2117084
1965863
1829765
1678545
1875131
2026352
1754155
1739033
1890253
1890253
1587813
1618057
1814643
2026352
1069400
1161063
1150879
1385128
1161063
1476791
1181433
1140694
1069400
1273096
1283281
1395313
1344389
1293465
1089770
1456422
754752
741511
854062
867303
774614
761373
695167
854062
887165
721649
754752
893786
887165
728270
959992
887165
2250075
2745855
2345418
2497965
2764923
2650513
2135665
2097528
2154733
2078459
2688650
2421691
2364486
2288212
2383555
2326349
2358146
2706069
2686740
2706069
2609424
2164855
2358146
2686740
2300159
2474120
2184184
2667411
2280830
2300159
2667411
2087539
24701
24903
22069
24498
27535
28548
28750
27738
21866
24093
24903
21461
27738
23486
27535
26726
847776
876272
797907
748037
869148
812155
819279
976011
961762
862024
755162
968887
819279
776534
961762
1011632
868036
963725
861201
813356
758677
724502
963725
943220
765512
895375
765512
922715
820191
909045
861201
738172
1987858
1608495
1608495
1760240
2033381
2200301
1866462
2124428
2033381
1760240
1866462
2109254
1881636
1896811
2033381
1684368
1545372
1569902
1631226
1422723
1520842
1508577
1336869
1680285
1766139
1557637
1484048
1471783
1508577
1471783
1422723
1753874
1104304
1289984
1026124
1162940
1241121
1348620
1143395
1045669
1407255
1026124
1192258
1221576
1417028
1162940
1114077
1133622
1101029
1411319
1261179
1351263
1161085
1321235
1421329
1141067
1441347
1161085
1341254
1431338
1241160
1431338
1211132
1221141
3177089
2635260
2733774
3103203
2906174
2635260
3398746
2906174
3497261
2955432
2758403
3004689
3398746
3497261
3152460
2832289
1617937
1674213
1477247
1477247
2011869
1913386
1603868
1828972
1491316
1941524
1828972
1885248
1716420
1716420
1941524
1660144
227201
295987
241792
223032
266805
229286
254299
283481
237623
254299
298072
291818
291818
220948
300156
264721
582248
441706
582248
425644
433675
497923
518000
513985
554140
437690
538078
473830
578233
522016
534062
441706
2824981
2751921
2971101
3336400
2873688
3019807
3141574
2800628
2654508
2946748
3263340
3214634
2751921
3190280
3385107
3238987
518691
709531
655704
567625
660598
626344
636131
582305
645918
587198
587198
577411
660598
685064
567625
528478
909276
801510
707214
936217
821716
720685
909276
841922
936217
936217
929482
949688
808245
929482
841922
882334
754205
626570
812221
649776
742602
806419
800618
812221
707792
620769
841229
678784
812221
701991
713594
736800
1977521
1875737
1614006
1832115
1570384
2035683
1628547
1730331
1875737
1730331
2050224
1992062
1715790
1773953
1962981
1817575
2001140
2170728
2187687
2391193
2018099
2323358
1916346
1967223
1933305
2425111
1831552
1967223
2102893
2272481
2238564
1848511
1395796
1145802
1145802
1437461
1093720
1124970
1166635
1447878
1239550
1270799
1322881
1468710
1104137
1166635
1260383
1364547
434627
456002
381189
420377
381189
505877
374064
395439
463127
406127
456002
420377
516565
456002
423939
399002
1744151
1718501
1705677
1615904
1833923
1551781
1628729
1846748
1756975
1590255
1756975
1744151
1500482
1551781
1744151
1538956
1188065
1010323
1075807
1356453
1075807
1290969
982259
1094517
1178711
1094517
1337743
1347098
1094517
1029033
1328388
1281614
1480381
1452710
1840100
1840100
1715582
1632570
1604899
1660240
1687911
1798594
1674076
1632570
1577228
1826264
1978453
1549558
2694933
2345209
2262921
2859509
2283493
2242349
2221777
2838937
2468641
2160061
2386353
2592073
2550929
2283493
2859509
2736077
861907
839994
766951
949559
847298
964167
1015297
861907
847298
869211
905733
774255
876516
854603
796168
1015297
2319148
2003744
2486127
2226382
2615999
2430467
2115063
2504680
2393361
2207829
2541787
2189276
2040850
1966638
2411914
2152170
447774
574503
490017
591400
595624
582952
481569
604073
549157
587176
599849
498466
506914
595624
490017
460447
131525
121168
148095
108741
125311
138774
133596
143952
135667
144988
149130
144988
133596
125311
130489
118061
857016
829809
816206
734585
986249
802602
843413
809404
863818
925033
972645
877421
972645
816206
843413
802602
2829421
2932309
3498193
2932309
2752255
3086641
3189529
3163807
2932309
3060919
2983753
2880865
3215251
2932309
2880865
3678247
2834270
2975983
2550843
2479986
2975983
3377505
2550843
2905127
3235792
2479986
3046840
2716175
3188554
3259410
3330267
3235792
307157
297778
274331
264952
290744
286054
283709
337638
267296
328259
257918
311846
288399
283709
290744
257918
711752
658812
817632
782339
764692
782339
652929
617636
635283
829397
729399
847044
694105
705870
770574
817632
1414074
1357055
1300036
1619343
1619343
1391267
1254421
1596536
1414074
1539517
1391267
1231613
1539517
1243017
1630747
1265825
958580
1040744
1195943
985968
995098
976839
958580
1150296
1040744
1232460
1205072
1141167
1305495
1314624
1068132
1241590
2071055
2533345
1960106
2440887
2625802
2422395
2459378
2440887
2237479
2015581
2218988
2163513
2551836
2607311
2662786
2182005
3381758
2500596
3024530
2572041
2572041
2929269
3167421
2667302
2810193
2953084
3024530
2619672
2667302
2500596
2810193
3453204
671839
651933
696722
681792
532495
587237
691746
651933
696722
527518
691746
602167
681792
637003
592214
627050
100373
98267
91950
91950
94757
86334
80017
91950
101776
98267
96161
77912
82123
81421
89844
98969
2117877
2018602
1853143
1902780
2399158
2349520
2167515
2200607
1886234
1737321
1753867
1737321
1869688
2399158
2117877
1886234
257828
257828
270106
289750
272561
279928
319216
270106
270106
333949
284839
319216
284839
326582
257828
284839
2671122
3016526
2602041
2509934
2809284
2832311
2440853
2901391
2809284
2740203
3131661
3246795
2786257
2694149
3131661
3131661
1774916
1624730
1829528
1747609
1911447
1597424
1460892
1911447
1761262
1870488
1843182
1856835
1624730
1911447
1774916
1652037
484848
511784
529742
529742
583614
646464
574635
592592
471380
597082
565656
610550
534231
588103
561167
615039
1597817
1620974
1458877
1447298
1539925
1458877
1667288
1655709
1447298
1539925
1262044
1644131
1505190
1227309
1215730
1609396
2707530
2520086
2374296
2582567
2957456
2707530
2207678
2353469
2249333
2915802
2894975
2957456
2540913
2436777
2228506
2395123
1101536
1083177
1230048
1285125
1101536
1266766
1064818
1055639
1257587
991382
991382
1331023
1138254
1110715
1248407
1294305
1364946
1088001
1394619
1196801
1186910
1038546
1058328
1196801
1078110
1305601
1434183
1147346
1335274
1266037
1285819
1345165
1783081
1434217
1705556
1628030
1460059
1472980
1847685
1692635
1615110
1615110
1796002
1679714
1472980
1847685
1796002
1770160
2495915
2231197
2741725
2533732
2098837
2609366
2306830
2023204
2666091
2155563
2306830
2042112
2382464
2401373
2609366
2722816
3114384
2854852
3373916
2689695
2760476
3020008
2831258
3020008
2571726
2713289
2477351
2878446
2689695
3255947
2713289
2642507
2139775
2655614
2407247
2101565
2540983
2770245
2235301
2426352
2426352
2732035
2770245
2044249
2292616
2636509
2330827
2388142
1584997
1600092
2128424
1826520
1856710
1917091
2037853
2128424
1630282
1962377
1584997
1917091
2083138
1871806
1811425
2113329
2622078
2345098
2160444
2455890
2289702
1938860
2031187
2659008
2418959
1957326
2492820
2511286
1957326
2677474
2068118
2308167
2370931
2257126
2351963
2465768
2731312
2674410
2750280
2617508
2351963
2257126
2693377
2693377
2219191
2598540
2257126
2029517
1776370
1587394
1738575
1751173
1725976
1474009
1788968
1360623
1574796
1360623
1511804
1776370
1738575
1826763
1599992
1587394
547657
627155
521157
618322
516741
605072
494658
635988
481408
476991
565323
600656
591823
534407
591823
499074
1014498
997007
927042
988261
1110701
1128192
1031990
1136938
1031990
1206903
918296
1189412
1233140
1119447
1145684
1268123
418117
483932
518775
487803
480061
472318
476189
542004
414246
507161
418117
538132
445217
530390
456832
503289
1954512
1683052
1696625
1696625
1560894
1940939
1615187
1506603
1533748
1818782
1927366
1750917
1954512
1547322
1913793
1845927
617243
697256
697256
714402
765839
651535
657250
674395
634389
702972
737263
662965
628674
765839
617243
800130
1867777
1720321
2277377
1720321
2211841
2064385
2179073
1851393
2195457
1884161
2113537
2359297
2113537
1818625
1867777
1982465
3029261
2675479
2852370
2631256
2763925
2587033
3161930
2653368
2587033
2874482
2520699
2410142
2719702
3051373
2653368
2564922
999049
898370
975815
968071
820924
913859
1068750
875136
1045516
836413
968071
944837
1014538
813179
851902
937092
3057538
3424443
3081999
3546744
2641713
3424443
2812935
2764015
3081999
2984157
3546744
3497824
3277681
2812935
2788475
3008618
968203
968203
985339
1002475
933930
1002475
1233816
1190975
1113862
1233816
1225248
925362
908226
1011044
1079589
1242384
98345
101303
85035
100563
103521
79859
96866
91690
100563
82077
97606
77641
78380
90211
87993
90211
813954
679231
701685
668004
791500
623096
802727
628709
785887
684844
724138
639936
774660
639936
769046
740979
3470231
3278770
2680454
3302702
2608656
3302702
3398433
2632589
2536858
3302702
2847982
3159107
3302702
3422366
3015511
3326635
3301376
2912979
3447025
2961529
3422751
2912979
3010078
2573131
2645956
3471300
2985804
3252827
3010078
3252827
3058628
2670231
1102993
934597
1204031
900918
1077734
1178772
1128253
926178
917758
1119833
1018795
917758
926178
1111413
892498
976696
2883580
3485370
2657908
2833430
2682983
3359997
3209550
3410146
3460296
3359997
2733132
3084177
2657908
3435221
3008953
3084177
3445946
3065704
2851818
3327121
3303355
2685461
2923113
3398416
3445946
3374651
2946878
2637931
3350886
2685461
3065704
2851818
2708793
2708793
3137685
3024819
3273125
2460487
2483060
2979672
2821660
3182832
2799086
2392767
2799086
2595927
3092539
3115112
2508779
2946090
2600845
3337367
2554812
3015139
3084188
2600845
2946090
2508779
2462747
2669894
2485763
2831008
3038155
3268318
865074
927862
816239
816239
837169
969720
830192
948791
774381
816239
809263
795310
774381
844145
962744
920886
3093737
3093737
3014410
3305275
2908642
3622581
3225948
2802873
3305275
3225948
2961526
3093737
3490370
3834119
3411043
3040852
104417
100877
107956
108841
102647
98222
126539
126539
118575
126539
113265
119460
108841
116805
122999
117690
2760223
2526666
2908851
2993781
2420503
2356806
2229411
2441736
2378038
2399271
2356806
2484201
2356806
3057478
2271876
2229411
2946332
3314623
2897226
2578040
2602593
3486493
2627146
3019990
2823568
3216412
2946332
3388282
2774463
3118201
3560151
3093649
2717503
3581009
3073064
3682598
3377831
2920681
3454023
2819092
3200050
3428626
2819092
2717503
3530214
2844489
3454023
3149256
726912
623067
597106
732104
752873
612683
747681
565953
711335
664605
597106
628259
612683
685374
633452
633452
2114970
1919468
2221607
2488200
2026106
2061651
2523746
1972787
2559291
2079424
2008333
2381563
2505973
2203834
2061651
1955014
29000
29436
25511
27038
29654
29000
28782
30963
24857
31399
28346
25729
28782
25511
26384
30090
2772767
2966216
3009204
2579318
2321386
3073687
2299892
2643801
2342880
2729778
2923227
2278397
2686790
2600812
2837250
3030699
1918887
2134090
2223757
1990621
2510694
2134090
2134090
2026488
2277558
2474827
1954754
2241691
2098223
1918887
2169957
2349292
2373712
2177267
2340971
2193637
2177267
2308230
2291860
2210008
1931710
1898969
2291860
1735265
1964451
2275489
1915340
2046303
1214717
1279625
992173
1121990
1298171
1121990
1344534
1075627
1159081
1038536
1298171
1149808
1279625
1233262
1066354
1288898
258772
249660
209569
233259
216858
225970
260594
224147
233259
193168
194990
225970
222325
260594
233259
256949
2189038
1806339
1622643
2066574
2005342
1729799
1729799
1898187
2158422
2020650
1867571
1959418
1821647
1852263
1714491
2035958
83313
71411
72734
89925
92570
82652
95215
88603
83974
85297
69428
71411
89264
79346
95215
76040
853140
1079638
958839
868240
807841
966389
792741
1056988
838041
1026789
1056988
875790
966389
1004139
928640
913540
2708108
3014242
2472620
3014242
3391022
2849401
3179083
2778754
2825852
2849401
3320376
2778754
2496169
2990693
3014242
3037791
1462086
1674526
1437094
1437094
1399604
1337122
1412101
1649534
1512072
1537065
1424597
1437094
1662030
1786995
1374611
1662030
3249079
3607245
2865329
3504912
2788579
2890912
2762996
2686246
3479328
3044412
3044412
3453745
2942079
3581662
2865329
3709578
2904376
3322606
3229666
3345841
2718496
2811436
2718496
2857906
2950846
3252901
2741731
2950846
2695261
2857906
2486146
2950846
2118319
2298951
2069056
1904845
2348214
1986950
1839160
2052635
2184003
1888424
1872003
1773476
2085477
1970529
2249687
1822739
1808788
1841379
1776197
2134696
2183582
1988037
2248763
2232468
2281354
2134696
2004332
1988037
2232468
1906560
1857674
2362831
3263640
3462947
2665722
3388207
3213814
2914854
2889941
3288554
3537687
3363294
2640808
3188901
2939768
2840115
2665722
3188901
846780
897013
1011831
832428
918542
940070
968774
997479
818076
1004655
775019
882661
968774
1011831
853957
947246
1974731
2514987
2589506
2049249
2198285
2272803
2664024
2682653
2086508
2254174
2049249
1993360
2105138
2664024
2645394
2105138
2176130
2043236
2309023
1794061
1926954
1810673
2358858
2275800
2043236
1794061
2309023
2259188
2325635
2375470
2192741
2076460
2349598
2969038
2499118
2627278
2990398
2242798
2520478
2947678
2584558
3033118
2862238
2435038
2669998
2541838
2819518
2862238
1445682
1874032
1499226
1740173
1847261
1646471
1432296
1700015
1459068
1499226
1512612
1499226
1713401
1807103
1646471
1927576
230959
230959
248574
258360
227044
238788
234873
230959
209428
264232
207471
238788
223129
238788
260318
268147
3009631
2685517
2430856
2569762
3264292
2778121
2778121
2754970
2731819
2592913
2685517
2870725
2847574
2477158
2523460
2454007
1636368
1761281
1511454
1611385
1711316
1573911
1586402
1386540
1648859
1673842
1461489
1648859
1411523
1361558
1473980
1586402
1190452
1490653
1376784
1200804
1107638
1387135
1469949
1387135
1376784
1490653
1376784
1138693
1283618
1252562
1325025
1149045
2223916
1939656
2173753
1989820
2207195
2073426
2407849
2073426
1772445
1789166
2223916
1805887
2274080
2090147
1989820
2023262
2854888
2742491
2787450
2877368
2764971
3012244
2720012
2607615
2450258
2764971
2517697
2540176
2517697
2675053
3192080
2809930
916523
909132
790871
1020002
923915
1071741
960871
850001
1071741
805653
820436
813045
820436
813045
1042176
813045
1430051
1521054
1404050
1560056
1508054
1742062
1885068
1456052
1612058
1690061
1885068
1391050
1703061
1573056
1625058
1729062
2221502
2554727
2369602
2110427
2073402
2091914
2554727
2591752
2054889
2388115
1999352
1980839
2443652
2351090
2258527
2258527
1452981
1404548
1731469
1295575
1561955
1356116
1440873
1283467
1331899
1574063
1283467
1477197
1574063
1549847
1319791
1477197
1193356
1219488
1123671
1193356
1053986
1263041
1167224
1228198
966879
1158513
1149803
1158513
1228198
993011
949458
1106250
853104
841256
734618
817558
770164
841256
752391
669450
859029
681299
645753
805710
776088
829407
675374
841256
2896318
2321476
3006864
2653116
2432023
2608897
3161629
2586788
2741553
3117411
2962646
2653116
2608897
2807881
2807881
2962646
1924324
2405405
2353861
2147683
1889961
2113320
2405405
1993050
2027413
2285135
2319498
2388224
2078957
2319498
1958687
1838417
2095309
2573187
2168829
2168829
2554807
1948270
2646707
2168829
1948270
2168829
2021790
2113689
2297488
2334248
2058549
2665086
423057
446344
407532
543376
430819
407532
504563
457988
423057
481276
434701
419176
485157
442463
461869
485157
3412547
3386094
3095101
3253824
3042193
3677086
3782901
3677086
3200917
3544817
3095101
3624178
3782901
2962832
2857016
3835809
2088934
2119430
2088934
1661999
1753485
1829724
2134678
2043191
1722990
1677247
2088934
2134678
1601008
1799228
1661999
1860219
56408
52177
50297
67690
52177
67220
62989
55938
56408
56408
54528
60168
51707
60639
58758
52647
2956552
3313377
3415327
3440815
3262402
3134964
3109477
3440815
2727164
3262402
3542765
3134964
3160452
3389840
3491790
3007527
2212901
2084617
1812013
2325150
1908226
2100653
1715800
2116688
2036511
2277043
1828049
1683729
1892191
1956333
2132724
1876155
2854850
2177079
2978081
2197618
2361926
2218156
2813773
2957542
2361926
2628926
2957542
2793234
2361926
2526234
2916465
2875388
1650567
1379771
1560302
1779518
1366876
1457141
1650567
1353981
1444246
1740833
1444246
1611882
1843993
1624777
1715042
1379771
1771345
1743229
1743229
1504238
1827579
1672937
1869753
1616704
1996278
1729170
1954103
1771345
1630762
1715112
1630762
1771345
1112834
1403138
1393462
1209602
1238632
1335401
1257986
1180572
1209602
1325724
1035419
1170895
1045096
1238632
1025742
1190248
418391
510579
404208
425482
485759
400662
404208
432574
460939
400662
407754
379388
411300
429028
457394
414845
1922584
1627881
1880483
1908550
1992751
1894517
1838383
1838383
1684015
1978717
1571747
1669981
1543680
1754182
1992751
1838383
63708
48345
50604
56026
47442
61900
60093
65063
59189
55123
51508
53315
58737
62804
50604
56930
1974296
2320664
2008933
2060888
1956978
2476529
1835749
2026251
2251390
2164798
1974296
2164798
2147480
2199435
2130161
1922341
2194687
2566668
2194687
2603867
2138890
2436475
2678263
2176088
2566668
2362079
1952900
2399277
2231886
1990098
2548069
2473673
2746337
2971037
3195737
2971037
2746337
2996004
3045937
3120837
3070904
3045937
3120837
3320571
2871170
3095870
3470371
3395471
2990910
2593517
2907248
2865418
2488939
2844502
2593517
2677178
2321616
2823587
2468024
2551686
2635347
2844502
3032741
2928164
2060333
2255710
2308995
2113618
2522133
2078095
2237949
2557656
2007049
2166903
2522133
2539894
2184664
2362279
2273472
1918242
3411914
3460656
2753902
3095094
3363173
3411914
3411914
2607677
3216948
2900127
2680790
3046352
2632048
2851385
2973240
2948869
1068734
1077353
956690
982546
1017021
904977
1085972
1223873
991165
1215255
1034259
1060116
1180779
1060116
1077353
1223873
230992
219724
234748
238504
249772
219724
268552
270430
255406
242260
257284
200944
244138
230992
221602
247894
1406779
1087510
1147373
1237167
1097487
1087510
1316985
1147373
1097487
1326962
1396802
1297030
1297030
1157350
1416756
1366870
2728676
2449362
2664219
2578276
2793133
2363420
2427877
2728676
2363420
2384906
2728676
2642733
2965018
3115417
2728676
2814618
1459751
1357908
1584226
1414487
1290012
1380539
1572910
1199485
1640805
1527646
1414487
1312644
1301328
1346592
1516330
1471067
1596591
1623201
1463542
1596591
1769555
1397017
1902604
1397017
1636506
1556676
1676421
1530066
1716335
1410322
1875995
1889300
3086794
2552987
3017167
2970749
3179630
2854704
3179630
2715450
2460151
2576196
3365302
2738659
2552987
2576196
3342093
3202839
1244980
1594040
1221709
1570769
1419510
1384604
1221709
1535863
1628946
1431145
1628946
1303156
1372968
1419510
1303156
1687122
1442624
1799845
1525060
1634974
1896020
1621235
1580017
1923499
1580017
1964717
1456363
1470102
1992195
1786106
1744888
1882281
1107828
917914
1107828
989132
1115741
1139480
1084089
870436
973306
1123654
973306
894175
981219
870436
854610
1020784
34148
33019
38664
33584
34713
36970
31326
34995
31608
34148
38946
40357
40639
38664
29915
34430
1171478
1200765
1288626
1025043
1259339
1044568
1317913
1396011
1288626
1327675
1415536
1386249
1132429
1269101
1210527
1230052
1188637
1335802
1199958
1596170
1550889
1211278
1482967
1596170
1471646
1482967
1403724
1358443
1335802
1222598
1324482
1279200
1370347
1336088
1655836
1301829
1370347
1575899
1358927
1221892
1461703
1358927
1564479
1347508
1347508
1427445
1484542
1256151
234190
198028
246244
237634
216970
185974
198028
180808
220414
218692
230746
204916
244522
241078
229024
215248
3088752
2594552
3484112
2668682
2940492
2965202
3459402
3187592
3138172
3582952
3484112
3237012
3014622
2816942
3484112
3286432
2932229
3489595
2617196
2811062
3465361
3295728
2714129
2883762
2762596
3150329
3223028
3126095
2932229
2592963
2859529
3441128
2530733
2530733
2373788
2059899
2216844
2295316
2059899
2334552
2314934
2373788
2373788
2668060
2471879
2766150
2511115
2314934
1580094
1328715
1604034
1723739
1604034
1592064
1663886
1256893
1520242
1436449
1340685
1448419
1268863
1592064
1304774
1436449
366436
288095
320948
265350
293149
305785
265350
356328
331056
267877
310839
277986
308312
343692
285567
351273
1686406
1880992
1452904
1738296
1842075
1621545
1478849
1764240
1595600
1375070
1842075
1426959
1751268
1452904
1595600
1634517
929244
1052659
856646
943763
1038139
805828
1023620
1030880
943763
769530
834867
827608
914724
820348
1038139
1045399
295031
260825
269376
262962
254411
267238
275790
250135
243721
256549
239445
277928
271514
288617
280066
277928
746641
667081
838441
869041
807841
765001
716041
777241
832321
765001
789481
660961
691561
777241
856801
709921
1592775
1471292
1565779
1781749
1619772
1660266
1700760
1741254
1754753
1795247
1903232
1768251
1727756
1916730
1660266
1700760
285097
280711
313607
234657
250008
298256
300449
289483
250008
311414
278518
304835
302642
289483
274132
289483
446848
473328
430298
433608
446848
436918
364098
460088
453468
377338
420368
360788
380648
397198
413748
453468
3416326
2964165
2964165
2712965
3190246
3014406
3215366
3064646
3315846
3416326
3064646
3140006
3315846
2838565
3265606
2738085
1002554
1018856
978102
1141119
945498
1124817
1092213
921046
945498
1092213
1043308
1051459
1141119
904744
912895
1181873
1073030
957473
907948
1139063
1114300
957473
891440
1122554
957473
1122554
949219
1196841
907948
973981
940965
1073030
2297032
2652027
2986141
2526735
2798202
2798202
2443206
2944377
2860849
2589381
2359678
2276149
2923495
2672910
2631145
2547617
30526
29163
38430
38976
33252
35432
35160
39248
39521
29981
38976
35432
32434
37340
28891
37613
2519392
2682686
3382517
3335862
3032602
3359190
2519392
2822652
3242551
2496064
2752669
2589375
3009274
3382517
2915963
3219223
215460
254314
254314
203098
196033
203098
252548
192501
203098
206630
217226
241951
222524
241951
218992
243717
1214995
1130228
1139646
1054879
1318599
1120809
1346855
1233832
1026624
1328018
1309181
1214995
1083135
1309181
1092554
1337436
2520662
2777396
3384223
3197507
2660699
2847415
3290865
2450644
2590681
3127488
2800736
3057470
2847415
2917433
3080810
3150828
391052
442989
439934
329950
384942
345226
442989
351336
433824
369667
433824
329950
384942
394107
369667
354391
2371192
3051813
3095724
3029857
2876169
2656614
2722480
2524881
2524881
2766391
2349237
2305326
2898124
3161590
2942035
2371192
322719
389073
407169
370976
322719
431298
410185
337799
422249
428281
352880
383040
316687
358912
340815
431298
2240528
2630186
2143114
2084666
2357426
2688634
2766566
2279494
2260011
2396391
2357426
2591220
2415874
2221046
2260011
2474323
227109
227109
229136
214942
255497
263608
237247
289969
237247
253470
265636
265636
289969
214942
218998
216970
333348
352793
377794
388906
358349
350015
341681
313902
313902
330570
302791
361127
319458
400017
327792
377794
799984
856124
884193
1010507
778932
743845
757880
982437
750862
1003489
785949
996472
835071
996472
863141
842089
36120
36717
42688
37613
41494
36717
38807
38509
32837
38509
40001
36419
33434
33135
36419
42986
1407276
1530721
1666511
1715889
1357898
1530721
1320864
1444310
1518377
1382587
1357898
1691200
1394931
1678856
1357898
1370242
712053
557259
583058
670775
634656
727533
598537
546939
686254
624337
650136
577898
737852
701734
593378
614017
478088
365206
401727
375166
411687
428287
381806
424967
438247
378486
481408
398407
424967
478088
388447
348606
715253
708691
931798
859616
734939
787435
787435
715253
754625
689005
931798
807121
826806
912112
839930
813683
2423142
2269292
2615455
2076979
2461605
2134673
2403911
2153904
2423142
2288523
2557761
2269292
2096210
2480836
2326986
2576992
1782798
2190294
1782798
2411022
2173315
2173315
2020504
1816756
1986546
1986546
1901651
2461959
1952588
2122378
1935609
2360085
400868
309002
320138
342408
325705
300651
381381
297867
322921
292300
297867
334057
356327
292300
342408
331273
3744767
3354687
3484714
2756564
3302676
3666751
3640746
3484714
3536724
3718762
3354687
2912596
3432703
2964607
3666751
2938602
3008130
3008130
2594799
2847390
2893316
3329610
3054056
3099982
3329610
2801465
2985167
2916279
2801465
2709613
2732576
2479985
2887602
3490233
2988041
2962931
2661616
3138698
2837383
3013150
3414904
3590671
2686726
3364685
3540452
3490233
3465123
3414904
1402790
1495427
1813040
1601298
1640999
1760104
1601298
1521895
1535128
1879209
1627766
1786572
1760104
1574830
1601298
1654233
1782692
1561583
1699776
1865608
1603041
1685957
1879427
1810330
1768872
1492486
1824150
1865608
1506305
1547763
1948524
1699776
2277191
3000784
2745398
2426166
2830527
2681552
2426166
3085913
2255908
2511294
2958220
3000784
2383601
3064631
2298473
2532577
2328048
2518525
2560853
2645510
2539689
2433869
2603181
2603181
2772494
2306884
2243392
2878314
2751330
2835986
2772494
2264556
529941
470229
444105
503817
425445
537405
496353
425445
503817
466497
432909
410517
414249
470229
455301
529941
1155626
1263966
1227852
1182711
1272994
1182711
1254937
1191739
1020201
1164654
1218824
1200767
1101456
957002
1155626
1245909
3041705
2947388
2688018
2640860
3253917
2499385
2876651
2735176
2853072
3418970
2522964
3183179
3159600
2522964
2664439
2735176
556146
639567
672009
593222
570049
597856
542242
588587
542242
579318
565415
588587
593222
597856
560780
551511
1326011
1126057
1378630
1378630
1189200
1483869
1389154
1462822
1283915
1515441
1210248
1326011
1326011
1231296
1304963
1504917
71666
58925
67419
70604
66888
73789
72727
56271
60518
71666
70604
66357
56271
59456
62641
66888
2228539
2538596
2538596
2325432
2713004
2209160
2635489
2209160
2635489
2383567
2286674
2693625
2325432
2654868
2422325
2073510
920122
887837
847481
1033120
1008906
1073476
960478
855552
1129975
1089618
1121903
984692
928193
1154188
871695
1025048
369135
451165
444855
394375
340740
397530
448010
441700
337585
362825
394375
337585
378600
403840
362825
429079
2912240
3190802
3393393
2810945
3190802
3241450
3520012
3241450
3570660
3393393
2785621
3444040
3165478
3216126
3140154
3241450
1350794
1550092
1251146
1328650
1328650
1162569
1195785
1372939
1605453
1417227
1273290
1173641
1284362
1583308
1295434
1539020
1744687
2293940
1987004
1712378
2277785
2100086
1744687
1954695
1970850
1825459
2100086
2261631
2132395
1809305
2342403
2100086
582863
599636
582863
608022
528350
448678
595442
553510
608022
608022
553510
457065
591249
452872
507384
511577
518913
589274
488130
580479
496925
483732
628852
505720
461744
571684
554093
562888
633250
510118
558491
606864
720859
648773
792945
587777
621047
748584
598867
726404
659863
726404
726404
737494
792945
615502
593322
648773
154504
186693
145492
154504
136479
172530
157079
162230
184118
149354
167380
148067
184118
186693
154504
184118
493908
563800
545162
526524
545162
531184
554481
624374
531184
596417
647671
582438
507886
535843
512546
540503
2559134
2366718
2039610
2462926
2751550
2366718
2443684
2443684
2366718
2751550
2058852
2347476
2751550
2097335
2732308
2443684
1697013
1720915
1314588
1362391
1278735
1410194
1517751
1422145
1565554
1266784
1266784
1469948
1398243
1457997
1565554
1529702
135408
131646
169260
179290
174275
154214
170514
160483
135408
135408
170514
157976
164245
150453
145438
141677
1662071
1702282
1662071
1809513
1447610
1889935
1514629
1621859
1541436
1407399
1434206
1407399
1675475
1474418
1755897
1715686
2668768
2715589
3113563
3207204
3254024
3324255
3254024
2458076
2926281
3090153
3324255
2902871
2715589
2528307
2645358
2551717
1334262
1686022
1334262
1576855
1419170
1419170
1358521
1479818
1661763
1528337
1504077
1370651
1419170
1686022
1310003
1588985
2690162
2499520
2414791
2817256
2774891
2351244
2499520
2923168
2266514
2986715
2753709
2393608
3029080
2499520
2774891
2626615
434602
405385
489384
522253
390776
412689
449210
467471
445558
482079
529557
401733
405385
452862
478427
496688
1878232
1931516
1878232
1598496
1931516
1705062
1824949
1838270
1398684
1931516
1824949
1745024
1771666
1585175
1691741
1598496
953079
953079
1086983
960956
866435
1071229
1055476
1118489
1039723
827052
866435
1126366
1039723
960956
1110613
850682
2482313
2328542
3053465
3053465
2306574
2899694
3163302
3075433
2811824
3053465
3031498
2767889
3119367
2460346
2482313
2636085
2521921
2707016
2892111
3354849
2915248
3354849
2498784
2776426
2545057
2591331
3239164
2730153
2845837
2868974
2452510
3354849
2344853
1803733
2131685
2246468
2213673
1984107
2262866
2328456
2180878
2213673
1836528
2115287
2164480
1852926
2197275
1787336
2410873
2109514
2370691
2732322
2410873
2531416
2471145
2149695
2491235
2471145
2712232
2290329
2129604
2772504
2692141
2109514
701561
599886
594802
655807
716812
671058
538880
615137
737148
665975
655807
671058
681226
538880
711729
569383
1394030
1283975
1357345
1516314
1638597
1479629
1491857
1699739
1589684
1614140
1577455
1406259
1748652
1430715
1381802
1736424
1617991
1498140
1366303
1438214
1426229
1462184
1450199
1258437
1354318
1594020
1498140
1378288
1629976
1366303
1689901
1737842
1823436
2107414
1957952
1599243
1898167
2077521
2017737
2047629
1733759
2107414
2032683
1778597
2047629
1823436
1688920
1928059
2927480
2949005
3099684
2927480
3078159
2626121
2518494
2540019
2561545
2583070
2669173
2324763
2733749
2776801
2561545
2475442
3595423
3595423
3490448
2834348
3070544
3516691
3595423
2939324
3385472
3542935
3647911
2860592
3569179
3359228
3779131
2781860
2782175
2684896
2217957
2373603
2801630
2490338
2393059
2354148
2431971
2101223
2334692
2743263
2723807
2179046
2568161
2762719
621780
669204
611242
695551
716628
632319
732436
764052
595434
695551
574356
700820
563818
632319
711359
690282
1184073
1472091
1365418
1205408
1493426
1429422
1408087
1301414
1440089
1173406
1216075
1408087
1301414
1248077
1120069
1205408
2159924
2648964
2465574
2465574
2424821
2913860
2934237
2526704
2811977
2567457
2811977
2934237
2404444
2628587
2363691
2730471
920513
947003
735086
874156
701974
695352
715219
821177
920513
715219
933758
807932
748331
867534
907268
821177
1713128
1737601
1346029
1590761
1762074
1725364
1346029
1762074
1615235
1737601
1468395
1774311
1664181
1394975
1541815
1297082
2449943
2220260
2449943
2698765
2181980
2354242
2239401
2641344
2143700
2775326
2507363
2775326
2201120
2277681
2201120
2583924
242253
311789
309546
314032
291601
257955
257955
309546
251226
253469
309546
314032
255712
253469
323004
255712
2539721
1918111
1971392
2255556
2006912
2575242
2220036
2521961
2362118
2060193
2024673
2237796
2184515
2539721
2042433
2077953
1173604
1156218
1121444
973657
1130138
1104057
1199685
1034511
1017124
1208378
912803
1234458
1182298
1182298
1069284
1008430
1070026
920720
1186153
1161269
995373
1144679
1161269
1169563
1194448
870951
1152974
1152974
1186153
1103205
929015
1078321
1790114
1743006
2166980
2072764
1743006
1900033
1852925
2276900
2057061
1821520
1821520
2214089
2009953
2009953
1994250
1758709
83807
75160
93784
82477
79151
94449
87133
91124
90459
88463
91789
79151
83807
77156
92454
80481
1376746
1115999
1095139
1460186
1157718
1345457
1262017
1282877
1189008
1366316
1105569
1189008
1439326
1397606
1324597
1199438
23635
30726
30941
25569
28362
26214
29866
26214
30081
22776
29437
25784
31156
24280
23635
27718
1429242
1416480
1544091
1735508
1633419
1684463
1429242
1646180
1339914
1339914
1352675
1390958
1786552
1824835
1620658
1493047
1399808
1327759
1276296
1348345
1296881
1471857
1152783
1389515
1101319
1461564
1420393
1461564
1152783
1379223
1204247
1266003
2224589
2647445
1985584
2206204
2022354
2610675
2371670
2408440
2279744
2169434
1930429
2224589
2206204
2242974
2426825
2095894
603197
751254
795123
614164
630615
614164
663516
696418
778672
614164
636098
773189
603197
778672
789639
751254
650342
701550
640101
588893
665705
691309
675946
573530
547926
599134
686188
640101
742517
594013
711792
547926
635061
795310
848726
706282
688477
646931
676607
706282
652866
759699
718153
635061
795310
724088
718153
830921
1126328
897798
1167137
881474
1142652
1183461
971254
1044710
1069195
1134490
946768
1085519
995739
856989
1077357
1158975
1453251
1525313
1729488
1573354
1657426
1633406
1261085
1573354
1741499
1573354
1357168
1537323
1729488
1453251
1393199
1729488
2312206
2351067
2079043
2117903
2700813
2642522
2564800
2817394
2292776
2797964
2603661
2040182
2409358
2623091
2448219
2273346
3159731
3056975
3262486
3005597
3056975
3390930
2697331
2825775
2877153
3005597
3159731
2800086
3622130
2774397
2774397
3442308
1093428
1217032
998347
1083919
1179000
1369162
1159984
1283589
1245557
1017363
1226541
1302605
1350145
1217032
1198016
1236049
3188839
3234721
3326487
2775896
3257663
2982367
3280604
3051191
3028250
3097074
2844719
3074132
3280604
2569424
2959426
2982367
2393732
2096700
1869557
2044282
2498567
2376260
2516040
2236480
2498567
2096700
2236480
2358787
2079227
1939447
1939447
2219007
918404
1070206
1039846
812142
971535
948765
872863
857683
834913
1032256
1077797
925994
1062616
895634
812142
1055026
1246039
1266981
1518283
1162272
1130859
1329806
1434516
1099446
1308865
1507812
1298394
1172743
1235568
1434516
1266981
1319335
983011
885407
941180
808718
892378
732029
892378
871463
801746
773859
913294
927237
976039
934209
1003926
836605
24921
23339
25514
24921
28481
28679
26701
23339
23339
22548
21954
24723
26306
24328
24723
23339
1347084
1138381
996083
1223759
1214273
1015056
1195300
1299651
1090948
1119408
1242732
1223759
1337597
1100435
1157354
1062489
3184557
3635703
3370323
2866101
3741855
3025329
2786487
3794931
3078405
2839563
2919177
3503013
3529551
3290709
3290709
3078405
2606098
2606098
3354145
3378275
3257622
3498928
3426536
2847403
2654359
3112839
2581967
2968056
2581967
3305883
2557837
3330014
2703729
3047840
2654570
2826626
2654570
2998681
2728308
3072420
3367372
3121578
3564007
3391951
3490269
2875785
3318213
3416531
3750921
3192273
3830728
3325285
3697716
2846443
3431694
3538103
3804126
3564705
3165671
3272080
3458296
2926250
3139069
3857330
836149
667671
711350
673911
755030
698871
655191
892308
742550
705110
686391
692631
736310
773750
673911
811189
473753
406074
459505
473753
398950
498688
466629
420323
431009
434571
516498
488002
377578
495126
452381
491564
478688
584161
567935
527368
507085
466518
486801
507085
498971
507085
535481
576048
539538
555765
446234
515198
1062597
1120557
1352397
1400697
1188177
1043277
1226817
1072257
1178517
1052937
1246137
1120557
1130217
1091577
1110897
1313757
2587218
2495635
2930654
2678801
2518531
3090924
2976446
2747488
3251195
2884863
2976446
2907758
3136716
3296986
2564322
2884863
2567730
2549257
1976598
2050489
2549257
2161326
2623148
2327582
2327582
2198272
1958125
2253691
2401474
2068962
2124381
2364528
2023838
1712478
2132814
1914862
2257358
1728046
1665774
2148382
2226222
1790318
1899294
2023838
2023838
2039406
2257358
2257358
31041
36214
33915
32191
36214
34202
41675
41675
40813
34777
39951
35927
30466
38514
39376
32191
2358752
1977189
2063908
2410784
2480159
1942502
2167971
2046564
2410784
2410784
2011877
2185315
2081252
2063908
2376096
1890470
776769
730046
718365
665802
695004
730046
823492
817651
788449
741726
770928
753407
835172
800130
811811
794290
1830001
1845001
2130001
2100001
1665001
2130001
1635001
1815001
1605001
1575001
1845001
2070001
1695001
1665001
2055001
2055001
3483525
2902938
2877695
2953423
3407796
3559254
3029152
3660226
3458282
2978666
3407796
3029152
3559254
3306825
3306825
3231096
1309994
1420840
1138687
1350301
1340225
1269686
1209225
1209225
1168918
1440993
1108456
1108456
1340225
1390609
1078226
1178994
3365763
3106858
2918564
2918564
3248079
3389300
2965638
3130395
3248079
3248079
2895027
2494901
3389300
2871490
3130395
3059785
304497
356204
407912
367695
399294
338969
364822
393548
336096
347587
407912
327478
318860
350459
338969
382058
1410770
1216924
1464616
1529232
1249231
1346155
1540001
1152308
1184616
1260001
1313847
1313847
1130770
1260001
1141539
1292308
1024045
1091751
888634
1142530
1091751
905561
1049435
1218699
1210236
1201772
947877
1167920
1074825
1134067
1117141
1150993
1373710
1707856
1324207
1447965
1720232
1460340
1534595
1769735
1720232
1608850
1658353
1447965
1608850
1720232
1373710
1485092
1543614
1970864
1915735
1460920
1695219
1722783
1447138
1901953
1667654
1571178
1612525
1529831
1777912
1998429
1695219
1474702
3102107
2785103
3011534
2558672
3124750
3283252
2536029
2739817
2671888
2490743
2468100
2694531
2377527
2898319
2558672
2853033
3395028
2800278
2651591
3246341
2602029
3072872
2701154
3196778
3072872
3122434
3320684
2948966
2948966
2924185
2701154
2775497
785748
676258
901678
888797
927440
901678
676258
863035
895237
908118
875916
914559
830832
766426
785748
850153
2151060
1730552
1924633
2215754
2134887
1973153
2021673
1811419
2151060
2199581
1859939
1892286
1956980
2199581
1698205
2312794
3612900
3403457
3167833
3639081
2748946
2853667
3403457
3010750
2984570
2827487
3560539
3639081
3324915
2775126
3534359
3508178
1040406
1106017
1087271
1040406
1349716
1274732
1171628
1106017
1021660
1199747
1115390
1265359
1031033
1143509
1181001
1209120
974237
1140774
1107467
1057506
1049179
957584
1207388
899296
1040852
882642
882642
1132447
1065832
999218
1149101
882642
1343725
1287737
1166428
1259743
1334394
1119771
1007794
1287737
1175760
1306400
1231748
1073114
979800
1194423
1147765
1110440
2216647
2549144
1976510
1939566
2216647
2050398
2604560
2419839
2659976
2161231
2567616
2678448
2586088
2512200
2031926
2604560
299830
282192
277153
362819
327545
355260
302349
302349
347702
362819
342662
352741
350221
342662
357780
342662
20518
21617
20884
26380
25648
23266
20884
19968
19602
20518
21068
25648
21434
22900
23632
26564
2180832
2331234
2218433
2143231
2556838
2406435
2237233
2462836
2049230
2425236
2594438
2669639
2368835
2162032
2538037
2726040
1045811
992634
1045811
1205342
1134439
992634
1001497
992634
1161028
966046
1010360
1063537
1214204
1249656
1072400
1223067
616309
643105
691338
712774
723493
610949
584153
600231
594872
691338
766367
744930
728852
680619
616309
761007
2483020
2209032
1917919
1917919
2397399
1900795
2106286
2106286
2037789
2465896
2414523
1866546
2465896
2174783
1883670
2397399
1227152
1147337
1247106
1157314
1436666
1087476
1197222
1217175
1376805
1247106
1326921
1127384
1346874
1277036
1406735
1406735
1322412
1374069
1467051
1146779
1301750
1425726
1146779
1498045
1332744
1353406
1095123
1270756
1291418
1177773
1498045
1322412
1439425
1481148
1209951
1105645
1220382
1199521
1272535
1512439
1126506
1262105
1116076
1241243
1449856
1324688
1460286
1209951
1921797
2183861
1904327
2341099
2166390
2236273
2288686
2201332
1886856
2131448
2463395
2288686
2253744
2463395
2288686
2009152
2453722
2026988
2026988
2009207
2560406
2062549
2418161
1902524
1884743
2382600
2009207
2204794
2311478
2062549
2311478
1938085
318640
393089
399045
369265
357354
428824
348420
413935
428824
405001
419890
363309
390111
422868
327574
378199
2545214
2378010
2675262
2563792
2693840
2638105
2340854
2693840
2396589
2025024
2415167
2396589
2136494
2526636
2470901
2656684
1564884
1602143
1689081
1664242
1341329
1689081
1378588
1453107
1353749
1676662
1304070
1776019
1465526
1391008
1626983
1788439
2315259
2276991
2506603
2200453
2219588
2525738
2085647
2487469
2602275
2678813
2315259
2506603
2334394
2487469
2315259
2315259
2469424
3065492
2661017
2426847
2512000
2384271
2852610
2533288
2277830
2575864
2937763
2575864
2235254
2575864
2682305
2831322
694667
755073
797357
875885
755073
664464
742992
646343
761114
797357
676546
712789
779236
652383
718830
730911
2742402
2198108
2533058
2679599
2574927
2449321
2553993
3014549
2616796
2930811
2470255
2574927
2826139
2553993
2993614
2512124
3140581
2388611
2609778
2521311
2786713
3184814
2875180
2786713
2543428
2631895
2322260
3096347
2344377
2941530
2388611
2786713
2801395
3132268
2470521
3154326
3198443
3198443
2602871
2757278
3198443
2889628
2911686
2338172
2536696
2492579
2536696
2889628
768771
838134
722530
624265
768771
832354
676288
832354
820794
722530
682068
734090
757211
664727
826574
757211
2455569
1930585
2083000
2032195
2286219
2455569
1812040
1845910
1930585
2167674
2320089
2438634
2201544
2032195
2201544
2049130
98602
108286
114449
117090
118851
94200
100363
97722
108286
120612
117090
110927
95081
106525
116210
97722
1441415
1370526
1441415
1488674
1677712
1642268
1476860
1677712
1535934
1571379
1535934
1689527
1488674
1417785
1606823
1476860
1294277
1229098
996314
1173230
1191852
1117362
1350145
996314
1145296
1294277
1145296
1145296
1312900
1229098
1238409
1266343
654573
525642
555395
669450
684326
709121
555395
619861
540519
535560
649614
520683
520683
669450
580190
609943
1071002
1154097
1311054
1264890
987907
1098700
1098700
1227959
1320287
1338753
978674
1052536
1320287
1264890
1283356
1080235
120018
95469
102742
103652
101833
107289
121836
108198
124564
110926
109107
110926
116381
129110
103652
104561
2908027
2867916
2186034
2506920
2125868
2366532
2266255
2306366
2165978
2286311
2908027
2647307
2667362
2306366
2366532
2787695
3043971
2651201
3068520
3240357
3314001
3387646
3559483
2675749
3485838
3043971
3142164
3117616
3166712
2994875
3387646
2921231
739325
752183
758612
932193
797186
758612
784328
829330
765041
765041
848617
855046
855046
867904
777899
732896
1681993
2052340
2160358
2083202
1681993
2067771
1836304
1666562
2222082
1867166
1666562
1882597
2006046
2222082
1666562
2129495
404258
400583
488785
499810
499810
415284
481435
455709
441009
455709
521861
415284
418959
404258
474085
389558
1915314
1771305
1540892
1728103
1929715
1900913
1944116
1728103
2073723
1512090
1843310
1684900
1569693
1814508
1886512
1612896
2980044
2656628
2725932
3003145
3141752
2448718
2656628
2818336
3257257
2933842
2818336
2933842
2772134
2633527
2610426
2541123
