2986822
3434846
2862371
3086383
2887262
3161054
2688140
3036603
2912152
2638360
3434846
3534406
2762811
3235724
3136163
3036603
2076235
1824570
1871758
1966132
2280713
2249255
2139152
1934674
2233526
2280713
2217797
1761654
1903216
1793112
1934674
2202068
1556921
1464561
1451367
1820806
1899972
1860389
1385396
1517338
1451367
1636087
1490950
1636087
1622892
1715252
1662475
1649281
174043
148484
170392
143616
131445
176478
152136
135096
175260
174043
132662
174043
133879
133879
135096
170392
2051960
2148903
1890388
1728817
1744974
1841917
2084274
1744974
1712660
1825760
1696502
1728817
1777288
1761131
1906546
2245846
1868817
1904413
2100194
2189185
2189185
2260379
2384966
2331572
2046799
2064598
2580747
2242580
2527352
2545151
2456159
2313773
2287605
2228443
2386209
2208722
2208722
2149560
2208722
2070677
2169281
2662299
2090398
2642579
2622858
2189002
2445371
2543975
3261454
2759692
2684427
2809868
2759692
3462159
3487247
2734603
3411982
3562511
2860044
3136013
2860044
3060749
3411982
2834956
1744024
1878179
1931842
1905010
1623283
1596452
1905010
1878179
1851348
1744024
1931842
1475712
1502543
1824517
1556206
1744024
2014036
1781647
2230932
1983051
1626721
1828125
1952066
2168962
2014036
2215440
1828125
1657707
1905588
2199947
1967558
2153470
3136880
2780922
2335974
2847664
2424964
2669685
2536201
2647438
2758675
2958901
3203622
3092385
3070138
2469459
2847664
2669685
1263398
1438869
1684530
1637738
1614341
1263398
1626040
1415473
1392077
1462266
1380379
1345284
1649436
1509058
1438869
1473964
207024
203190
228109
268364
203190
222359
268364
216608
239611
270281
260697
231943
224276
222359
226193
277949
1888050
2213042
1872574
1764243
1949953
1686864
2213042
1624961
1857098
1640436
1748767
2166614
1717816
2104711
2042808
1655912
2739939
3559360
3687395
3098436
3072829
3072829
3405719
3328898
2842367
2816760
2842367
2765546
2765546
3200863
2816760
3380112
1184152
886044
1076502
1018537
1117906
877763
927448
1184152
1026817
985414
894325
1068221
1192433
1076502
1192433
1084783
61545
60125
68647
64859
62966
52077
57758
64386
60125
60599
51130
59652
51130
49710
63439
57285
679233
591590
712099
788787
750443
766876
723055
788787
668278
597068
613501
575157
618978
597068
608023
744965
1181539
1091422
1361774
1151500
1411840
1091422
1051370
1381800
1241618
1391813
1331735
1331735
1151500
1311709
1091422
1421853
2966051
2486920
2578183
2806340
2509735
3285472
3239840
2829156
2600998
2851972
3308288
2806340
3080130
2806340
2509735
2669446
1515334
1367218
1298857
1230496
1629269
1583695
1390005
1538121
1378612
1321644
1230496
1481153
1196316
1606482
1264677
1617875
1387995
1177693
1188208
1430056
1335420
1335420
1251299
1366965
1524692
1514177
1472116
1335420
1282844
1461601
1451086
1261814
1447049
1791584
1722677
1515956
1970743
1846710
1722677
1901835
1750240
1722677
1447049
1832928
1722677
1736458
1764021
1860491
2463318
2705917
2258041
2705917
2015442
2612610
2407333
2314026
2146072
2071426
2239380
2314026
1959457
2481979
2612610
2388672
2044604
2213425
1969573
2719886
2682371
2307214
2138393
2438519
2551066
2119635
2138393
2588581
2494792
2082120
2213425
2588581
2332052
2283803
1978223
2299886
1704810
2090805
2315969
1801309
2203387
1946057
1704810
1994306
2219470
1962140
1720893
1865641
1701291
1373635
1625678
1474452
1575270
1814711
1751700
1348431
1701291
1587872
1575270
1802108
1701291
1348431
1638280
1776904
600361
509106
648390
547529
619572
605164
667601
576346
513909
585952
686813
595558
528317
576346
547529
595558
3396451
3162213
3185636
2787432
3232484
3045094
2904551
3045094
2646889
2459499
2974822
3255908
2740584
3209060
2693737
2834279
1726680
1659231
1537824
1875066
1794128
1524334
1915535
1956005
1537824
1794128
1645742
1659231
1942515
1497355
1524334
1524334
710107
542443
636137
641069
690382
665725
631206
700244
650931
665725
517786
586824
542443
557236
695313
616412
1797756
2147319
1947569
2380362
2080736
1980860
1797756
1997506
2230549
1897631
2380362
2280486
1764464
1847693
2030798
1930923
2097089
2196008
2690604
2651037
2611469
2532334
2769740
2789524
2670821
2670821
2769740
2670821
2730172
2730172
2769740
2749956
2173322
1856379
1629992
1780917
2128045
1750732
1780917
1705454
1705454
1901657
1826194
1750732
1901657
1871472
1811102
1584714
2943480
2504154
2482188
2504154
3119210
2482188
2635952
2679884
2504154
2394323
2701851
2767750
3009378
2679884
2570053
2789716
2569259
2014742
2550775
2088678
2328968
2070194
2365936
2236549
1940807
1940807
2033226
2310485
1940807
2495323
2347452
2421388
127464
129247
115876
123007
110528
101615
97158
116768
111420
121224
113202
101615
126573
118550
116768
100723
482700
479348
419011
419011
419011
392194
459236
475996
415659
408954
362025
362025
402250
395546
419011
442475
3008864
3510342
3642309
3220013
3563129
2903290
2903290
3695096
3668703
3114438
3325587
3114438
3747884
3431161
3193619
3457555
1290924
1411949
1079132
1069047
1462375
1422034
1381692
1422034
1442205
1139644
1452290
1432119
1129559
1452290
1260668
1240498
2099971
1667624
1713947
1976444
1930121
2038208
1806593
2238940
2192617
1775711
1822034
2223499
2208058
2223499
1868357
2022767
54976
54179
49797
53382
43423
42228
54179
51789
50594
45415
55773
48602
50992
45813
43025
52984
2536092
2962725
3176041
3341953
2820514
2630899
3413059
3294550
3318252
2962725
3176041
3104935
3270848
2915321
3436761
2583496
750331
610984
723533
653860
648500
573467
675298
696736
562748
771769
680657
600265
723533
696736
691376
594905
1499525
1473217
1802061
1841522
1499525
1907290
1407449
1788907
1578447
1538986
1473217
1907290
1709984
1867829
1644216
1709984
3236120
2890275
3483152
3359636
3162010
3285526
3063198
3137307
3458449
3409042
2692649
3458449
3186714
3186714
3433746
3186714
2266571
2365982
2425629
2584687
2743744
2644333
2644333
2187043
2505158
2644333
2246689
2087632
2346100
2385865
2087632
2525040
2524332
2761662
3085295
2524332
2330152
2826389
2761662
2394879
2481181
2783238
2826389
2891115
2394879
2934266
2934266
2998993
234629
221995
205751
229214
211166
189508
207556
259896
191313
212971
238238
247263
194922
194922
214775
209361
596097
662330
728563
761679
772718
634733
695446
767199
756160
684408
739602
662330
800315
723044
667849
618175
1097009
1266466
1141603
1043497
954309
1070253
1257547
1043497
945390
972147
1221872
1212954
1150522
972147
1132685
1248629
3371825
2947400
3395404
2853083
3136033
3159612
2947400
3159612
2900241
3018137
2923820
2758766
3230350
2853083
3277508
3206771
924441
814389
865747
821726
1049168
785041
924441
975799
975799
770368
1012483
961126
997810
851073
968462
983136
2508856
2422344
2180109
2387739
2093597
2076295
2405041
2180109
2456949
2353134
2024387
2353134
2197412
2370437
2405041
2041690
638134
685599
643408
722516
722516
738337
701420
706694
722516
669777
617039
553753
617039
706694
675051
569574
2493155
2319214
2222580
2705750
2048639
2029312
2183927
2048639
2473829
2048639
2686423
2454502
2512482
2299888
2280561
2145273
93568
88451
100147
90644
76755
81872
90644
97954
100147
92837
103802
97223
105264
83334
86258
102340
89418
100595
87322
87322
83829
99896
100595
85925
90815
97801
101294
79638
95006
81733
93609
88021
2859134
2278708
2923625
2665659
2300205
2730150
2601167
2773145
2407692
2536675
2515178
2407692
2988117
2730150
2579670
3009615
1218017
1357789
1218017
1068261
1098212
1058277
1447643
1347806
1088228
1437660
1407708
1297887
1118180
1068261
1198050
1168098
676613
746423
622914
724943
698093
762532
655133
596064
574584
698093
574584
660503
735683
655133
703463
585324
1120570
878059
1195833
1204195
1145658
1162383
1204195
1170745
911509
1162383
886421
919871
1170745
1095483
953321
1195833
1597273
1548871
1476268
1331061
1633575
1355262
1560972
1536771
1282659
1488368
1355262
1270558
1415765
1681977
1560972
1331061
2230047
2671848
3008459
2461467
2377314
2840154
2377314
2819116
2629772
2734963
2398352
2230047
2209008
2924307
2608734
2924307
880924
923549
1001696
909341
788569
816986
831194
767256
994592
944862
859611
937758
966175
888028
838299
944862
2203051
2417983
2041852
2167229
1934386
2346339
2328428
2220962
2131407
2113496
1880653
2597093
2328428
2167229
1934386
2167229
3185433
3185433
3422367
2895849
3448692
3475018
3632974
3659300
2843197
3659300
2843197
3685625
3080130
2816871
3553996
3211759
2415515
2287420
2177623
2122725
2232521
2342318
2452114
2214222
2580209
2067827
2561910
2086127
2122725
2324018
2250821
2104426
2199237
2588483
2705256
2588483
2569020
2646870
2627407
2685794
2238162
2277086
2530096
2802568
2744181
2393860
2140850
2393860
1133104
1236899
1037958
1072556
1012009
986060
1210951
1193651
1107155
1124454
960111
1202301
1098505
942811
994709
1150403
662636
729935
667813
709228
564276
610868
647106
647106
652283
600514
724759
543569
543569
714405
693697
657459
802590
889693
721709
827476
871028
783925
839920
696822
740373
727930
808811
715487
715487
703044
777703
895914
1809107
1792040
1962710
2082180
2423521
1860308
2423521
1877375
2423521
2355252
1928576
2116314
2457655
1894442
1979777
2201649
66931
51297
70839
56671
62534
58137
61068
51786
52274
64977
53251
64977
53251
54229
57648
70839
2816137
3293448
2840002
2649078
3030927
3436642
2649078
3365045
3245717
3197986
3412776
2959330
2744540
3030927
3197986
3102524
1930557
1736112
1694445
1819445
1930557
1777779
1805557
1847223
1652779
1736112
1458334
1694445
1847223
1722223
1472223
1944445
1018503
900416
944698
848752
959459
826611
819231
885655
1062786
893035
959459
841372
856133
848752
996362
863513
3532446
2575742
3139952
3336199
2624804
3336199
3311668
3017298
2649335
3385261
2992767
3041829
3458854
2796520
2747458
2894643
2332765
2915956
2354365
2872757
2548762
2699960
2311165
2937556
2959156
2354365
3002355
3131953
2440763
2311165
2786358
2375964
806174
771869
686106
800457
646083
617495
766151
766151
686106
737563
697541
726128
737563
646083
606060
628930
833393
946735
700050
960069
913399
893398
826726
793390
753387
873396
906732
820059
900065
800058
880063
913399
2902765
3648430
2929396
3062551
3222336
3621799
3621799
2929396
3302229
3408752
3248967
3035920
2849504
3062551
3834846
3302229
1824323
1810607
1714590
1673439
1934057
1591139
1563706
1824323
1563706
1742023
1440255
1810607
1755740
1549989
1646006
1714590
760025
644369
611324
754517
771040
699443
677413
578280
776547
677413
793069
710458
638861
776547
638861
798577
107771
95301
95301
111333
98864
99755
126475
97973
119349
115787
101536
99755
113115
95301
107771
123803
128088
100039
117803
117803
104714
108454
108454
105649
105649
114998
107519
114998
128088
105649
129958
133697
205178
219493
171777
171777
181320
214721
187682
168596
206768
168596
184501
170186
195635
205178
170186
192454
2921912
2607245
2449911
3124198
2562292
2449911
3214103
2742102
2832007
2787055
2876960
3236580
2607245
3236580
2629721
3169151
2949814
3140125
2688137
2521615
2759504
2830870
2711926
3378013
3092547
3163914
2973603
3211492
2521615
3021181
2949814
2616771
1270993
1294314
1387598
1679110
1515863
1270993
1550845
1492542
1294314
1375937
1515863
1480882
1679110
1375937
1422579
1375937
1789561
1921578
1598870
1613539
2082932
1818898
1965584
1906910
2024258
1892241
1877573
1965584
1921578
1906910
1892241
1980252
2809575
2848870
2573806
2672043
2318390
2672043
2514864
2848870
2141564
2141564
2652396
2102269
2102269
2730985
2534512
2102269
816480
831600
997920
1065960
1035720
1096200
1035720
801360
945000
1013040
967680
929880
1043279
1035720
892080
914760
1757413
1522169
1591358
1798927
1646710
1895792
1868116
1452979
1895792
1563682
1909630
1771251
1909630
1729737
1619034
1854278
2570577
1950093
1985549
2357839
2180558
2091918
1896908
1932365
2003277
2269199
1967821
2162830
2446480
2464208
2464208
2074190
560890
548333
581819
602748
523218
544147
586005
565076
460432
577633
468804
439503
586005
510661
485546
565076
2995469
2422806
2907367
3149647
2775214
2378755
3171673
2995469
2576984
2334704
2907367
3039520
2819265
3083571
2731163
2951418
765655
811366
697089
651378
788511
811366
725658
714231
622809
759942
742800
765655
828508
771369
702803
611381
2602626
2667691
2364051
2906265
2385740
2971331
3123151
3123151
2949642
2624314
2515871
2537560
2689380
2711068
2342363
2385740
365356
358527
396087
406331
379015
389258
467793
392673
450720
416575
440476
399502
409746
454135
481451
457549
2863565
2688691
2295224
2295224
2819847
3169595
2841706
3016580
2929143
2732410
3169595
2382661
2929143
2797987
2951002
2841706
2186787
2220691
2271546
1796895
1813846
2356305
2186787
2356305
2424113
2305450
2220691
2458016
2034220
2102028
2051172
2152883
1297186
1725614
1451896
1547102
1630408
1368590
1451896
1368590
1689912
1273384
1309086
1380491
1428094
1439995
1380491
1416194
388769
349233
448073
415127
448073
418421
405243
431600
425011
362412
441484
467841
425011
392064
369001
401948
3307561
3282312
3484301
3080324
3484301
3408555
3560046
3383307
3105572
2979330
3459052
3484301
2954081
3282312
3231815
3560046
860778
939748
987131
908160
884469
876572
1058204
979234
1089792
963440
1050307
1081895
876572
1050307
829190
884469
680067
767415
879720
867241
854763
742458
717502
655110
761176
867241
885959
680067
885959
761176
861002
748698
1583578
1458559
2014200
1916963
1736380
1541905
2014200
2014200
1875290
1500232
2000309
1666924
1958636
1472450
1778053
1791944
305322
268510
305322
231698
242525
300991
240360
257683
253352
309653
290164
253352
287999
313984
257683
281503
588825
500280
553407
486998
557834
641952
562262
535698
606534
473716
566689
495853
500280
575543
540125
491425
717463
711484
866934
843019
669632
753336
651695
705505
819103
669632
639738
663653
813124
687568
825082
699526
794441
721195
602874
811344
704292
755001
693023
749367
732464
664852
726829
642314
743732
642314
653583
681755
835873
875677
736365
703195
696561
796070
703195
908847
882311
882311
869043
895579
802704
948650
796070
922114
828847
869947
739797
979547
815147
732947
815147
986397
849397
945297
876797
780897
849397
986397
952147
986397
1959674
2074949
2321966
1745592
2157288
2289031
2124352
2190224
2124352
2305499
2042013
2190224
1926738
2074949
1827931
2272563
3391824
3598958
3754309
3288257
3029339
3443608
3521283
3469499
3288257
3598958
3469499
3288257
3443608
3340040
3184690
3288257
2344206
2273703
1991693
1921191
1991693
2432334
2115073
2361831
2167950
2026945
2044570
2026945
2256078
2132698
1991693
2150324
689856
741595
655363
787585
707102
678358
804832
793334
764590
672609
747344
735846
638116
666860
718600
799083
1449814
1375736
1195832
1174667
1185250
1428649
1216997
1407484
1428649
1280493
1153502
1111171
1132337
1227580
1386319
1343988
35370
39984
33832
40291
37831
37523
42752
42137
43367
33832
35062
37215
36293
34140
44597
40906
2946287
2225168
2616633
2266375
2513616
2554822
2760856
2369392
2843270
2307581
2987494
2637236
2307581
2740253
2183961
2163358
2374483
2655103
2870965
2288138
3130000
2806207
2525586
2763034
2633517
2396069
2288138
2957310
2957310
2482414
3000483
2892552
2025902
2145072
2115280
2055694
1862042
1921627
2145072
1727975
1951420
1742871
1564115
1727975
1698182
2025902
2011005
1713079
2068623
2068623
1835539
1573319
1981216
1893810
2024920
1617022
1718996
1544183
1675293
1602454
1689861
1675293
1762700
1646158
1146990
1237542
1328094
1146990
1167113
1187235
1207358
1217419
1197297
1076561
1247603
1348216
1126867
1227481
1267726
1398523
1495889
1684560
1536318
1536318
1441983
1900183
1832801
1468936
1859754
1940613
1482412
1900183
1603701
1671083
1792371
1832801
2026296
2258822
1943251
2042905
1860206
1843597
1843597
1826988
2208995
1943251
2358476
1743943
2159168
2408303
1910033
2159168
535269
512651
493804
422184
437261
418414
444801
490035
546577
539038
508882
425953
531499
527730
546577
478726
2968286
3463000
2994324
2916211
3697339
2733948
3228662
3358850
3515076
3410925
3254700
2864136
3280737
2994324
2812060
3150549
469368
469368
565756
511276
477750
595092
511276
565756
574138
494513
486131
586710
553184
565756
557375
582519
24763
26478
25144
21715
20953
24192
21334
20763
27240
24954
21525
21525
27621
20382
23239
25144
2725399
3218567
3607910
3737691
3581954
3581954
2907093
3062830
2829224
2881137
2984961
3036874
3478129
2959005
3607910
3478129
1380249
1253889
1078927
1146968
1253889
1127528
1040047
1292769
1302489
1195568
1321929
1156688
1078927
1078927
1030327
1331649
1770347
1989811
1872764
1755716
1624037
1828871
1741085
1858133
1931288
1624037
1697192
1624037
1711823
1887395
1931288
2048335
2376534
1983564
2470098
2002277
2470098
2638514
2507524
2058415
2601088
2432673
2582376
2601088
2544950
2208118
2039702
2507524
2415221
2264270
2245401
2679386
2339746
2358615
2320877
2151056
2075581
2188794
2188794
2509566
2094450
2622779
2585042
2509566
2387471
2629948
2294210
2219602
2294210
2499384
2256906
2238254
2406123
2648601
1995776
2163645
2014428
2312862
2592644
2089037
1703188
1595049
1743740
1676153
1432841
1703188
1635601
1608567
1635601
1784292
1500428
1662636
1851879
1851879
1797810
1622084
1297326
1306527
1150112
975295
1039701
1094907
984496
1131710
1113308
1278925
975295
1122509
1196117
1251322
1196117
1021299
3241790
2965358
2789447
3266920
2990489
2688927
2990489
3266920
3442831
3216660
3040749
3266920
3493092
3292050
3518222
3241790
706929
695047
843562
754453
623760
647523
659404
784156
647523
754453
790097
689107
641582
683166
849502
623760
2781271
3708361
2910033
3270568
3425083
3013043
3347826
2704013
3064548
3656856
3296321
2729766
3553846
2987291
2987291
3579598
806403
837123
844803
990723
990723
1067524
1067524
975363
913923
1105924
936963
1029124
806403
867843
983043
852483
2877558
3113776
2770187
3113776
3049353
3049353
2941981
2920507
2877558
2920507
2340700
3006404
2984930
2362175
2362175
2533969
1512232
1441347
1252317
1689447
1677633
1405904
1583118
1264132
1512232
1488604
1299575
1370461
1583118
1535861
1394089
1559490
2074341
2074341
1662640
1900160
1836821
1884325
1805152
1773483
1710144
2090176
2232688
1963499
2026837
1725979
1947664
1915995
1760036
2105464
2006770
1924525
2072566
2352198
1842281
2220606
1727138
2072566
2105464
2072566
2154811
1842281
1743587
1973872
791747
944540
993156
805637
847308
729240
798692
729240
777856
777856
951485
1007046
819527
937595
944540
875088
1237215
1400814
1114516
1451938
1073616
1451938
1441713
1186090
1451938
1472388
1145191
1472388
1196315
1237215
1094066
1370139
2800053
2530419
2468195
2717089
2426713
2841536
2675607
2530419
2779312
2654865
2634124
2634124
2530419
2758571
2343748
2240043
164435
191343
215261
173404
176394
174899
201807
210776
191343
189848
161445
179384
215261
198817
170415
210776
263778
236625
236625
234685
252141
217229
281234
219169
250201
221108
215290
259899
228866
252141
279295
257960
2615040
2498816
2266368
2789376
2460075
2363221
2150144
2615040
2498816
2401963
2111403
2460075
2750635
2440704
2595669
2615040
348351
406410
412861
454792
380606
390283
364479
435439
345126
354802
409635
461243
454792
351577
354802
345126
1669456
1848819
1848819
1614267
1724645
1959196
1931602
1614267
1972993
1738442
1876413
1890210
1793630
1614267
1517687
1600470
2151438
2021048
2265530
2298127
2363323
1955853
1923256
1923256
2004749
1760268
1906957
2232932
2004749
2102542
2200335
1743969
2039140
2252921
1940472
2121363
1907582
1792470
2055585
2236476
2335144
1841804
1792470
1776025
2236476
2022695
2368033
2154253
1478764
1490052
1490052
1365881
1207845
1478764
1602935
1602935
1286863
1185269
1490052
1399746
1343305
1512629
1591647
1580359
2150270
1992933
2237679
2255161
2097824
2115306
2167751
2360052
2325088
2045378
2429979
2412498
2447461
2499907
2045378
2097824
2758536
2595067
2881137
2533766
2922004
2717668
2697235
2268129
2595067
2165961
2472465
2615500
2615500
2390731
2554200
2288563
1375148
1276138
1485160
1364147
1166126
1155124
1496161
1221132
1397151
1265136
1452157
1485160
1584171
1364147
1331143
1221132
3037794
3037794
3123972
2800803
2714624
2908526
2973160
2649990
2973160
2369910
2843892
3037794
2757713
3016249
2886981
2951615
2432537
2910728
2328583
2785983
2328583
2702819
2702819
2536492
2827565
2307792
2224628
2910728
2723610
3014683
2245419
2390955
3644638
3493826
3317878
3644638
2965981
3041388
3267607
3167065
2689492
3493826
3443555
3619503
3292742
2639221
2840304
3518961
1786777
1663077
1456910
1663077
1882988
1773032
1992943
1621843
1773032
1484399
1539377
1580610
1937966
1443166
1910477
1608099
141629
127466
116338
117350
146687
114315
119373
140617
116338
129489
117350
121396
110268
129489
144664
138594
39028
29894
35153
39859
34600
31555
38198
32385
35153
32939
35707
31831
36537
38198
31831
31831
1860864
1708107
1985848
1735881
1902525
1916412
1971961
1791429
1694220
1569236
1944186
1999735
1735881
1777542
1485914
1930299
2416711
2613191
2750728
2416711
2279174
2495303
2377415
2475655
2141638
2357767
2652488
2554247
2534599
2102342
2298823
2082694
1071294
1038831
1144337
1128105
982020
852166
1111874
949556
1079410
990136
868398
1014483
1006367
1103758
868398
1030715
995525
1211535
1155185
1155185
1061267
1164577
1267886
1014309
1211535
1098834
1361803
1173968
1352412
1286669
1361803
1277277
1818719
1938965
1653381
1683442
1893873
1848781
1758596
2059211
1608289
2044180
1683442
1713504
1803688
1653381
1984057
2014119
2872256
2958639
2310762
2958639
2461933
2958639
2915447
2310762
2893851
2440337
2505125
2613105
3109811
2332358
2461933
2721084
767112
800758
868048
874777
841132
948797
841132
753654
847861
955526
807487
794029
787300
975713
807487
794029
2184256
2745922
2787526
2225861
2413083
2371478
2225861
2870736
2329873
2933144
2288268
2766724
2662712
2225861
2205058
2745922
1548848
1444821
1652875
1306118
1514172
1583524
1652875
1306118
1271442
1363911
1248325
1629758
1352352
1421704
1675992
1548848
2763796
2380496
2905012
2783970
2884839
2884839
2400670
2925186
2400670
2743623
2844491
2703275
2219107
2642754
2864665
2703275
2778337
2457760
2372273
2692850
2372273
3056171
2244042
2564619
2265413
2735594
2564619
2628735
2992056
2286785
2479132
2692850
2281234
2526906
1912727
2088207
2386522
2439166
2491810
2544454
2140851
1982919
2158399
2544454
1895179
2158399
2456714
1912727
2595823
2415244
3272995
2844119
2392672
2731257
2550678
2956981
3205277
3227850
2460389
2866692
2528106
3182705
2640968
3024698
94702
102159
85754
85754
94702
83517
88737
108125
83517
102159
82771
90228
102159
107379
93956
103650
415059
528257
430152
547124
433926
532031
513164
418832
415059
498071
547124
415059
418832
437699
396193
418832
343222
454361
366104
473974
441286
421673
369373
428211
398792
349760
424942
405329
395523
379179
460899
418405
2173136
2624165
2337147
2624165
2152635
2870180
2665167
2214139
2788175
2398650
2398650
2480656
2911183
2398650
2685668
2521658
2458925
3129541
2928356
2660110
2503633
2503633
2347156
2771879
2928356
3196603
3129541
2838941
2458925
2704818
3084834
2436571
1130697
1483391
1307044
1234431
1317417
1493765
1410778
1348538
1224057
1296671
1213684
1130697
1379658
1493765
1203310
1130697
2878788
3409091
3434344
2777778
3030303
2979798
3181818
3055556
3333333
3131313
2651515
3080808
3611111
2752525
3308081
3585859
406156
372309
406156
323078
347694
341540
415386
326155
381540
344617
387694
418463
427694
418463
329232
381540
390816
384939
426078
308539
349677
364370
399631
426078
399631
414324
314416
367308
379062
408447
399631
376124
2648447
3061507
3085805
2818530
3280186
2964316
3498865
3110103
3474568
2672744
3523163
3328782
2672744
2624149
2575554
3110103
657100
565836
638848
597779
634284
570400
638848
661664
556710
620595
625158
515641
565836
611468
597779
593216
562511
468759
592341
575295
473020
485805
592341
562511
541204
571034
613648
490066
536942
613648
473020
609387
122643
98486
110565
114281
133793
97557
123572
99415
123572
114281
119856
114281
104990
116140
131935
134722
789817
827427
819905
880082
827427
797339
1015479
819905
842471
962824
1000435
940258
895126
977869
1060611
842471
142474
127537
127537
136729
141325
120643
162007
129835
148219
147070
139027
150517
152815
128686
142474
157411
721776
820480
672424
721776
746452
814311
653917
771128
863664
727945
876002
777297
734114
857495
876002
801973
723200
866476
798250
955170
914235
907412
907412
716378
757314
743668
927880
975638
832363
791427
989284
839185
1600826
1406786
1431041
1334021
1418913
1334021
1528061
1661463
1285511
1285511
1612953
1758483
1709973
1346149
1552316
1309766
1973137
2259560
1829925
1750364
1925400
1718539
1782188
2132261
1909488
1702626
2275473
2195911
1670802
2291385
2275473
2052699
856339
943996
896796
728225
876567
849596
903539
917024
707997
856339
896796
788911
977710
734968
856339
755196
3181770
3181770
2679386
2799001
3062155
2535847
3444924
2942540
2894693
2846847
2966463
2942540
2535847
3038232
2846847
3301386
686795
692333
803107
686795
620331
714488
631408
681256
653563
797568
758797
681256
753259
792029
592637
598176
3570471
2907384
3697988
3213424
2856377
2754363
3672485
2881880
2677853
2881880
3034901
3136914
3672485
3034901
3672485
3289934
1389187
1274219
1370025
1283800
1082607
1207155
1025124
1015543
1255058
1149672
1216736
1274219
1197575
1082607
1274219
1101769
2052975
1837743
1837743
2119200
2102643
1920524
2086087
1788075
2119200
2384100
2168868
1788075
2102643
1837743
2201981
1837743
3180949
2880387
3531605
3306184
3130856
2680012
3080762
3631793
3306184
3080762
2980575
2805247
3130856
3331231
2905434
3456465
2935241
3002460
2688770
2464706
2375080
2442299
3024866
3047273
2375080
2531925
2621551
3226524
2778396
2621551
2912834
3159305
2060642
2044416
1849710
1703680
1703680
2271574
2255348
1703680
2255348
2190446
2255348
2093093
1703680
2239123
2141769
2239123
673556
883249
895957
806997
686265
724391
915020
679911
915020
857831
679911
787934
857831
667202
895957
800643
2117039
2197688
2923530
2701745
2721907
2863043
2520285
2560609
2439635
2903368
2681583
2742070
2822719
2600934
2157363
2177526
2474388
2883378
2862928
2249443
2699332
2699332
2290342
2228994
2801580
2576635
2167645
2351691
2208544
2760681
2474388
2433489
2257460
2568120
2319592
2526699
2899491
2837359
2982333
2319592
2920201
2671673
2195328
2526699
2340303
2464567
2278171
2816648
2164677
2164677
1962225
2258116
2195824
1993372
1946652
1775347
1759773
2133531
1744200
1853213
1806493
1868786
2024518
1822066
681955
749536
841692
823261
749536
823261
792542
829404
681955
872411
810973
829404
645092
884698
810973
743392
1416703
1391405
1442001
1492598
1454651
1479949
1429352
1821476
1606440
1796177
1682335
1606440
1808827
1517896
1543195
1366107
995661
921908
958785
781778
840780
1047288
781778
1010411
1017787
1054663
966160
848156
966160
789153
958785
1025162
314011
298532
260939
267573
296320
300743
305166
232191
280841
296320
318434
289686
234403
267573
287475
232191
1591441
1432297
1297637
1677134
1517990
1297637
1285395
1493506
1309879
1309879
1652651
1750585
1677134
1652651
1713860
1309879
96969
120057
128369
108051
101587
114516
123751
130216
115440
120981
101587
96969
104357
102510
109898
127445
2570191
2877735
2636094
2921670
2987573
2811833
3185280
2306582
2899703
2680028
3185280
2658061
2767898
2987573
3119377
2636094
1170314
1110950
1034625
992223
1034625
1229678
958301
915898
1043106
1187275
1077028
1060067
1026145
1102470
907417
1221197
764680
804330
600415
742023
736359
742023
623073
719366
742023
742023
634401
691044
662723
793002
736359
657058
2944088
2944088
2993569
3265711
3265711
2721426
3537854
3562594
2721426
2721426
3537854
2671945
2671945
3142010
2770906
3315192
2341665
1839879
1873332
2107498
1973689
2274760
2408569
2174403
2391843
2057320
2191129
1873332
1839879
2341665
2140951
2358391
1024246
849745
826984
902854
849745
1062181
955963
1001485
902854
971137
1100116
1016659
1062181
1009072
1047007
804223
2953432
2953432
2909020
3219907
2598132
2376069
2753576
3108876
2553719
2953432
2620338
3219907
2509307
3175495
2553719
2886813
587932
742651
649819
613718
562145
562145
675606
742651
639505
639505
541516
634347
572460
747808
577617
727179
1077835
1117389
1236050
1127277
1305268
1127277
1137166
1404152
1325045
1394264
1285492
1265715
1245938
1394264
1423929
1137166
83897
90158
76384
68871
81393
83271
87027
89532
65740
84523
86401
66366
81393
66366
81393
68244
238095
198979
195578
200680
207482
205782
232993
198979
238095
209183
221088
236394
243197
231292
219387
239795
277034
266923
246702
226480
264901
240635
268945
254790
281078
254790
266923
277034
220414
272990
216370
256813
1946864
2123852
2407032
2070756
2530924
2176948
2318538
2424731
2530924
1893768
2265442
2053057
2194647
1911467
2283141
2336237
2058628
2719656
2455245
2530791
2190834
2738542
2077515
2153061
2323039
2209720
2455245
2134174
2020855
2228607
2700769
2096401
843384
950724
935389
1012061
1111733
1012061
1088732
935389
1012061
1050396
835717
1042729
1019728
912388
904721
1012061
295446
229791
240050
254412
217481
225688
252360
270825
272877
217481
229791
225688
233894
242101
276980
268774
2390845
2631939
2109569
2431027
2250207
2511392
2692212
2692212
2571665
2772577
2652030
2591757
2611848
2250207
2370754
2631939
2860807
2658072
2680598
2883333
2365234
2590494
3221223
3041015
2838281
2613020
2477864
2793228
2995963
3018489
2838281
3131119
285757
331478
274327
262896
306332
253752
283471
322334
297187
281185
265182
317762
290329
240036
315476
253752
688142
858539
806110
747126
714357
714357
851986
825771
688142
747126
740572
858539
773341
937184
688142
950292
2547096
2618510
2713728
2999384
3142212
2975580
2737533
3308844
2594705
2856556
2904166
2737533
2975580
2880361
3356454
2856556
1884762
2020465
1613356
2126012
1718903
1884762
2156168
1960153
1764137
1598278
1929996
1809372
1809372
1945074
2126012
1628434
3761879
3367276
3525117
2762219
3788186
3235742
3104208
3472504
3498811
3340969
3472504
2893753
3472504
3788186
3025287
2946367
3352520
3430485
3170600
3222577
3612405
3768336
3508451
3456474
3716359
3066646
3196589
2988680
2910715
2962692
2832749
3118623
2934322
2841168
2608286
3306934
2561709
2678151
2584997
2631574
2911033
2771304
3050763
3143916
2538421
3330222
2678151
2538421
1664183
1495353
1555649
1483293
1628005
1640064
1579768
1447116
1314463
1555649
1338582
1314463
1615946
1314463
1736539
1507412
3803452
3617269
3138513
2819342
3830050
2792744
3830050
2952330
2925732
2872537
3564074
3191708
3617269
3244903
2925732
3457684
2568491
2929353
2971808
2292537
3035489
2908126
2929353
2653400
2504809
2398673
2589718
2292537
2886899
2738308
2865672
2844444
1540350
1459279
1459279
1227647
1285555
1331881
1505605
1586676
1262392
1250810
1459279
1644584
1378208
1644584
1447697
1575094
308997
302604
230150
255722
302604
257853
268508
279163
289818
236543
255722
249329
270639
277032
281294
287687
2535297
2636709
2717838
2454167
2251344
2677274
2129649
2129649
2575862
2413603
2920662
2778686
2940945
2129649
2231061
2616427
2491039
2423714
2603248
3007201
2468598
2827666
2917434
2894992
2580807
2693016
2760341
3096968
2580807
2401272
2827666
2580807
1053679
965259
965259
1024206
935785
862101
773680
1046311
1046311
972627
795786
781049
1024206
810522
957890
803154
286438
281541
310920
283990
298679
318264
301127
266852
332953
259508
281541
257059
298679
269300
283990
293782
681869
576228
557020
686671
600237
566624
509001
677067
681869
696275
662662
653058
571426
509001
629048
595435
1274179
1319685
992039
1255976
1037545
1210470
1319685
1028444
1283280
1319685
1255976
1319685
1265077
1183166
973836
1301483
770822
879965
886787
723072
723072
798108
900430
927715
941358
968644
791287
811751
955001
989108
845858
934537
1510453
1901552
1604856
1847608
1658801
1888066
1861094
1928525
1861094
1604856
1604856
1416049
1685773
1604856
1726232
1834121
567387
674441
706557
706557
690499
733321
594150
674441
744026
765437
695852
567387
572739
653030
647677
754732
464097
460852
360243
460852
369980
373225
460852
408925
353752
408925
412170
415416
389452
373225
350507
360243
1854484
2064121
2064121
1838358
1983491
1983491
2289884
2257633
1902862
1741602
1999617
1741602
1983491
2080247
1902862
1918988
1482309
1400607
1295562
1237203
1634042
1692400
1330577
1493981
1412279
1599027
1307233
1634042
1610698
1575683
1412279
1564011
958335
821430
936718
951129
1015979
1015979
1001568
843047
1030390
951129
1037596
951129
1037596
900691
915102
850252
2212818
2671330
2212818
2551718
2471977
2332430
2810877
2890618
2312494
2731136
2272624
2751071
2113141
2671330
2711200
2671330
2301962
2480562
2778230
2738541
2202739
2500407
2639318
2817919
2559940
2123361
2758385
2421029
2301962
2659163
2301962
2421029
143423
127622
149500
159223
154362
128837
151931
131268
159223
128837
166516
147069
144638
137345
147069
161654
2307589
2118160
2032056
2066498
2342031
2135381
2014835
2014835
2359252
1859848
2014835
1894290
1945952
2497018
2497018
1997615
633698
660550
746475
708883
703513
735735
746475
655180
682031
762586
757216
649809
687402
692772
569254
687402
1999729
2099715
1916407
1749763
2283024
2183037
2333017
2149708
1749763
1833085
1866413
2233030
1866413
2016393
1833085
2133044
294842
280459
254091
326004
251694
345180
323607
306827
261282
282856
256488
314018
306827
321210
280459
328401
641442
855256
760227
671138
647381
748349
837438
855256
849317
665199
849317
801802
718652
659260
653320
855256
1463202
1180652
1301745
1059560
1160470
1120106
1362291
1079742
1180652
1342109
1180652
1412747
1150379
1291654
1190743
1200834
2948806
2974901
3183666
3783866
2896614
3366336
2922710
3470718
3470718
3757770
3549005
3783866
3392431
3627292
3522910
3470718
462940
456082
490374
428648
428648
483515
363494
408073
462940
380640
397786
384069
449223
476657
476657
476657
2883311
3480754
3402827
2883311
3376851
3402827
3584657
3013190
3610633
3662584
3454778
3013190
3272948
3117093
3350875
2727456
2109481
2061538
1853786
1885748
1677996
1853786
2269290
2253309
1917710
2157424
1805843
2141443
1965653
1773882
2157424
1709958
2809414
2909750
3386348
2759246
2633826
3411432
2859582
3286011
3210759
2683994
3637188
3561936
3085339
2658910
3035171
2909750
2444102
2385444
2404996
2150810
2385444
2287679
2659183
2209468
2600525
2346338
2053046
2776500
2424549
2189915
2756947
2307232
1444480
1382218
1743338
1444480
1456933
1743338
1780696
1755791
1805600
1705981
1319956
1419575
1319956
1332408
1481837
1793148
92114
92114
102514
78743
102514
104000
97314
104000
97314
92857
80971
94343
89886
100286
80228
98057
2691781
3514269
3364726
3215183
2691781
3489346
3414574
2941020
3015791
3613965
2816400
2916096
3314878
2916096
3489346
3065639
2038212
1613584
1556967
2052366
1613584
1953286
1670201
1868361
1684355
2052366
1882515
1825898
1641893
1670201
1910823
1769281
344773
339386
390563
369014
323224
344773
336692
390563
285515
363627
331305
363627
385176
317837
298982
325918
994902
836981
1010694
1097550
931733
1073862
1065966
963318
1105447
836981
1081758
923837
1002798
1050174
994902
1026486
181768
153700
175085
164393
180431
172412
172412
140335
173748
187114
189787
161720
181768
172412
160383
152364
2309677
2293638
1956810
2245520
2181362
1748297
2213441
2069086
2149283
1844534
2229480
1940771
1908692
2069086
1988889
1716219
1643859
1513394
1552533
1474254
1630812
1774323
1369882
1748231
1500347
1461208
1578626
1604719
1630812
1539487
1500347
1761277
1271816
1199140
1235478
1099212
1253647
1244562
999284
1153718
1044705
1171887
1217309
1235478
1308153
1153718
1053790
1308153
837380
999227
914785
858490
985153
752938
823306
781085
928858
830343
985153
921822
795159
816269
837380
893674
2159658
2114351
1842506
1918018
2084146
2053941
1857608
2023736
1585763
2069043
1857608
2084146
2159658
1600866
1918018
1615968
13035
12686
15479
16876
16876
13734
12453
15829
12919
13152
12919
14665
13152
15363
14665
13152
314073
364444
364444
397036
423703
358518
394073
328888
314073
399999
411851
334814
397036
328888
370370
343703
1226880
1082541
1091562
1281007
1190795
974287
992329
1235901
1217859
1308071
1208838
1046456
1190795
992329
1073520
1299049
548671
614511
535503
487220
561839
504777
557449
575007
583786
605733
601343
465273
601343
500388
526724
482830
2764218
2963441
3112858
2789121
3312081
2739315
2988344
3536207
3610916
3511304
3187567
2614801
2814024
3162664
2838927
2714412
1535578
1608701
2032813
1871943
1652575
1842694
1871943
1945066
1579452
1725698
1652575
1579452
1594077
1988940
1915817
1608701
2256724
1904611
1696544
1936621
2304740
1904611
1728555
1872601
2048657
2048657
2080668
1968632
1696544
2112678
2304740
1920616
1994708
2088798
2088798
2521612
2182888
2408704
2258160
2352250
2182888
2107616
2314614
1994708
2145252
2182888
2483976
2559247
3204034
2686459
2858984
2785045
2735752
2982216
2587874
3006863
3080802
3154741
3524438
3524438
3524438
2785045
3549084
3450498
2679419
2812282
2657275
2657275
2546555
2502267
3055866
2945146
2900858
2391547
3188730
2701563
2347259
3011578
2568699
3210874
1603472
1230834
1490551
1626056
1626056
1535720
1242126
1569596
1626056
1377631
1366339
1298586
1242126
1524428
1456675
1614764
1358169
1273283
1734090
1443054
1612825
1576446
1661331
1758343
1734090
1479434
1661331
1394548
1697711
1491560
1697711
1273283
841121
792004
871818
865679
724469
816562
767446
749027
810423
712190
687631
816562
761306
792004
779725
877958
1109590
1503650
1151070
1379210
1431060
1358470
1109590
1151070
1151070
1130330
1109590
1503650
1451800
1234030
1234030
1130330
2003457
1828552
2226064
2226064
1764951
1908055
2162462
2289666
1971657
1717249
2146562
1764951
2035258
2067059
1892154
2067059
2517804
2054972
2573344
2036459
2369698
2110512
2665910
2351185
2462264
2073486
2110512
2610371
2369698
2443751
2054972
2480778
1819027
1819027
1789449
2055648
1819027
2100015
1685927
2144381
1745083
1937338
1685927
1833816
1774660
1952126
2011282
1745083
1942636
1844805
1802878
1593241
1565289
1663120
1705047
1816854
1565289
1886733
1746975
1956611
1523362
1523362
1705047
1802878
1179538
1133820
1289263
1206969
1124676
1179538
1188682
1078957
969233
1133820
1142963
1115532
1206969
1289263
1152107
1106388
1663305
1613654
1377813
1750194
1762607
1737782
1427463
1377813
1427463
1638480
1750194
1489527
1775020
1750194
1352987
1452289
2479826
2458073
3023647
3132411
2653848
2392814
2392814
2740860
2305803
2523331
2871377
2784366
2349308
2632096
2305803
2893130
731385
657632
755970
823577
872746
829723
866600
676071
768262
798993
786700
829723
645340
645340
768262
749824
650837
686663
859822
716518
722489
626953
782199
776228
722489
758315
829967
794141
764286
740402
806083
847880
1680886
1853284
1953850
1738352
1666519
1565953
1910751
1867651
1795818
1752719
1896384
1824551
1925117
1838918
1867651
1996950
2695167
3012246
2899004
2513980
3261379
3193434
2944301
2423386
2400737
2649870
2446034
2400737
2536628
3261379
3012246
2831058
742700
850511
748690
784627
814574
652857
814574
742700
718742
802595
772648
856501
688794
826553
778637
712752
1497213
1639190
1355236
1368143
1794074
1355236
1742446
1626283
1510120
1716632
1548841
1871516
1819888
1742446
1406864
1368143
817598
842755
754706
805020
880490
742127
679235
735838
899358
817598
704392
855333
805020
861623
786152
830177
2423635
2022602
2475944
2353891
2371327
2406199
1830804
2266709
2022602
2040038
2353891
2092347
2179528
2179528
2475944
2406199
283012
260863
332232
273168
334693
315005
349459
346998
312544
315005
287934
270707
342076
356842
300239
339615
2803838
2927902
2878276
3027153
3399344
2803838
3126403
2654962
3002340
3597845
3151216
3424156
3374531
2654962
2977527
3300093
3523432
3627062
3497524
3445709
2849834
3057095
3652970
3601155
3601155
3419801
3549339
3057095
3031188
3160725
3290263
3316171
2018165
2052083
2289514
2255596
1814652
2136880
2255596
2153839
2221677
2035124
2204718
2170799
2204718
2136880
2289514
2170799
1186573
1391154
1432071
1268405
1452529
1114969
1319551
1370696
1104740
1258176
1237718
1442300
1340009
1483216
1247947
1176344
2357730
2432579
2713261
2395155
2264170
2563564
2077048
2488715
2713261
2582276
2713261
2282882
2133185
2002200
2544852
2600988
759561
772435
901174
682317
888300
907611
823930
933359
708065
811056
695191
727376
765998
740250
862552
785309
409020
369254
386297
329488
320967
377775
389137
309605
323807
377775
411860
352212
403339
377775
377775
377775
2960380
2626144
2650018
3151373
2841010
2697766
2912632
3222995
3103625
2769388
2864884
2745514
2960380
2817136
3127499
2864884
810051
893849
831000
963681
977647
817034
963681
858933
831000
837984
928765
963681
893849
837984
977647
893849
145872
168415
183003
190959
157807
148524
145872
190959
185655
173720
157807
155154
167089
145872
145872
159133
3019776
2807862
3046266
3178712
3496583
3629029
2913819
3311158
3178712
3682008
3443605
3734987
2913819
3046266
3311158
3840944
2894041
2400484
2759434
2692131
2849172
3118385
2781869
3073516
2737000
3006213
3163254
2692131
2647262
2557525
3028648
2400484
3411221
3137328
3311624
3212026
2763836
3510819
2664239
2963032
3087529
3261825
2714037
2863434
3087529
2689138
3436121
2763836
2903163
3331498
3283905
3117331
2974552
2736588
3188720
2998348
2665199
3426684
2974552
3331498
2926959
2688995
3164923
3236313
3464310
3228107
2939415
3569290
3123128
3779248
3096884
3306842
3674269
3254352
3595534
3123128
3700513
3464310
3569290
3280597
1081667
1346982
1316368
1071463
1377595
1285755
1346982
1091871
1204120
1214324
1316368
1326573
1336777
1275551
1275551
1316368
1347393
1337108
1429677
1419392
1090257
1378250
1388535
1131399
1079972
1079972
1275395
1265110
1254824
1378250
1378250
1398821
911807
733410
779661
779661
726803
852341
911807
832519
786268
839127
938236
812697
931629
759839
819305
951451
3125882
2665481
2883566
3440894
2568554
2713944
2738176
3368199
3465125
2568554
3513589
2713944
2907798
3319736
2859334
2835103
2484482
2712226
2939970
2318850
2753634
2277442
2318850
2256738
2898562
2670818
2939970
2629410
2318850
2691522
2567298
2567298
815226
764725
1002800
1010014
779154
887369
909013
829654
872941
1002800
923441
988371
909013
1031657
764725
865726
614840
698921
751472
704176
609585
709431
646371
614840
604330
672646
714686
730451
630606
730451
609585
588565
384373
331248
406248
381248
453123
403123
399998
390623
393748
449998
440623
440623
418748
381248
331248
434373
951994
829595
754795
802395
720795
829595
972394
863594
856794
754795
754795
911194
809195
720795
924794
802395
1580097
1652579
1609090
1696068
1754053
1696068
1638083
1797542
1710564
1739557
1725060
2101964
1957001
1580097
1870023
1884520
2720924
3341486
3460825
3031205
3198279
2744792
2983470
3460825
2697056
2983470
2744792
3389221
3031205
3078941
3389221
3007337
3000204
2840901
3345360
3451562
2973653
2814350
3717067
2814350
3292259
2894002
3292259
3318810
3000204
3743617
2920552
3212608
1605700
1523357
1976247
1523357
1921351
1646872
1715492
1605700
1468461
1921351
1907627
1948799
1852731
1935075
1852731
1468461
1923835
1660083
2125527
1861776
1629054
2094498
2016924
1784201
2078983
1660083
1629054
1939350
2063468
2141042
1784201
2063468
839312
869287
794349
1019164
1079115
996683
1056634
1041646
1041646
1034152
1079115
899263
876781
929238
786855
839312
1948706
1598548
1811688
1720342
1796463
1750791
1872585
1613772
1948706
1811688
2207519
1887809
1857360
1826912
2177070
2085724
743133
977083
935798
977083
908274
756895
915155
997726
839466
832585
770657
901393
832585
866989
729372
887632
1963690
2023650
1588940
1993670
1918720
1768820
2098600
1963690
1888740
1783810
1783810
1918720
1693869
2158560
1573950
2173550
2460269
2074704
2221586
2588791
2276667
2350108
1982903
2166505
2203226
2478629
2019624
2533710
2166505
2166505
2019624
2588791
2336970
2215793
2059995
2510079
2285037
1973441
2198483
2163861
1904197
2423524
2198483
2129239
2163861
2388902
2371591
1990752
1440498
1375021
1189502
1505976
1276805
1178589
1538714
1287718
1353195
1473237
1495063
1571453
1495063
1571453
1418673
1505976
2877378
3245683
2601150
2946435
3268702
3084550
2463036
3038511
3291721
3176626
3130588
2716245
2532093
3038511
3130588
2440017
2649869
2460593
2986360
3049452
2523685
2523685
2923268
3049452
2418531
2776053
2481623
2776053
2376470
2944299
2818115
2965330
1463667
1514577
1756400
1730945
1794583
1501849
1400029
1667307
1807310
1845493
1820038
1629125
1336391
1718217
1578214
1565487
1132707
1425997
1213615
1355203
1334976
1193388
1173161
1446224
1385544
1446224
1466451
1425997
1173161
1314749
1193388
1456338
3148358
2764412
3429918
2917990
2738815
3020376
3609093
3481111
3711479
3711479
3045972
2841201
3173954
3122762
3711479
2892394
1848682
2272692
1967405
2323573
2153969
1967405
2069167
2323573
2103088
2018286
2442296
2204850
2340533
2442296
1916524
1984365
2070028
2365747
2332889
2004313
2250745
2135744
1905740
2086457
1774310
2217888
1955027
2086457
2217888
1872883
2020742
1971456
953025
988322
762420
945966
924787
967144
748301
840074
1023620
967144
804777
833015
748301
960085
783598
882431
809822
840266
828089
669777
864622
718489
822000
730666
767200
852444
785466
864622
882889
797644
730666
748933
1502285
1784766
1733406
1771926
1707726
1592166
1720566
1348205
1386725
1592166
1771926
1425245
1348205
1592166
1412405
1656366
2617314
2827634
3365118
3295012
2734158
2500470
3178167
2921110
2710790
2477101
2734158
2710790
2593945
2523839
3037954
2827634
2901653
2241276
2421379
2101197
2421379
2841618
2221265
2621493
2821607
2141219
2141219
2761573
2661516
2401368
2461402
2521436
370520
364775
350414
387753
359031
338925
327436
313075
387753
321692
327436
304458
347542
384881
313075
307330
501813
536722
484359
606540
623994
532359
541086
632722
493086
462541
510541
484359
602176
462541
575995
514904
2750580
2688537
2936710
2502408
2336959
2709218
2357640
2399002
2233554
2626494
2254235
2212873
2895348
2771262
2316278
2523089
285947
294814
237181
319197
243831
312547
294814
279297
312547
272647
263781
248264
319197
252698
316980
321414
1440298
1337419
1634624
1234541
1646055
1531745
1383143
1280265
1348850
1257403
1417436
1257403
1428867
1463160
1531745
1406005
2740080
2993365
3246650
3246650
2717055
2740080
2901262
2486796
3177572
2970339
2924288
2740080
3039417
2647977
2740080
2993365
2637822
2580891
2220325
2125439
2599868
2125439
2561913
2751685
2296233
2030553
2542936
2372142
2410096
1992599
2144416
2429073
1335793
1149175
1070599
1424191
1257217
1100065
1060777
1306327
1316149
1335793
1247395
1384903
1227751
1100065
1217929
1080421
360576
466817
466817
424964
370234
441061
354137
379892
350917
350917
431403
424964
434623
457159
341259
441061
1378917
1239866
1517967
1274629
1680193
1216691
1529555
1378917
1448442
1402092
1668605
1645430
1552730
1286216
1460030
1320979
3078763
2569328
3167361
2835120
2901568
3056614
3034465
2812971
2347834
3056614
2547178
2458581
2702224
2613626
3056614
2613626
204797
240496
240496
212313
219828
249891
236738
216071
206676
259285
248012
204797
217950
202919
272437
272437
2160657
2005214
1663240
2129569
2238379
2036303
1787594
1849771
1880860
2176202
2114024
2222834
1678784
2098480
1740961
2145113
3298393
2547724
2524976
2775199
2615967
2570472
2411239
2911685
3230150
2820694
2957180
2957180
2479481
2388491
3116412
2456734
297999
317679
295188
345792
306433
402018
337358
348603
295188
371094
320490
323301
382339
379528
309245
404830
2100565
2547908
2295062
2431210
2528458
2275612
2236713
2606257
2781304
2236713
2547908
2333961
2586807
2664606
2547908
2411760
308214
262212
264512
246111
322015
255312
262212
319715
262212
285213
257612
301314
280613
333515
259912
296714
2124242
2669919
2065776
2514011
2299638
2591965
2689407
2377592
2182707
2085265
2630942
2280149
2591965
2533499
2104753
2475034
561452
510022
531451
475734
608597
612883
604311
535737
492878
514308
471449
522879
531451
552881
612883
531451
1491203
1491203
1923234
1769932
1853551
1742060
1923234
1853551
2006853
1728123
1700250
1574822
1839615
1546949
1505139
1560885
244806
231097
221304
217387
242847
254598
211512
236972
262432
221304
276141
209554
244806
264390
280058
280058
351641
360657
333608
345630
390712
321586
327597
429783
426778
384701
378690
384701
315575
369674
369674
324591
3498876
2678449
3426485
3136923
2919751
3136923
2847361
3378225
3426485
2823231
3040402
3016272
2847361
2919751
3498876
3088663
1146708
1185253
1214162
1214162
1194890
1108164
1252707
1079255
1358705
1011802
1031074
1165981
1368341
1291252
1243071
1271979
2268156
1955874
2103797
1906566
2235285
2284592
2251721
1742207
2317464
1807951
2070925
2235285
2218849
2054490
1955874
1775079
3137621
2590914
2567144
2685994
3256470
3113851
2899922
3351550
2899922
3256470
2852383
2804843
3185161
2781073
2781073
3042542
741886
715625
787844
787844
814105
879759
866628
709059
833801
781279
925717
761582
899455
866628
892890
840367
128127
145135
140599
123591
138332
124725
142867
159875
128127
151938
129261
132662
154206
157607
153072
141733
3400991
3210726
2639930
3210726
2497231
2949111
3044244
2544798
2521014
3448558
2639930
3210726
2568581
2806412
2853979
3377208
2961744
3348059
3708619
3554093
3657110
3090516
2781464
2781464
3245041
3219287
2704201
3064761
2935990
3605602
2858727
3631356
3610169
3259180
3509886
3334392
3334392
2732697
3234109
3309321
2908191
3033545
3560028
3033545
3334392
3359463
2707626
3234109
781934
618544
758592
647721
682733
840287
781934
787769
653556
641886
636050
834452
752757
612709
641886
682733
202174
262280
264101
229495
203995
211281
229495
214924
231316
260458
242244
258637
240423
254994
251351
251351
1933359
1757599
1965316
2109119
1789556
1869447
2204988
1821512
2077163
2045207
1933359
1757599
2061185
1997272
2093141
1821512
2014897
2103270
2315364
2244666
2244666
2120944
2103270
2545133
1855826
1908850
2333039
2280015
2456761
1926524
1979548
2368388
144287
137967
143233
131648
129542
150606
151659
149552
122170
110584
145340
146393
142180
117957
112691
147446
1000332
1149914
1177961
1243403
1019030
1215357
1187310
1065774
1243403
1121868
1168612
1149914
1019030
1177961
1299497
1196659
1094261
1268568
1016791
1239517
1171731
1132996
1094261
1394457
1084577
1249201
1094261
1016791
1220149
1384773
1055526
1016791
1525223
1429145
1501203
1309049
1429145
1681348
1261011
1441155
1537232
1573261
1549242
1561251
1465174
1285030
1561251
1309049
2137881
2158242
2158242
2463654
2484015
2830148
2626540
2484015
2850509
2443293
2382211
2178603
2769066
2524736
2484015
2707983
270913
234649
241049
255981
296512
300778
302911
245315
245315
247448
305044
273047
236782
234649
226117
283712
1637791
1346628
1358760
1467946
1577132
1722714
1480078
1467946
1443683
1674187
1395155
1528605
1407287
1407287
1273837
1310233
1988737
2227386
1765998
1829638
2291025
2052377
2163746
2131926
2147836
2004647
2179656
1829638
1845548
1845548
2227386
1845548
1495250
1604659
1349372
1689754
1325059
1714067
1434468
1531720
1470937
1507407
1750537
1470937
1531720
1653285
1762693
1568189
545809
471380
458976
537539
467245
475515
483785
438301
516865
562349
438301
434166
578888
487920
583023
467245
2925610
2722089
3561612
3561612
2849290
2772969
2874730
3536172
3154571
3663372
3383531
2874730
3307211
3434412
3027370
3383531
790073
901942
776089
852999
915925
964868
769098
887958
846007
887958
866983
790073
929909
1006819
755114
992835
1630840
1695046
1361173
1784935
1617998
1451062
1861982
1386856
1348332
1784935
1810617
1438221
1643681
1374014
1617998
1733570
391664
386186
325930
391664
290324
347841
290324
367013
388925
367013
383447
342363
317713
328669
342363
367013
2161948
2177845
1828118
2082465
2130155
2161948
2241431
1716841
2289121
2018878
1859911
1716841
2114258
1955291
1716841
2050671
1437447
1424726
1780907
1615537
1335680
1831790
1679141
1348401
1513771
1730024
1551933
1780907
1361122
1602817
1462888
1831790
2314035
2975188
2864995
3195572
3129457
2666650
2975188
3173533
3195572
2644611
2490342
3173533
2622573
2864995
2512381
3173533
1873301
2172400
2266852
1715881
1715881
1920527
1747365
2188142
2140916
1920527
1841817
2282594
1763107
2140916
1826075
2266852
2686741
2729729
2815704
2493295
2729729
2858692
2299850
2407320
2837198
3095125
3052138
2557777
2794210
3073631
2450308
2557777
2044819
1835507
2221929
1690598
1755002
1819406
2044819
2093122
2141425
2270232
2109223
2093122
2012617
2141425
2238030
2173626
2833652
3400383
3323101
3220060
3400383
3142778
3709509
2756371
3632227
2962455
2988215
3503425
3271580
2704850
3554946
3477664
3298904
2978861
2855768
2831149
3397379
3003480
2806530
3397379
3298904
2954242
2658818
3520472
3225048
3569710
2880386
3323523
1260180
1178586
997265
1078859
1214850
1196718
1087926
1024463
1169520
961001
1106058
1187652
979133
1115124
1069793
1187652
1600822
1865421
1653742
1521443
1402373
1852191
1719892
1614052
1455293
1666972
1415603
1852191
1653742
1891881
1587592
1442063
676079
552707
636600
537903
656340
537903
646470
552707
532968
710624
715559
705689
656340
611926
676079
537903
1125360
1153970
1192118
1049064
1029990
1192118
1220729
1325636
1134897
1163507
1316099
1230266
1087212
1049064
1039527
1192118
3041320
2455584
2635811
3199018
2590754
3041320
2816037
3199018
3108905
2613282
2680867
2433056
2455584
3221546
2590754
3199018
1914725
1995858
1995858
2093217
2028311
1930952
1914725
1768687
2206802
1898499
2125670
2012084
1817366
1963405
1849819
1703781
2290974
1930191
2200778
1912152
2254896
2020387
1930191
2128622
2128622
2020387
2327052
2489405
2471366
2056465
2254896
2489405
965817
1068382
923082
897441
1205135
1017100
965817
1025647
1068382
914535
1051288
1153853
965817
940176
1239323
1179494
2469264
3015562
2753339
3168525
2381857
2425560
2491116
2338153
2381857
2797043
2884450
2447412
2950006
3081117
2665931
2622228
2185906
2280126
2185906
2449722
1978622
2619318
1978622
2148218
2525098
2355502
2148218
2506254
2393190
2487410
2016310
2638162
3432789
3336767
2640607
2640607
2688618
3024695
2904667
3456794
2736629
3360772
3216739
2568590
2880662
3240745
3288756
3240745
456683
489015
517305
586010
586010
464766
456683
448600
521347
440518
493056
509222
436476
561761
489015
541554
1612925
1845419
1627456
1801826
1947135
1598394
1700110
1961666
1656518
1889011
1554802
1801826
1961666
2092443
1903542
2092443
2186117
1802295
2002550
2069302
2403060
2302932
1985862
1768919
2236181
2085990
1935798
2152741
1935798
1818983
2035926
2319620
113194
112317
106175
111439
112317
108807
126357
110562
93890
115827
123724
120214
100032
94767
109685
92135
310639
319431
307708
383903
328222
363389
334083
383903
307708
383903
419070
331153
380972
328222
378042
383903
1066968
817749
1105908
942358
981299
1082544
895630
872266
957935
981299
989087
1004663
817749
1082544
1051392
1074756
1389718
1235305
1290452
1334570
1588249
1400747
1202216
1180157
1279423
1158098
1158098
1411777
1246334
1323541
1356629
1389718
1653129
1518729
1680010
1814410
1438088
1948811
1921931
1518729
1935371
1720330
1424648
1653129
1478408
1599369
1585929
1841290
2761760
3361009
3256792
2944140
3204683
3048357
2761760
3725770
3022303
3777879
2970194
3595498
3282846
3699716
3647607
2761760
2875253
2699665
2480180
2897202
2326541
2502129
3116687
3138635
2414335
2611871
3072790
2721614
2809408
2787459
2502129
2392386
1266529
1017061
1276124
1170580
1036251
1160985
1103415
1372073
1333693
1237744
1189770
1103415
1256934
1065036
1391263
1362478
661074
609828
681573
717445
584205
645700
573956
732819
712320
614953
568831
671323
620077
625202
625202
712320
263921
241743
237307
252832
279446
317149
257268
319367
299407
259486
239525
235089
310496
232872
259486
275010
3475024
3083472
2740864
2618504
2618504
2863224
3230304
3132416
2961112
3254776
2765335
3034528
2765335
2569560
3107944
2985584
1000739
1135760
833949
865719
921316
905431
1111933
873661
833949
961027
953085
913373
873661
1143702
881604
881604
738103
749913
832581
814866
696769
744008
738103
661340
744008
791247
673150
826676
785342
850295
655436
684960
2148532
2641315
2109110
2601892
2385068
2227378
2523047
2345645
2168244
2187955
2345645
2799006
2621604
2818717
2444202
2207666
1543496
1509697
1284369
1284369
1509697
1543496
1306902
1239304
1194238
1329435
1351968
1430832
1475898
1306902
1442099
1554763
2538511
2315122
2579127
2822824
2579127
2599435
2660359
2558819
2457278
2680667
2355738
2254197
2172965
2193273
2558819
2254197
993010
946096
946096
875725
883544
867906
1102476
1133752
875725
836630
1008648
899182
1024286
922639
820992
1118114
192052
198911
240064
245209
188622
226347
197196
217773
195481
221202
198911
234920
193766
226347
188622
246924
78996
95453
87553
88870
85579
85579
92820
75704
88870
84262
88212
75046
88212
71754
75704
82945
1358967
1155657
1144956
1476673
1316165
1498074
1251962
1401769
1177058
1540876
1166357
1166357
1251962
1177058
1369667
1262662
1418426
1287311
1251552
1644897
1573380
1716415
1275391
1382667
1251552
1728334
1704495
1585300
1549541
1358828
1275391
1716415
2385234
2244926
2472927
2490465
2104618
2455388
2508004
2069541
2104618
2367696
1876618
2385234
2157234
2087080
2543081
2244926
2210916
2797885
2837016
2680491
2563097
2837016
2269613
2132653
2602228
2289178
2837016
2328309
2523966
2269613
2758753
2152219
1020577
1046306
951967
1003424
1200679
1003424
1037729
1106340
900509
1217831
1183526
1020577
1217831
1200679
1123492
1097763
2932326
2629784
2676329
3118505
2978871
3258140
2513422
3374502
2513422
2909053
3188322
2746146
2583239
3095233
2629784
3025415
83818
95353
99967
94584
89201
86894
105350
106119
108426
107657
86894
102274
106888
99198
103043
80742
2072650
1798329
1935490
2026930
1889769
1889769
2057410
1798329
2057410
1965970
2179331
1874529
1661168
2179331
2133611
1859289
779260
649383
619866
726129
761550
755646
767453
785164
820585
708418
678901
802874
708418
844199
708418
684804
2803895
2848757
2803895
3162793
2960913
2557152
2400134
3162793
3207655
2916050
3005775
2400134
2467427
2422565
3185224
3117931
580494
515995
631172
603530
520602
515995
525209
640386
589708
520602
529816
658815
520602
515995
585101
515995
340091
304146
329031
384330
301381
381565
306911
298616
293086
337326
378800
381565
340091
293086
312441
312441
524332
453589
553462
524332
457750
586753
553462
561784
603398
595075
582591
495203
453589
436943
445266
536816
2791378
2978858
2728884
2541403
2687222
2958027
2395585
2187273
2228936
2687222
2208105
2916365
2853871
2749715
2374754
2374754
2629729
3068017
2761215
3024188
2761215
2783130
2936530
2542071
3024188
2476328
3111846
3068017
2695472
2607814
3089931
2783130
3170811
3380451
3197016
3275631
2856350
3694912
3799732
3642501
2777735
3747322
3773527
3249426
3459066
3065990
3118400
3118400
2251973
2353566
2014923
2065719
1997991
2353566
1947194
2201176
2082651
1947194
1981059
1811737
2353566
2404362
1777873
2031855
1418558
1496746
1373879
1519085
1239842
1239842
1418558
1273351
1362709
1418558
1541425
1418558
1429728
1496746
1172823
1452067
718636
631992
698249
570831
545347
693152
606508
693152
652378
570831
718636
718636
611605
550444
570831
535154
1210336
1316845
1161922
1307163
1161922
1142557
1123192
1084461
1258749
1152240
1287797
1326528
1394307
1268432
1045730
1016682
1034527
898194
1010468
1098683
962350
1010468
938292
874135
994429
1138781
1010468
1106703
1138781
898194
1042546
906213
2622167
2478767
2437795
2519738
2396824
2970423
2908966
2150996
2704109
2314881
2253424
2724595
2765566
2294396
2745081
2724595
309465
396231
318142
373093
329710
367309
384662
309465
312357
402015
364417
402015
347064
364417
341279
381770
2426877
3092657
2426877
2834936
2383923
2276539
3028227
2641645
3071180
2727552
2920843
2598691
2362446
3071180
2985273
2791982
855343
709618
855343
880687
906030
887023
855343
665267
817328
785649
855343
849007
760305
791985
677939
887023
1822393
1357368
1646438
1520755
1533324
1558460
1646438
1784688
1646438
1621301
1684142
1608733
1709279
1696711
1407641
1332232
2690039
3202427
2792516
3253666
3074330
3637957
2946233
3586718
2766897
3433002
3509860
3561099
2792516
3535479
3381763
2997472
3537793
2952403
3614148
2672433
3537793
3537793
3563245
2774240
3206920
2977854
2876047
3461437
3385082
3028758
3003306
3410534
733136
758416
752096
707855
853218
878499
663614
676254
815298
872179
897459
783697
802657
777377
827938
745776
2146947
2370230
2353054
2387405
2146947
2456107
1803435
2456107
2267176
2215649
2095420
2009542
2026718
2198474
2009542
2301527
2303050
2171447
1760188
1908241
2072745
1825989
1842440
2138546
1941142
2286600
1974043
2352401
2385302
2006943
2368851
2368851
636938
655136
627839
659686
623289
568695
482253
586893
532298
545947
659686
586893
564145
582343
618740
477703
2604198
2304434
2117082
2079611
2023405
2323169
2641668
2023405
1967200
2491786
2154552
2117082
2491786
2060876
2398110
2060876
736597
760947
730509
833998
669633
864436
718334
748772
779210
712246
760947
840086
833998
803560
833998
748772
1738843
1832473
1792346
1872600
1457953
1471329
1939479
1832473
1658589
1778970
1872600
1498080
1578334
1605086
1618462
1457953
153714
133432
138769
146242
143039
146242
122757
122757
116353
145174
133432
129162
122757
149444
117420
143039
2280354
2039341
2206196
2651144
2373052
1983723
2614065
2410131
2132039
2484288
2057881
2391591
2335973
1983723
2521367
2484288
2613615
3159065
3181792
3068157
2409071
2568161
3022702
2772704
3272700
2840886
2431798
2772704
2431798
2818159
2636342
3181792
1110168
1221184
980648
1128670
1322950
1045408
1341453
1202682
1110168
1128670
1110168
971397
1258190
1267441
1026905
1285944
1904863
2422852
1988410
2188922
2105375
1988410
2038538
2239050
2088666
1904863
2389434
2389434
2255759
2372724
2272468
2122084
1802420
1710772
2199564
1726046
2123190
1894069
1909343
2016267
2169014
1863519
1771870
1756596
1924618
1955168
2031541
1603848
2800383
2301090
2605008
3039176
2691841
2735258
2539882
2366215
2539882
3060884
2822092
2735258
2756966
3039176
2887217
2713550
2193590
2116622
2366768
2020412
2232074
2790092
2270558
2386010
2405252
2790092
2058896
2751608
2155106
2443736
2674640
2212832
797879
763188
908888
1006021
901950
763188
797879
735436
790941
853383
825631
846445
999083
922764
881136
936640
1500531
1325469
1550549
1325469
1538044
1325469
1400496
1425505
1750620
1550549
1463018
1713106
1362982
1600567
1613071
1650584
1066248
937267
1212427
1092045
1212427
1212427
945865
1212427
988859
971662
1066248
980260
902871
980260
1143637
980260
2507091
2467296
2526988
2706066
2586681
2288218
2646374
2566783
2208628
2765759
2089242
2666271
2467296
2328013
2467296
2347910
2259346
2126443
2292571
2093217
2292571
2209507
1810799
2176282
2408861
2309184
2408861
2242733
2143056
1860638
1943702
1844025
2330140
2191911
2507862
2112923
2073429
2211658
2507862
2626344
2665838
2428874
2646091
2093176
2191911
2527609
2211658
2843560
431123
515736
580203
463356
531853
527823
523794
479473
475444
487531
511707
483502
451269
451269
511707
479473
1928064
2037200
2128146
1982632
2255471
1964443
1928064
2091768
2528311
2419175
2455554
1982632
2564689
2073579
2619257
2273661
2376923
2338586
2319417
2511104
2031886
2779467
2472767
2031886
2472767
2031886
2127730
2338586
2166067
2185236
2070223
2568611
189757
167520
171967
169002
160107
171967
174932
157142
169002
188274
157142
182345
185310
210512
210512
185310
347580
388312
314994
317709
342149
363872
323140
372019
331287
287839
285124
295986
393743
298701
393743
366588
2020863
2110282
2217585
2253352
2163933
2539492
2503725
2181817
2593143
1967212
2557376
2217585
1985096
2485841
2342771
2307003
