1565682
1815083
1718094
1524116
1634960
1676527
1565682
1787372
1524116
1828939
1731950
1787372
1607249
1454838
1648816
1607249
2448755
3095596
2818379
2587364
2518060
3003191
2933886
3049394
2818379
2933886
3026292
2887683
2679770
2679770
2633567
2910785
2230122
2246890
1844462
2129515
1911533
2213354
1844462
1978605
1911533
1894765
1861230
1844462
1827694
2163051
2012140
1928301
1619137
1835022
1973806
1742500
1865863
1850443
1835022
1757921
2066328
1942965
1649978
1696239
2020067
1804182
1696239
1788761
1767681
1484312
1808162
1767681
1686718
1538287
1484312
1551781
1821656
1740693
1470818
1632743
1578768
1484312
1457325
1605756
2851749
2702962
3124525
3124525
3298110
3322907
2628568
3025334
3074929
2826951
2876547
3298110
3099727
3273312
3149323
3298110
2476368
2133486
2343025
2171584
2114437
2247780
2285878
2171584
2400172
2323976
2362074
2076339
2266829
2438270
2095388
2247780
2458837
2163037
2015137
2495812
1996650
2366400
2458837
2255475
2015137
2255475
1996650
2070600
2144550
2052112
2015137
2329425
826395
871472
961624
788832
909035
931573
796345
826395
894010
803857
909035
976649
924060
984162
946598
909035
252325
273007
221301
277144
270939
239915
258530
270939
260598
248188
217165
225438
221301
239915
254393
227506
846199
899503
806221
892840
806221
892840
779569
899503
726265
852862
786232
739591
819547
799558
726265
879514
1842976
2056213
1721126
1721126
1599277
1660201
1903901
1903901
1888670
1690664
1690664
1690664
1873438
1751589
1660201
1599277
1226118
1080152
1226118
1235849
1138538
1050958
1294236
1196925
1128807
1187194
1080152
1089883
1070421
1089883
1196925
1119076
2975575
3288794
2845067
3210489
3027778
3367098
3340997
2871169
3340997
3445403
3497606
3132184
2740661
3027778
3497606
3314895
199477
208976
212776
210876
201377
214676
226075
235573
216576
199477
231774
256471
208976
252672
256471
231774
2054936
1772579
1882384
1709832
2023563
1662773
1709832
1960817
2117682
1851011
1694146
1882384
1882384
1866698
1882384
2023563
3086212
3449296
3241820
3501165
2826867
2852801
3112147
2800932
2878736
3475231
2774997
2774997
2774997
3449296
2956539
2956539
963268
861459
947605
939774
1049414
822302
869290
931942
861459
1018088
916279
1002425
830133
884953
947605
939774
2974883
3470697
2766119
3522888
3157551
3105360
3079265
3183647
3366315
2948788
3522888
2844406
2974883
3183647
3157551
3444602
368922
294028
296801
316218
330088
316218
324540
302349
296801
366148
371695
352278
327314
338409
374469
330088
2391666
2555198
2759614
2698289
2432549
2350782
2309899
2187250
2166808
2739173
2452990
2493873
2166808
2391666
2207691
2146366
1241100
1054468
1138452
1101126
1045136
1185110
1203773
989147
1231768
1259763
1063800
1063800
1166447
1045136
1129121
1259763
1320249
1290469
1330176
1211056
1250762
1082009
1300396
1300396
1250762
1072082
1062155
1230909
1161422
1290469
1250762
1131642
3267793
3503074
2849516
3032512
3293936
3241651
3137082
3137082
2744946
3529217
3424647
3032512
2849516
3006370
3084797
2823373
361056
423848
392452
335939
383033
398731
376754
383033
332799
335939
408150
367335
345358
379894
379894
332799
1959357
1663899
1695000
1819403
1741651
2068211
2006009
1819403
2006009
1897156
1803853
2099312
1772752
1819403
1726101
2006009
1957372
1994304
2086633
2419017
2012770
1994304
1957372
2123564
2197427
2419017
2142030
2382085
2363619
2345154
1957372
2160496
1565395
1449915
1514070
1385759
1372928
1526902
1668044
1514070
1385759
1552564
1616719
1693706
1565395
1565395
1385759
1655213
2400488
2102753
1991103
2512139
2493530
2493530
2512139
2084145
2084145
2437705
2009711
2046928
2270229
1953886
2028319
2400488
812236
751319
731013
846080
771624
710707
819005
900229
825774
778393
724244
886691
798699
886691
798699
852848
1005843
1208857
1005843
1079666
1245769
1088894
1153490
1051982
1005843
1116578
996615
1061210
1181173
1236541
1005843
1042754
2653806
3142665
2607248
2630526
3119386
2444295
2700364
2490853
2933154
2607248
3002991
2863317
3026270
2700364
2444295
2840038
1025254
1187136
1088208
1115189
1088208
1052234
1016260
1034247
1169149
1079215
953306
1187136
1025254
953306
944313
1025254
1325131
1607335
1325131
1460099
1423289
1337401
1521447
1447829
1484638
1521447
1496908
1545987
1361941
1460099
1484638
1349671
888935
1055610
857187
833376
865124
928619
1023862
968304
896871
944493
857187
960367
1023862
865124
928619
896871
793611
651009
669609
793611
737810
719210
694410
669609
799811
837012
713010
688209
719210
682009
787411
700610
2459332
2498369
2537406
2107999
2303184
2303184
2439813
2556924
2049443
2459332
2205591
2127517
2205591
2283665
2147036
2303184
1381130
1360361
1308439
1131903
1360361
1235748
1391514
1308439
1277286
1277286
1266901
1329208
1183826
1121519
1194210
1111135
2319245
2476482
2260281
2535445
2103044
2122698
2574755
2378209
2397863
2162008
2260281
2279935
2103044
2378209
2397863
2378209
1754722
1455467
1781927
1659505
1713915
1781927
1591492
1822735
1768325
1713915
1496275
1482672
1686710
1632300
1523480
1496275
2237298
2256420
2294665
2122565
2371154
2332909
2294665
2562376
2026954
2524131
2524131
2103443
2007832
2313787
2409398
2428520
2033304
2213678
1902123
1951316
1885726
1869328
1721750
1754545
2016907
2082497
1738147
1967714
1869328
1902123
2131690
2148088
1695743
1492254
1573650
1478688
1614348
1546518
1532952
1804271
1709309
1532952
1750007
1505820
1831403
1546518
1790705
1573650
935415
1022615
927488
864070
982979
1062251
1054324
856143
864070
1022615
1006760
1014688
959197
887852
990906
919560
446385
511910
483243
442290
532386
442290
507814
516005
495528
552862
499624
495528
466861
430004
442290
483243
750687
788858
839752
737964
788858
712517
839752
712517
667984
795220
782496
737964
788858
763411
680708
788858
2016207
2133819
2100216
1999405
2268233
1780983
1999405
1932198
2016207
1764181
2268233
1848190
2201026
2184224
2150621
1999405
1519772
1462205
1243450
1554313
1208910
1427665
1531286
1254963
1554313
1231937
1335557
1231937
1496745
1324044
1254963
1358584
563263
591193
553953
488782
623779
628434
600504
502747
530677
605159
512057
516712
563263
572573
623779
535333
735247
831149
780002
754428
780002
792789
824756
690493
863117
722460
684100
767215
696887
703280
703280
754428
790641
679457
802995
710342
790641
741226
772111
772111
722696
735049
667104
827703
667104
821526
753580
673281
2035436
2294178
2207930
1914690
1931939
1897440
1966438
2242429
2138933
2328677
1811193
1811193
1983687
2225180
2156182
2259679
2596086
2573112
2917725
2550138
2412293
2527164
3032597
2871777
2871777
3055571
2779880
2986648
3032597
2986648
2527164
2825829
2484855
2995760
2554524
2879645
2809976
3135098
3042206
2717085
2740308
2740308
2972537
2902868
2438409
2693862
2484855
2902868
2932779
2808508
3181319
2659384
3206173
2709092
2684238
2659384
3081903
3106757
3355298
2609676
3305589
3007341
3032195
3355298
175331
209742
180247
221212
180247
206464
173692
183524
190078
191717
176969
209742
186801
176969
198271
214657
1349301
1395829
1407461
1279510
1314405
1512148
1500516
1512148
1558675
1419093
1384197
1349301
1523780
1256246
1477252
1465620
144906
153727
149947
137346
146166
165067
156247
138606
156247
168848
170108
170108
168848
157507
168848
139866
2631376
3027247
2817668
2468371
2538230
3097107
2934101
3120393
2468371
2445084
2980674
2491657
2701236
2771095
2491657
2561517
2260529
2380558
2700633
2360553
2120497
2480581
2580605
2500586
2180511
2560600
2400562
2680628
2460576
2260529
2240525
2640619
2369175
2895658
2939532
2522733
2456922
2742101
2961469
2764038
2720164
2478859
2303365
2391112
2522733
2939532
2851785
2676290
2850492
2634546
2375410
2375410
2634546
2785708
2310626
2720924
2591356
2310626
2461788
2483383
2332221
2310626
2699330
2807303
1918220
1978637
1993741
1631242
1767179
1963533
1585930
1782283
1857804
1993741
2039053
1736971
1993741
1857804
1842700
1918220
1342284
1342284
1353564
1488920
1477640
1364843
1443801
1477640
1342284
1240767
1432521
1477640
1364843
1274606
1488920
1252046
705861
790046
848328
699385
705861
848328
738240
854804
815949
712336
835376
686433
796522
679957
692909
861280
1906934
2330697
2101159
2171786
2224756
1853964
2154129
2260070
1995218
2065845
2277727
1942248
1995218
1977561
1959904
2048188
2428550
2512293
2784458
2302935
2533229
2826330
2386678
2261064
2512293
2533229
2302935
2763522
2365743
2784458
2554165
2763522
1771974
1909455
1924730
1710871
1680320
2062211
1726147
1940006
2062211
1603942
1741422
1619217
1848352
1924730
1863628
1603942
468288
405384
450815
443825
408878
457804
426352
401889
436836
461299
366942
370437
461299
380921
405384
394899
3326114
2910350
3040276
2754438
3482026
3508011
3326114
3092247
2832394
3482026
3274144
3404070
3274144
3378085
3404070
2884364
1780243
1706066
1809913
1572548
1691231
1839584
1973102
1572548
1987938
1691231
1943432
1587383
1735737
1646724
1824749
1809913
2076938
1888125
2061203
1982531
2076938
1872391
2108406
2092672
2124141
1919594
1935328
2076938
1872391
1966797
1888125
1982531
2363034
2796619
2341355
2406393
2796619
2818298
2623185
2774940
2558147
2341355
2514789
2319676
2666544
2818298
2406393
2428072
2266151
2604086
2544450
2484815
2445057
2146880
2484815
2266151
2325786
2286029
2127001
2146880
2584207
2683600
2325786
2166758
396535
410824
442976
382245
414397
389390
439403
407252
389390
467983
417969
453693
378673
442976
400107
421542
2852507
3044272
3092213
2900448
3068243
2516918
2900448
2756624
2732654
2780595
2564859
2564859
2972360
2540888
2612800
3188096
3265869
2632193
2680937
3022147
2924659
2729681
2559076
3070892
2607821
2754054
2656565
2997775
2924659
2778426
2680937
2680937
772137
766418
732101
714942
697783
606271
646308
606271
611990
703503
709222
737820
766418
652027
629149
726381
712471
659696
606920
591087
564699
585810
680806
622753
554144
680806
638585
707194
675528
712471
628030
554144
2459891
3001518
2730705
2753272
2843544
2414755
2753272
2640433
2820976
2730705
2392187
2505026
3046654
2414755
2572730
2933815
2949417
3231535
3462359
3180241
2769887
3411065
3359771
3257182
2718593
2872476
3436712
2769887
2718593
3436712
3462359
3257182
684814
780817
780817
697615
819217
851218
710415
710415
755216
704015
793617
768016
768016
768016
691215
857618
3428974
2779547
3506905
3143226
3195180
2883455
2883455
2857478
3117249
3325066
2727593
2909432
2961387
3221157
3454951
2909432
493640
455989
506190
560574
560574
548024
472723
522923
468539
514556
485273
489456
451806
552207
460172
527107
1299821
1051763
1051763
1091453
1200598
1200598
1061686
1170831
1121219
1160909
1091453
1200598
1230365
1250209
1051763
1051763
2727470
2595496
2771461
2529508
2793457
2353543
2947427
2529508
2639487
2683479
2441526
2551504
2507513
2903436
2815453
2925432
2545799
2845304
2460226
2481619
2289079
2567192
2353259
2396046
2631372
2759731
2802518
2524405
2353259
2524405
2524405
2781125
915086
967377
941231
1176539
1071958
1054528
932516
1159109
1028382
923801
1098103
1132964
976092
1010952
1037098
1028382
1902525
1836350
2150681
1885981
2134137
1869438
2117593
2150681
2018331
2034875
2001787
2117593
1819807
2051418
1968700
2084506
1883680
1812329
1655355
1555463
1612545
1712437
1698166
1555463
1769518
1626815
1498382
1897951
1541193
1755248
1798059
1755248
2804993
2975732
2804993
2731820
2829385
3146471
2975732
3146471
3024515
2780602
2609863
2780602
3000123
2878167
2878167
3122080
2845909
2630310
2910589
2587190
2630310
2802789
2479390
2500950
2608750
2393151
2565630
2457830
2716549
2802789
2306911
2565630
2512128
2894928
3038478
2583903
3229879
2512128
2631753
2631753
2631753
2512128
2703528
2583903
2894928
3205954
2536053
2607828
2744462
2480994
2788373
2920108
2524905
2722506
2810329
2327304
2744462
2744462
2568816
2480994
2898152
2327304
2634684
2371215
277091
264103
266267
264103
270597
246784
272762
227301
246784
281421
287915
268432
281421
240290
274927
229466
609891
684689
719211
713457
627152
719211
684689
776748
742226
747979
615644
621398
638659
673181
678935
667428
2334905
2422192
2574942
2422192
2858623
2836801
2574942
2880444
2378548
2596764
2705872
2836801
2814979
2836801
2422192
2924087
2044956
2151649
1884916
1991609
2044956
2027174
2222778
2151649
2276125
2080520
2400601
2133867
1938263
2329472
1938263
1938263
2483383
2053926
2502056
2315335
2334007
2147286
2352679
2165958
2109942
2240647
2352679
2296663
2240647
2408695
2109942
2427367
883549
862512
841476
897574
778365
778365
855500
750316
939648
841476
820439
911599
820439
799402
771353
778365
881116
1099298
1090906
881116
1023773
981816
998599
1082515
1023773
1074123
990207
881116
1057340
1082515
1057340
1015382
1626075
1586090
1746032
1759360
1439476
1746032
1532776
1679389
1666061
1599418
1426148
1466133
1399491
1786017
1666061
1572761
1569645
1488457
1772617
1515520
1434331
1529051
1610240
1569645
1488457
1786148
1461394
1691428
1650834
1515520
1664365
1610240
2207122
1997826
2511553
2492526
2397391
2111988
2378365
2549607
2359338
2359338
2283230
2169068
2264203
2054907
2111988
2131015
2961480
2613070
3036139
2637957
3285003
3185457
2637957
3135685
2886821
3285003
2961480
2936594
3160571
2787275
3334776
3260117
2546156
2821417
2431465
2913170
2936108
2706725
2408526
2844355
2706725
2844355
2477341
2867293
2569095
2569095
2569095
2454403
2606068
2672890
2338779
2739713
2628342
2917905
2383327
2695164
2361053
2672890
2784261
2338779
2739713
2606068
2450149
2895631
652195
667847
594801
683500
631324
553061
620889
683500
673065
646977
563496
652195
646977
688717
662630
646977
2535430
3211545
2970076
2752753
2632018
2559577
3235692
2945929
3259839
2535430
2825194
3114957
2873488
3066663
2825194
2801047
1963856
1609476
1963856
1963856
1594710
1550413
1550413
1639008
1934325
1698071
1801432
1860495
1890027
1771900
1949090
1712837
546585
538304
463769
455488
546585
476191
530022
443065
438924
525881
496896
505177
472051
496896
467910
509318
644112
638699
627874
633287
579159
660350
568334
687414
649525
617048
622461
676588
573747
665763
671176
654937
2284750
2597194
2577666
2460500
2597194
2499555
2421444
2460500
2440972
2401916
2167583
2089472
2401916
2558139
2519083
2421444
1028008
814792
852866
852866
814792
1028008
974704
1028008
845251
1020393
944245
875711
944245
883326
875711
852866
1748779
1734561
1706126
1606602
1535513
1919392
1834085
1677690
1834085
1663473
1834085
1620820
1791432
1848303
1706126
1805650
1740996
2043778
1771274
1862109
2013500
2028639
1877248
1756135
1589605
1862109
1710718
1756135
1877248
1740996
1952943
1862109
3004730
2681143
2542464
3074070
2519350
2912277
2981616
2658030
3027843
2519350
2773597
3097183
3004730
2611804
2588690
2958503
1293599
1054044
1054044
1226524
1159448
1264853
1149866
1245688
1015715
1226524
1245688
1054044
1111537
1188195
1130701
1264853
1547363
1684629
1672151
1472491
1410097
1385140
1447533
1584799
1322746
1460012
1522406
1372661
1584799
1335225
1372661
1672151
2853121
2743386
2523915
2875068
2392232
2853121
2962857
2348338
2501968
2677544
2458074
2853121
2853121
2918962
2611703
2897015
891112
964021
891112
1085536
980223
1093637
947819
1045031
850607
907314
972122
1036930
1036930
866809
899213
947819
2140263
1996380
1960409
2356088
2212205
2104292
2320117
2302132
2302132
1960409
2032351
2122278
1942424
2068322
2392059
2374074
577944
615230
522014
568622
610570
619891
531335
610570
629213
535996
526674
573283
512692
535996
573283
582605
388127
395248
420174
409491
402370
384566
420174
384566
395248
480708
441539
473586
388127
445100
384566
445100
984085
1084316
1084316
1102539
1102539
965861
1066092
1102539
1193658
1138987
1093428
1093428
965861
1211882
956749
993197
2188828
2019151
2019151
2019151
2205795
2205795
1866442
1900377
1900377
2053086
1917345
1849474
2188828
1815539
1900377
1951280
2678403
2431165
2760815
2328150
2554784
2410562
2328150
2389959
2348753
2163325
2719609
2183928
2740212
2389959
2369356
2699006
933099
1056339
1144367
1073945
1179579
924297
977114
950705
950705
1179579
1082748
1056339
1021128
941902
994719
1091550
1778405
1508087
1749950
1593450
1906450
1792632
1664587
1621905
1650359
1508087
1493860
1877995
1664587
1721496
1821086
1579223
1399394
1325742
1485322
1497597
1558974
1460771
1350292
1620351
1436220
1313466
1473046
1657177
1460771
1374843
1620351
1423945
451026
442825
533031
479728
487928
467427
504329
487928
467427
508429
504329
483828
541231
442825
451026
537131
2802078
2732605
2894708
2987339
2454713
2616816
2871551
2964181
2616816
2755762
2524186
2570501
2871551
2709447
2917866
2894708
1052370
1136187
1238630
1043057
1089622
1229317
1220004
1192065
1238630
1015118
1052370
1229317
996492
1182752
1145500
1164126
3089982
3113569
2571053
2901280
2877693
3089982
2901280
2972043
3160745
3019219
3042806
2972043
2500290
3160745
2995631
2476703
48387
58153
53714
47055
47499
46611
54602
59485
53270
48387
52382
49275
51050
53714
46611
47499
3370404
3241763
2752925
2958752
3370404
3267491
2881567
2752925
2933023
3164578
3396132
3370404
2881567
3190306
3318948
3344676
999688
940447
977473
873801
777535
829371
851586
814561
821966
933042
896017
881206
984878
910827
888612
933042
1990772
1879289
2006698
1831510
1831510
2118181
1735953
1863363
1783732
1783732
1831510
2118181
1735953
1927067
2006698
2054477
2926764
2634087
3243830
2926764
2756036
2634087
2902374
2926764
2560918
2926764
3146271
2560918
3243830
2634087
2682867
2560918
346174
374757
400164
400164
333470
381109
346174
336646
355701
406516
409692
393812
419220
339822
352526
349350
330912
360458
366367
342731
384095
390004
336822
372277
351595
322049
387049
357504
384095
378186
369322
378186
2076338
1952112
2005352
1916619
2253802
1934366
2076338
2165070
1952112
2253802
2129577
2342535
2005352
2005352
2129577
2236056
869017
892718
845317
940119
884817
1011220
884817
1042821
940119
876917
948019
1027020
916418
837416
987520
900618
1851086
1762939
1718865
1689483
1689483
1689483
1645409
1792321
1924541
1807012
1924541
1953924
1616027
1557262
1983306
1718865
2874703
2897886
2550139
2735604
2573322
2642872
2921069
2874703
2897886
3083350
2967435
2642872
2480590
2457407
2781970
2642872
880118
929936
971450
988057
1054481
1021269
888421
921633
979754
1046178
1079390
1037875
1104299
1012966
1037875
996360
1085658
1076379
1169170
1206286
1104216
1002146
1020704
1048541
1067099
1159891
1178449
1076379
1048541
992866
1011425
974308
121191
124147
117250
124147
113309
110353
126118
129074
121191
115280
113309
119221
132030
111338
123162
105427
722661
773375
824088
817749
805070
697305
811409
843105
754357
798731
792392
830427
671948
843105
665609
703644
103411
106231
121272
101530
110931
113752
107171
104351
122213
103411
123153
109051
107171
115632
125973
109991
323558
323558
352972
326499
397094
364738
352972
338265
394152
385328
391211
326499
344148
355914
317675
314734
2369104
2910614
2933177
2662422
2752673
2662422
2639859
2978302
2459356
2594733
2369104
2639859
3045991
2459356
2775236
2572170
2979381
2768452
3401241
3111212
3348508
3322142
3137578
2979381
3032114
3401241
2768452
3084846
3506705
3322142
3084846
3374874
2667615
2692315
2618214
3309818
2741715
3260418
3309818
2815815
3136917
3062817
2717015
3186318
3161617
2791115
3309818
2791115
2899866
2537383
3035798
2718625
2650659
3013142
3058453
2877211
2922522
2695969
2809246
3013142
2718625
2899866
2967832
2492073
288946
316346
316346
276492
291437
301401
281473
323819
281473
293928
316346
316346
326310
278983
311365
328801
2240535
2452999
2124645
2395055
2337110
2105330
2395055
2259850
2337110
2240535
2047385
2549574
2395055
2279165
2433684
2395055
364953
331004
367783
359295
325346
373441
356466
311201
299884
342321
297055
299884
359295
381928
367783
353637
50409
60871
63725
63725
51836
61347
61347
58493
51360
57542
56116
53738
53738
52787
52787
58969
2292692
2292692
2828367
2699805
2721232
2292692
2335546
2849794
2356973
2464108
2635524
2335546
2678378
2464108
2592670
2249838
1159846
1113820
1150641
1123025
1012564
1169051
1030974
1113820
1113820
1196666
1187461
1141436
966538
1003359
1086205
975743
1378759
1581146
1581146
1517900
1328162
1479952
1454654
1707637
1479952
1467303
1644392
1479952
1328162
1631742
1568497
1568497
378797
428359
385877
477921
421279
410658
375256
410658
400038
403578
463760
371716
435439
382337
456680
389417
2441729
3057866
2464549
2396089
2601468
2441729
2989406
3012226
2852487
3057866
2943767
2441729
2738388
2784027
2943767
3035046
2430768
2624370
2710414
2774948
2710414
2301701
2624370
2344724
2430768
2602858
2387746
2473791
2301701
2366235
2645881
2258679
281016
281016
275812
304434
294026
340862
273210
283618
317444
325250
335658
327852
286220
348668
281016
330454
1452614
1632585
1439760
1516890
1504035
1696860
1401195
1632585
1491180
1684005
1696860
1606875
1439760
1568310
1568310
1542600
366755
422115
404815
377135
460174
397895
449794
442874
373675
467094
418655
422115
453254
408275
401355
387515
3217536
3115392
3396288
3370752
3140928
2911104
3319680
3089856
3140928
2911104
2706816
2962176
3370752
3064320
3166464
3115392
1155730
1166142
1343146
1405618
1228614
1374382
1363970
1332734
1405618
1322322
1353558
1197378
1218202
1249438
1124494
1218202
2691900
2786352
2573834
2668287
2975258
2951645
2998871
2573834
2668287
2502994
2833579
2904418
2597447
2644673
2880805
2762739
2038041
2095183
2418984
2323748
2171371
2552314
2380890
2495172
2342795
2514219
2133277
2038041
2418984
2171371
2057088
2418984
2617361
2690066
3150527
3271702
2859709
3223232
2835475
2665831
3102058
2665831
2787005
2714300
2665831
3077823
2738535
2859709
1950495
1950495
1950495
2433475
2229138
2507780
1987648
2303442
2210561
2414899
2470627
1950495
2340594
2191985
2173409
2266290
1387530
1744324
1387530
1612178
1585749
1678251
1731109
1757539
1704680
1770753
1506462
1427174
1400745
1678251
1532891
1387530
2236515
2236515
2526434
2774936
2174390
2464309
2464309
2754227
2277932
2381475
2485017
2733519
2609268
2257224
2422892
2692102
35035
30402
38799
35614
34166
34166
34456
36483
30402
32429
37641
32140
34166
39089
37062
35904
2647707
2275067
2353518
2118166
2177004
2530031
2216229
2471193
2510419
2549644
2530031
2530031
2373130
2530031
2490806
2588869
975777
1153191
931423
1188673
1011259
984647
1126578
984647
975777
1073354
1197544
1117708
1082225
1099966
1037871
1029001
1378158
1276490
1276490
1332972
1378158
1332972
1253898
1186119
1321676
1299083
1220009
1434640
1276490
1197416
1502418
1468529
1035390
1052646
1104416
1095787
1104416
1026761
931851
923222
1156185
949107
1113044
966364
1104416
914594
1095787
1069903
173556
208910
200875
181590
196054
188019
200875
175163
173556
181590
173556
168735
186412
183198
176770
197661
425491
508226
417612
457009
464889
496407
417612
429431
508226
520045
429431
417612
464889
468829
468829
523985
244222
236590
244222
232774
209878
240406
230866
206062
215602
240406
213694
240406
249946
215602
211786
227050
555616
502112
497997
456840
452724
481534
535038
432146
456840
444493
497997
444493
522691
460956
469187
497997
845704
979236
956981
808612
971818
786356
875378
867959
830867
816030
830867
890215
942144
778938
897633
949562
3132725
3132725
3132725
2828804
2641776
2969075
2478126
2618397
2665154
3062590
2758668
3132725
2735290
3085968
2875561
2992454
1218256
1309626
1340082
1269017
1279169
1197952
1167496
1238561
1116735
1147191
1228408
1076126
1289321
1360386
1370538
1177648
3085144
3062121
2509558
2670722
2440487
2555605
3016074
2831886
2970027
2808863
2970027
2762816
2670722
2601652
2877933
2854910
2014836
1897303
1779771
1930884
2165948
2115577
2199529
1779771
2014836
2031626
2115577
1981255
2249900
2182739
1947674
1897303
2831939
3222551
3076072
3222551
2587806
2709872
3051658
3051658
2685459
2563393
3100485
3271378
3076072
3271378
2734286
2905179
2747143
2552463
2833667
2660619
2314522
2314522
2833667
2768774
2336153
2747143
2812036
2595726
2703881
2812036
2530832
2790405
1403713
1491446
1604244
1341048
1691976
1416247
1416247
1478912
1416247
1453846
1491446
1666910
1391180
1391180
1616777
1378647
1325316
1302267
1279218
1210071
1417512
1244644
1405987
1382938
1509708
1256169
1302267
1382938
1313791
1417512
1405987
1475134
1526138
1466524
1394986
1585753
1466524
1573830
1526138
1418832
1526138
1561907
1454601
1478447
1454601
1263833
1454601
1538061
991913
1063906
943917
999912
871923
839926
943917
1047908
975914
959916
983913
975914
911920
1047908
871923
991913
1377629
1215555
1481820
1447090
1528127
1227132
1562857
1435513
1412359
1447090
1354476
1412359
1400783
1250285
1238709
1481820
1453830
1389502
1608220
1569622
1466696
1633951
1363770
1543891
1415233
1415233
1543891
1428099
1363770
1711146
1659683
1479562
316871
297913
300621
343954
319579
300621
343954
314162
346662
333120
365620
349370
360203
287079
324996
295204
1059727
1033453
1007179
1015937
1182340
1173582
1068485
1156066
980904
919598
1050969
1015937
1068485
1007179
928356
972146
927286
750323
792794
870657
778637
764480
863579
877736
913129
877736
856500
771558
927286
799872
849422
891893
1123354
1277944
1143966
1236720
1195496
1082130
1319168
1370698
1205802
1174884
1143966
1267638
1143966
1391310
1082130
1247026
284862
284862
305538
254998
268781
261889
261889
289457
273376
250403
305538
257295
259592
296349
250403
303240
2713875
3241573
2940032
2764132
3266702
3115931
2814389
3166188
3191316
3392344
2990289
3241573
3090803
2688747
2965160
2839518
1511237
1469258
1679152
1497244
1469258
1665159
1805089
1665159
1525230
1511237
1847068
1553216
1581202
1651166
1665159
1651166
824215
970094
867978
977387
795039
955506
926330
875272
984681
948212
919036
889860
970094
933624
838803
780451
2237142
2311713
2516784
1976142
2479499
2460856
2293070
2218499
2386284
2050713
2181213
2274427
2516784
2255784
2442213
2032070
1151075
1297575
1297575
1098753
1349897
1192932
1245254
1224325
1172003
1203396
1318504
1318504
1192932
1381290
1339432
1224325
3011333
2890880
3059515
2794517
2914971
3252240
2625883
2963152
3131787
2770427
3059515
3228149
2674064
2649973
3059515
2842699
1848546
2145011
2214768
1900864
2005498
1848546
2336842
2336842
2005498
1831107
2127572
2127572
2336842
2284524
2267085
2162450
911349
806768
888939
844119
1000990
799298
941230
814238
918819
836648
993520
903879
859059
918819
806768
963640
860480
761736
916905
938064
846374
775843
881640
839321
867533
754683
938064
909852
768790
853427
832268
867533
2823705
2950899
2900022
3078093
3408797
2823705
2823705
2696511
3078093
3179848
3357920
3052654
3052654
2950899
3256165
3332481
363052
309162
331852
360216
334689
343198
314834
365889
340362
360216
346034
329016
337525
340362
309162
309162
3107680
2614397
3083016
2836374
2589733
3329657
2737718
3231001
2861039
3083016
2737718
2589733
3132344
2614397
2737718
3231001
2511260
2220701
2718802
2407489
2635785
2573523
2511260
2262209
2739557
2407489
2448997
2365981
2282964
2199947
2698048
2801819
428322
442841
464620
424692
384764
482770
446471
435582
392023
457361
457361
482770
439211
479140
413802
384764
2791525
2998305
3308474
3411864
2765678
2998305
3463559
2894915
3386017
3334322
3308474
3334322
3050000
3308474
2920762
2972457
1272908
1123154
1198031
1230121
1230121
1262211
1176638
1262211
1187334
1219424
1123154
1294301
1208728
1230121
1390572
1133851
125060
135227
129127
136244
127093
120993
112859
111842
106758
120993
109809
113876
128110
111842
116926
132177
1114030
1234717
1197583
1197583
984060
1206866
1206866
1002627
984060
1244001
1104747
1151165
1141881
1169732
1030478
1021194
95494
95494
108284
109989
110841
93789
104873
109989
93789
93789
91231
97199
90378
98052
90378
98905
3018421
3333386
3307139
3149656
3280892
3202151
3044668
3385881
3359633
2755949
2782196
3254645
3412128
3438375
2965926
3228398
2298727
2809555
2383865
2383865
2320011
2873408
2426434
2405149
2660563
2575425
2320011
2256158
2234873
2830839
2724417
2256158
409917
482032
501009
455463
398530
417508
398530
482032
436485
474441
489623
436485
417508
402326
425099
478236
2112870
1643343
1972012
1784201
2003313
1940710
1737248
1752899
2097219
1987663
1909408
2034615
1784201
1893757
1705947
1737248
2280698
2139416
2462346
2220148
2119232
2482529
2563262
2199965
2583445
2522896
2623812
2704544
2361430
2381614
2199965
2139416
2506924
2178147
2753507
2280890
2363084
2157598
2178147
2363084
2342535
2671312
2589118
2527472
2712409
2404181
2219244
2239793
958404
794955
884109
958404
973263
891538
869250
809814
832102
928686
780096
787525
884109
794955
869250
973263
2760342
2599322
2760342
2806347
3082381
2898359
2921361
2622324
2783344
2461304
2852353
2944364
2760342
2760342
2852353
2645327
1988459
2397301
2007042
2025626
1969875
2025626
2118545
2415884
2267215
2378717
2397301
2155712
2322966
2415884
2155712
2081377
310762
318596
302928
342099
310762
289870
274202
308151
302928
313374
297705
310762
292482
323819
274202
300316
1285816
1369935
1574224
1586241
1297833
1490105
1381952
1309850
1393969
1502122
1466071
1538173
1538173
1622292
1490105
1622292
1438738
1366801
1486696
1282875
1474707
1414759
1450728
1546644
1618581
1378791
1318843
1270885
1390780
1426749
1306854
1390780
2340061
2986364
2384634
2986364
2741214
2540638
2785787
2852646
2741214
2362347
2852646
2852646
2340061
2406920
2763501
2785787
1154168
1284828
1306605
1306605
1154168
1143279
1339270
1361047
1339270
1295717
1317493
1306605
1241275
1263052
1165056
1284828
1259669
1415628
1403631
1439622
1343647
1595581
1475612
1355644
1319653
1427625
1391634
1535596
1451618
1463615
1307656
1415628
3205089
3205089
2996628
3387493
3309320
3361435
3126916
2788167
3048743
2814225
2892398
3022686
2866340
3439608
2892398
2918455
2187519
2187519
2422541
2079047
2169440
2006732
2151361
2151361
2386384
2042889
2133283
2133283
1898260
2440620
2006732
2042889
2593740
2442438
2831499
2485667
2853114
2420824
2701812
2766656
2399209
2723427
2874728
2723427
2917957
2312751
2399209
2355980
802203
709386
795573
848611
868501
755794
769054
888390
696126
828722
875130
788943
888390
822092
815462
722646
1194893
1306282
1265777
1113884
1205020
1144262
1286029
1194893
1336661
1113884
1073379
1265777
1083505
1316408
1164515
1174641
1256401
1223908
1375543
1321388
1451360
1169753
1213077
1202246
1202246
1148091
1364712
1267232
1429698
1353881
1462191
1310557
515755
584829
607854
617064
589434
524965
571015
617064
547990
589434
566410
612459
598644
598644
594039
603249
1251310
1217183
1285437
1228559
1296812
1194432
1285437
1433319
1478821
1239934
1376441
1239934
1217183
1399192
1410568
1399192
1355647
1140465
1161983
1280334
1183502
1140465
1323370
1409443
1452479
1398684
1183502
1301852
1161983
1355647
1269574
1430961
3337379
3163039
3138133
3212850
3262662
3038510
3013604
3187944
3113227
3038510
3337379
2889075
3038510
3013604
2839263
2988698
2458904
2272936
2438241
2789513
2748186
2314262
2376251
2376251
2644871
2603545
2396914
2768850
2541556
2644871
2334925
2417578
1576791
1502297
1415387
1576791
1390556
1651285
1440218
1663701
1477465
1328477
1638869
1489881
1676116
1340893
1502297
1638869
2770214
3223522
2996868
2820582
3198338
2946501
2845766
2896133
2946501
2820582
2971684
2921317
3248706
3324257
2669479
2996868
699883
592209
581441
689116
576058
635278
656813
716034
635278
640662
608360
565290
672965
576058
716034
716034
3411487
3177110
2994817
2734398
2786482
3281278
3046901
3515655
3020859
3046901
3411487
2812524
3151068
2838566
3255236
3385445
512280
512280
447289
451112
435820
462581
424351
466404
489342
474050
443466
474050
504634
485519
500811
481696
594139
663455
604041
633748
564432
534725
648601
519871
574334
643650
663455
618895
663455
623846
584236
628797
2564034
2371731
2499933
2670868
2734969
2478566
2884538
2777703
2820437
2371731
2863171
2521300
2499933
2243529
2777703
2777703
1799678
1863952
2024638
2104981
1735404
2072844
1896090
1960364
2008570
1687198
1960364
1912158
2121049
1783610
1847884
1719335
3133722
3315011
3444504
3470403
2926533
2926533
3444504
3237316
3340910
3159620
3185519
3211417
2900635
3418605
3392707
3081925
538786
552369
529731
547842
584062
475400
565952
507093
529731
493510
498038
479927
570480
561424
575007
593118
459402
516827
432603
447916
436431
463230
516827
409633
509170
428775
459402
409633
409633
417290
428775
440260
759412
759412
668054
650925
679474
605246
679474
679474
639505
679474
730863
736573
708023
742283
742283
656635
1356910
1335199
1204936
1454607
1443752
1204936
1215791
1324344
1270067
1270067
1194080
1204936
1313488
1291778
1183225
1302633
2465773
2342484
2547965
2691802
2506869
2589061
2239743
2157551
2424676
2506869
2671254
2465773
2650706
2321936
2671254
2589061
2207679
1798849
2158619
1766143
1864262
1815202
2207679
1733437
2060500
1749790
1766143
1929675
1995087
1864262
1929675
1929675
2699234
2581876
2910478
3121722
3145194
2652290
2487989
2722705
2534932
3027836
2464518
2722705
3098251
2746177
2910478
2652290
2984333
2764177
2739716
3277874
2764177
2862024
2886486
3131104
3180027
2568483
2666330
2788639
2813101
2592945
3155565
3180027
1988467
1751745
2083156
1688619
2067375
2098938
1814871
1783308
1672837
1956904
1893778
1862215
1925341
1814871
1799089
1704400
1820954
2127283
1820954
1889027
2229393
1872009
1957101
2229393
1889027
2212375
1820954
2110265
1889027
1974119
1786918
2042192
3008046
2983390
2835453
2786141
2687517
2638204
2958734
3279263
3057358
3180639
3180639
2860109
3279263
3328576
3155983
2934078
991599
953461
976344
976344
1014482
991599
991599
800907
907695
1029738
877184
915322
869556
846673
816162
999227
92728
105196
95845
84936
88052
87273
87273
91169
90390
83377
91169
102079
105196
83377
100520
87273
1518161
1469188
1444702
1628350
1505918
1616107
1554891
1322269
1358999
1310026
1628350
1469188
1591621
1346756
1530405
1383486
1900785
1900785
1754571
1835801
2046999
1965769
1754571
1982015
1738325
1917031
1965769
1835801
1933277
1803309
1819555
1965769
2795634
2702446
2725743
2609258
2772337
2865524
2446179
3121791
2982009
2655852
2679149
2469476
2888821
2655852
2539367
2982009
2950389
2783834
2950389
2664867
2926595
3021769
2617280
2664867
2688660
3116943
2855215
2879008
2593487
2926595
3116943
2569693
75451
72683
90680
92757
89296
73375
88604
78913
92065
74759
92065
82374
81681
92065
75451
79605
2027408
1872775
2182041
1975864
2182041
2216404
2319493
2010227
1924320
2027408
1975864
1855594
1924320
2302311
2285130
2147678
1267358
1301922
1301922
1428658
1451701
1221272
1451701
1267358
1359529
1555394
1301922
1244315
1555394
1313444
1486265
1209751
196933
207788
167471
169021
209339
176775
175224
182977
209339
169021
187629
190731
169021
198484
196933
187629
1369020
1532298
1406699
1419259
1507178
1318781
1557417
1557417
1595097
1645336
1456939
1406699
1318781
1595097
1582537
1482058
1543052
1630868
1354875
1543052
1392510
1530507
1517961
1405055
1379965
1668503
1530507
1555597
1555597
1580687
1593232
1329784
2635534
2656451
2468198
2593700
2217195
2740119
2740119
2384531
2761036
2489115
2656451
2300863
2656451
2447281
2656451
2761036
2888458
2492460
3074810
2818576
3074810
2632224
3028222
2655518
2981634
2818576
2865164
2608930
2911752
3028222
2841870
3028222
2782882
2573643
2741034
2636415
2699186
2280708
2364404
2594567
2510871
2824730
2469023
2259784
2301632
2238860
2489947
2657339
2175893
2295824
1867499
2107361
2038829
2073095
1936031
2021696
1816100
2193026
2295824
2227292
1816100
2107361
1953164
2004563
2229035
2250264
2505011
2398866
2823445
2356409
2589927
2823445
2462553
2335180
2611155
2823445
2250264
2717300
2335180
2653613
3041585
2610316
3064284
2746506
2587617
2542220
2633014
2996188
2633014
2406030
2587617
2905395
2610316
2996188
2723808
2542220
2148923
2197762
2018685
1823328
1969846
1725650
2018685
2100083
2083804
1758209
1986125
1725650
2083804
1921006
1872167
1758209
1603762
1603762
1955063
1893967
1695406
1893967
1680132
1664858
1787049
1817597
1603762
1924515
1939789
1878693
1695406
1603762
1205884
1306375
1284044
1194719
1306375
1284044
1328706
1183553
1373368
1362203
1284044
1284044
1462693
1362203
1462693
1451528
1740984
1837706
1837706
1533724
1837706
1796254
1561359
1533724
1492272
1547542
1837706
1575176
1547542
1713350
1575176
1810071
2778211
2668832
2625081
2603205
2953216
2515703
2734460
2887589
2931341
2800087
2340697
2909465
2603205
2646957
2471951
2821962
1142090
982947
1179536
1198259
1160813
1076561
1095283
1020392
1179536
1160813
1039115
1170175
1132729
1170175
1123368
1048476
3188982
2692918
2669296
3047249
3070871
2976383
2598429
2834650
2598429
2834650
2692918
2952761
2645674
2905517
2929139
2811028
1783649
1800476
1783649
2069706
2153840
2002398
1884610
2069706
1850956
1935091
1951918
2052879
2036052
1867783
2052879
2254801
2039752
2245442
2074034
1816922
2262582
2245442
1799781
2142597
2228301
2194019
2056893
1971189
2125456
1868345
1799781
1988330
1952468
1934389
2223644
2295958
2006703
2151330
2133252
2097095
2241722
2241722
2314036
1952468
2133252
1934389
2332114
2205566
2307949
2437367
2739341
2739341
2588354
2437367
2631493
2458936
2868759
2480506
2631493
2351088
2286379
2804050
2653063
2696202
1175928
1117131
1058335
1195526
1146529
1273922
1303320
1244523
1077934
1224925
1136730
1264122
1117131
1107332
1146529
1087733
2349462
2415334
2393377
2371419
2766656
2349462
2503165
2371419
2415334
2525122
2656868
2964274
2612953
2722741
2525122
2459250
1332543
1207261
1435046
1503382
1469214
1491993
1264207
1378100
1526160
1332543
1400878
1400878
1457825
1435046
1195872
1286986
7441
6319
7914
6260
7500
7559
6260
7028
7323
6319
7205
7028
6260
6260
7736
6319
37693
36122
40834
36750
41148
38635
39263
37064
40834
38007
35180
32981
33609
38321
35808
33609
2820965
3329247
3227590
3430903
3227590
3100520
2668480
3049692
3075106
3253004
2871793
2693894
3354661
3151348
3430903
2998863
610373
578248
594310
599664
578248
722810
690685
631789
696039
572894
696039
674622
621081
594310
578248
653206
946660
1125275
1116345
1160998
1196721
1053829
1125275
946660
1152068
1071691
1062760
1089552
1152068
1018106
1089552
1116345
2877833
3128080
3253203
2827784
3078030
2977932
2902858
2902858
3053006
3378326
3153104
3353301
2902858
3027981
2627587
3253203
2241216
2550349
2415103
2357141
2357141
2086649
2473066
2608312
2202574
2125291
2260537
2376462
2183253
2608312
2569670
2550349
2842557
2632860
2656160
3122153
2912456
3052254
2726059
3122153
2586261
2912456
2749358
2749358
2656160
2819257
2842557
2539661
2382112
2758235
2758235
2382112
2423903
2507486
2716443
2507486
2194050
2486590
2779130
2591069
2507486
2716443
2653756
2423903
2821292
2522064
2244210
2842666
2479317
2693052
2799919
2735799
2885413
2778545
2799919
2714425
2351077
2543438
2564811
2522064
531488
426801
495250
511356
499277
426801
463039
446933
507330
454986
430828
434854
491224
450960
483171
511356
413873
376531
329853
370307
370307
342301
388978
401426
382755
395202
364084
351636
401426
382755
360972
364084
3092601
3348188
2939249
2837014
2862573
2964808
3092601
3118160
2734779
3450423
2862573
3092601
2964808
2964808
3373747
3067042
747018
828626
847458
772128
765851
677966
709354
753296
677966
671689
740741
816071
684244
784683
703076
677966
559281
568020
467524
467524
541804
463155
581128
476263
502479
476263
546173
519957
589867
485002
581128
467524
933008
954876
765358
794515
911141
976743
809093
940297
925719
772647
940297
933008
838249
881984
925719
830960
721417
837359
766506
734300
747182
676329
708535
850242
689211
772947
734300
702094
766506
734300
837359
702094
717528
788104
717528
752816
664595
782223
623426
735172
629307
776342
711646
770460
641070
717528
688121
793986
2692294
2692294
3352668
3149476
2870086
2870086
3174875
2997082
2946284
2895486
2870086
3149476
3098678
3403466
2895486
2743092
2712606
2712606
2571952
2692512
2230365
2592046
2190178
2310738
2672419
2330832
2230365
2652326
2129898
2210271
2451392
2250458
2844877
2898052
3456393
3030990
3536156
3296867
3509568
2977815
3190516
3482980
3004403
2924640
3137341
3296867
3296867
2844877
982968
906040
940230
931682
1153919
931682
1034253
1008610
1102633
1111181
1153919
974420
923135
914587
957325
940230
2241736
2241736
2180597
2628945
2425150
2608565
2465909
2751221
2710462
2527048
2567806
2180597
2567806
2567806
2751221
2669704
409132
345205
364383
367580
399543
393151
386758
373972
418721
415525
431507
409132
396347
409132
364383
389954
212023
214023
244026
224024
268029
232025
264029
256028
230025
240026
210023
236025
216023
240026
250027
268029
2429284
2148210
2489514
2228517
2108056
2208440
2188363
2328900
2168286
2529667
2188363
2128133
2108056
2389130
2288747
2228517
340580
312198
312198
312198
366123
312198
360447
332065
351933
317875
349094
315036
351933
329227
363285
363285
1769233
1481218
1714373
1645798
1714373
1549793
1618368
1590938
1494933
1508648
1728088
1632083
1686943
1645798
1728088
1824093
3409759
3230298
3384122
3307210
2820101
2794464
2897013
3281573
2973925
3358484
2897013
2845739
3050837
3050837
2820101
3025200
670662
670662
593868
537553
578510
655303
593868
537553
686021
558032
645064
552912
655303
624586
655303
675781
1065244
929975
955338
1022972
1107515
929975
946883
887703
1132878
1014518
980701
921520
1141333
938429
921520
1082152
1488892
1529133
1770575
1730335
1421825
1636440
1730335
1770575
1676681
1810815
1462066
1502306
1408412
1596200
1797402
1783988
28797
29032
31373
25754
27393
25051
26924
29500
24817
26222
25286
26456
25988
24817
29266
29266
227794
288539
242980
264675
271183
288539
273353
271183
282031
275522
245150
288539
260336
245150
286370
249489
2210892
2497490
2497490
2497490
2620317
2743144
2251835
2251835
2620317
2517961
2579374
2169950
2292777
2415605
2231364
2681731
1843032
1886569
1596327
1755960
1552791
1712424
1639863
1523767
1581815
1915593
1930105
1567303
1683400
1944617
1712424
1654375
286314
290859
277225
265863
254502
256774
293131
238595
272680
249957
284042
252229
243140
299948
265863
256774
2635590
2385664
2976399
2590149
2521987
2794635
2749193
2431105
2840076
2703752
2590149
2840076
2476546
2544708
2976399
2453825
346603
411016
340469
377276
352738
371142
404882
343536
325132
325132
355805
383411
374209
407949
404882
377276
1854643
1898111
1912600
1521387
1521387
1521387
1666280
1550365
1883622
1738728
1550365
1898111
1550365
1956069
1927090
1883622
990077
999330
1202897
999330
1036342
1212150
990077
971571
1239910
1221403
1073354
1175138
1249163
1091861
1027089
1036342
1622532
1715629
1662431
1502837
1556035
1449640
1715629
1728928
1768826
1489538
1622532
1675730
1582634
1715629
1609233
1449640
2228725
2062952
2449756
2062952
2339240
2394498
2431337
1952437
2357660
2191887
2339240
2136629
1952437
2210306
1952437
2247144
527251
527251
606572
578576
517919
620570
541249
625235
615904
578576
629901
555246
541249
489923
578576
503921
513899
475832
460605
399699
498672
468219
399699
491059
506285
479639
452992
464412
513899
403505
464412
479639
1307405
1318773
1239192
1489304
1296036
1193717
1216455
1205086
1489304
1250561
1443829
1512042
1432461
1375617
1386986
1523411
2259498
2453169
2862030
2517726
2582283
2775954
2754435
2496207
2862030
2582283
2539245
2345574
2905069
2517726
2711397
2905069
1083798
1155454
1209196
967357
1191282
1101712
1092755
1012142
1056927
1003185
1065884
985271
1209196
1039013
1056927
1012142
704828
653671
687776
727564
744617
665039
710512
659355
670723
653671
596830
659355
738933
613882
750301
665039
73548
73548
75483
80645
71612
83225
85806
78064
73548
69032
87096
87096
74838
78709
87096
81935
1197839
1142554
1078055
1004342
1087269
1050413
1225481
967485
1068841
1114912
985914
1188625
995128
1087269
1188625
1243910
1965312
1719648
1801536
1867046
1981689
2014444
1850668
1719648
2014444
2178220
1948934
2096332
1965312
2178220
1768780
1834291
1474922
1360488
1665645
1538496
1335059
1500352
1640215
1347774
1335059
1716504
1563926
1538496
1576641
1678360
1398633
1563926
2863330
2400792
2797253
2929407
2709151
2312690
2356741
2885356
2510920
2510920
2576997
2907381
2819279
2665100
2863330
2378766
174226
155463
144741
146081
172885
166184
154123
144741
180927
162164
158143
140721
168865
155463
180927
151442
2646523
2646523
2706671
2125238
2265584
2205436
2345782
2165337
2385880
2345782
2446029
2686622
2345782
2526226
2305683
2546276
2983101
2774978
2751853
2659354
2428106
2566855
2497480
2543730
2890602
2659354
2890602
2751853
2821228
2798103
3098725
2589979
1650959
1624753
1690267
1703370
1506827
1402004
1454416
1506827
1572342
1650959
1742679
1467519
1585444
1467519
1677164
1428210
1578795
1602716
1471150
1387426
1423307
1411347
1602716
1459189
1435268
1267820
1375465
1303702
1590755
1291741
1315662
1566834
594737
549756
549756
634719
594737
674701
559752
529765
549756
524767
594737
624723
624723
614728
654710
639717
632228
679498
685406
797671
685406
714950
691315
774037
756311
644046
768128
697224
661772
738585
756311
744493
2181163
2025365
2008055
1990744
1990744
2181163
2302339
1973433
2336960
2215784
2336960
1973433
2250406
2042676
2146541
2302339
1554850
1739324
1554850
1475790
1594380
1699794
1475790
1568027
1739324
1396730
1633910
1752501
1396730
1752501
1502143
1409906
862776
777157
777157
698124
836432
862776
770571
757399
777157
862776
796915
862776
829846
731054
757399
783743
2138839
2280250
2386308
2297926
2085810
2085810
1926723
2138839
2015105
2315603
2209545
2085810
1856017
1944399
2227221
2121163
2844123
2501973
2801355
2501973
2373667
2886892
2865508
2715817
2480589
2758586
2480589
2330898
2758586
2352282
2352282
2309514
3246740
2747242
3071916
2922066
2996991
2996991
2622367
2622367
3046941
2797192
3346640
2872116
3146841
2747242
3271715
3271715
1583020
1349862
1386677
1583020
1362134
1570749
1619835
1300776
1583020
1337591
1349862
1423491
1448034
1460306
1509392
1423491
2913384
2816271
3277557
2840549
2986218
2889105
2816271
2597767
3253278
2549211
3107609
2767714
2670602
2719158
2573489
3156166
2207520
2152788
2462935
2116300
2189276
2298740
2353472
2280496
2335228
1952104
2280496
2389960
2371716
2371716
2043324
2316984
1052322
1110324
977748
1044036
936317
894888
994320
969461
952889
919746
928032
936317
911460
969461
919746
894888
1476391
1502068
1527744
1630450
1502068
1643288
1540582
1656126
1502068
1591935
1656126
1399362
1540582
1527744
1579097
1437877
2376710
2826358
2248240
2783535
2333887
2526593
2612240
2312475
2762123
2355299
2633652
2548005
2526593
2869182
2590829
2783535
458449
458449
462471
542901
422256
462471
422256
490621
494643
538879
538879
538879
474535
498664
458449
498664
1820417
1835217
1687215
1776016
1790816
1568814
1968418
1790816
1835217
1879617
1790816
1613215
1731616
1850017
1687215
1657615
704633
751166
897411
817641
810993
771108
884116
751166
711281
844231
890763
844231
817641
870821
731223
797698
2279507
2298990
2493820
2182092
2221058
2396405
2182092
2318473
2143126
2552269
2571752
2610717
2221058
2474337
2318473
2201575
1933594
1917874
2027916
1933594
1666349
1697790
1807832
2090797
2043636
2122237
1854993
1870713
1682069
2027916
1792111
1823552
1323262
1323262
1234303
1212063
1490059
1423340
1378861
1234303
1467820
1434460
1323262
1389981
1367741
1267662
1467820
1490059
3490262
3384496
3543144
3543144
3040758
3437379
3120082
2855669
3278731
3543144
2934993
3252289
3014317
3093641
3543144
2776344
1773080
1911843
2081442
1695989
1834752
1618899
1773080
2066024
1803916
1742244
1942679
1618899
1896425
1773080
1788498
1695989
3252457
2784300
2759660
2611821
2956779
2685741
2833580
3252457
2661101
2636461
2587182
3252457
2611821
3252457
2661101
3178538
346903
292129
333862
281696
339079
344295
302562
289521
349512
315604
318212
326037
279088
339079
310387
279088
130010
117302
108504
129032
124145
118279
115347
112414
110459
130987
127077
129032
125122
107527
131965
123167
153926
182281
156626
147175
141774
152575
149875
144474
156626
179580
141774
178230
182281
143124
182281
171479
1233672
1159226
1276213
1371929
1201767
1265578
1223037
1180497
1393199
1127321
1148591
1212402
1191132
1127321
1286848
1308118
2897755
3023744
2973348
2973348
3275723
2696172
2847359
2948150
2847359
3023744
3174931
2948150
3174931
3275723
3023744
2746567
2960852
3057929
2669620
2718159
2596812
2790967
2548274
2888044
3057929
3203544
2766697
3106467
2669620
2621082
2693890
3009390
1132117
972913
1008292
937535
1061360
972913
981758
1052515
1132117
1017137
1070205
1025981
999447
1043671
1158651
1149807
1200768
1330580
1254856
1308945
1417122
1341398
1254856
1244038
1157497
1168314
1233221
1254856
1254856
1449575
1211585
1244038
2521548
2052423
2384720
2404267
2326079
2365173
2443361
2599736
2560642
2560642
2384720
2502001
2365173
2071970
2482455
2071970
1359087
1251223
1294369
1380660
1132573
1326728
1445378
1154145
1445378
1391446
1348301
1154145
1359087
1186505
1197291
1283582
1231097
1118325
1052541
1193506
1231097
1033745
1146518
1099529
1212302
986757
1108927
1155915
1202904
1137120
1090132
1221699
3049418
2814848
3310053
2762721
2893038
2893038
3362179
3179736
3336116
3336116
3283989
2788784
3205799
2945165
3414306
3492496
2608440
2864626
3050944
2678309
2678309
2794758
2771468
3027654
2748178
2631730
2655020
3120813
2561861
2957785
2515282
3097523
1169597
1142185
1059947
1014260
1206147
1023397
1224422
977710
1197009
977710
1023397
1169597
1032535
1224422
1123910
1233559
1975750
2408533
2182733
2107467
2163917
2220367
2032200
2276817
2051017
2088650
2239183
2464983
2126283
2295633
2088650
2389717
286018
251419
249112
269872
253726
290631
274485
267565
304471
279098
281405
281405
299858
242193
286018
267565
660115
681937
665571
578283
594649
709215
671026
578283
654660
676482
589194
692848
583738
703759
709215
600105
2554631
2451622
2575233
2307409
2554631
2410418
2575233
2719446
2163196
2183798
2225001
2513428
2513428
2534030
2492826
2595835
2142752
2041520
2024648
2075264
1855927
1889671
2125880
2075264
1940288
2260857
2142752
2277729
2125880
1906543
2227113
2092136
987365
994789
786922
853736
942822
876008
846313
898279
890856
883432
809194
876008
801770
905703
957670
883432
2722516
3267019
2970018
2945267
2871017
2994768
3217519
2821517
2673016
2598765
2673016
2895767
2722516
2895767
2846267
3242269
2074470
2154876
1977983
1913659
2106633
1720685
1945821
2122714
2170957
1688522
2090552
2138795
2154876
2042308
2138795
2090552
1099546
1250859
1059195
1281122
1281122
1361823
1301297
1139896
1089458
1089458
1129808
1109633
1230684
1210509
1109633
1271035
240922
219507
231999
231999
240922
199876
221291
189168
199876
198091
217722
198091
208799
194522
217722
237353
2226817
2567861
2186694
2567861
2668168
2226817
2467554
2166633
2246879
2487616
2708291
2668168
2648107
2166633
2367247
2307063
2269345
2174789
2004588
2080233
2515190
2136966
2042410
2174789
2439546
2307167
2553013
2307167
2080233
2250433
2288256
2477368
568928
516338
549804
549804
506776
611956
506776
578490
626299
635861
588051
578490
597613
506776
616737
631080
918037
893446
860659
950824
1065578
1016398
1016398
934430
1057382
1032791
1032791
1098365
975414
975414
926233
868856
1595815
1906505
1511081
1609937
1737037
1793527
1835893
1567570
1652304
1652304
1807649
1511081
1482837
1694671
1850016
1666426
3217282
3509762
3323638
3217282
3031158
2977980
3031158
2845034
3137514
2845034
3110925
3323638
2924802
3270460
3323638
2818445
618113
623098
548326
593190
672946
633068
588205
603159
667961
568266
618113
593190
672946
667961
568266
628083
2816528
2560480
2603155
2325770
2304432
2517806
2560480
2347107
2283095
2795191
2645830
2752516
2475131
2347107
2283095
2816528
1506060
1418206
1593913
1455858
1556262
1543711
1393105
1355454
1480959
1480959
1317802
1543711
1393105
1342903
1317802
1480959
705898
736858
780203
835932
693514
767819
718282
724474
693514
730666
755434
835932
668745
804971
749242
699706
2433824
2534395
2474052
2655081
2272910
2574624
2413710
2695309
2373481
2655081
2232681
2634966
2373481
2433824
2655081
2373481
1818903
1887541
2247890
2127774
1921860
1921860
1956179
2093455
1836063
1921860
2265050
2110614
2213571
1956179
1870382
2247890
2591499
2388686
2952056
2771777
2704173
2614034
2433756
2501360
2816847
2884451
2478825
2839382
2816847
2501360
2411221
2659104
2378047
2066172
2553476
2339062
2572969
2163633
2495000
2085664
2202617
2397539
2319570
2280586
2611953
2417031
2611953
2066172
3066400
2845619
3287180
3139993
3066400
2919212
2943744
2772025
2845619
3238118
3090931
2821088
2870150
2722963
2968275
3164524
1308803
1319028
1186103
1237228
1319028
1267903
1175878
1165653
1329253
1073628
1196328
1094078
1227003
1267903
1227003
1124753
3281308
3134384
2595662
3060922
2987460
3085409
2644637
3134384
2742586
2987460
3134384
2938485
3183359
2816048
2962972
2620149
1838250
1579533
1811017
1824633
1729317
1715700
1579533
1497833
1593150
1525067
1606767
1742933
1606767
1443367
1497833
1552300
1694100
1477255
1545019
1680547
1612783
1490808
1504360
1626336
1626336
1504360
1612783
1626336
1694100
1653441
1504360
1761864
1884612
2198715
2006763
2059114
1936963
2268515
2059114
2076564
1849712
1884612
2128914
1989313
1832262
1849712
2128914
1884612
1473426
1718997
1650783
1650783
1814497
1459783
1541640
1432498
1582569
1432498
1582569
1541640
1473426
1459783
1664426
1841783
2710259
3247198
3426177
3400609
2965944
3375040
2838102
2991513
3068218
3170492
3093787
2889239
2735828
3426177
3426177
3451746
2292742
2095709
2239006
2310654
2095709
2292742
2310654
1880765
2131533
2024061
1898677
2185270
2059885
1970325
2292742
2256918
2820220
2933938
2706501
2501808
2797476
2433576
2729245
2638270
2592782
2979426
2592782
2592782
2774732
2751988
3002169
3047657
761920
653074
792155
653074
707497
634933
647027
767967
786108
786108
653074
780061
695403
671215
713544
640980
1090639
1280315
1175993
1280315
1213928
1043220
1128574
1109606
1251864
1223412
1175993
1071671
1043220
1280315
1185477
1204445
1029259
821871
875638
814190
960130
975492
898681
837233
852595
852595
883319
837233
952448
1029259
914043
960130
982272
863209
848326
826002
818560
892975
1004597
915299
833443
922741
997155
982272
952506
818560
930182
840884
1100383
1034195
1001100
1017647
1025921
1034195
1067289
934912
1009374
885270
1116930
968006
1001100
876997
984553
1025921
1382163
1427480
1223554
1246213
1450138
1450138
1348175
1302859
1314188
1234883
1280200
1268871
1302859
1223554
1427480
1529443
2220782
1920225
1803341
2254177
1987015
1753249
1987015
1769946
2204084
1936922
1803341
2120596
2003713
1820039
1970317
1953620
2415589
2143154
2016018
2306615
2270291
2052343
2342940
2106830
2324778
1943369
2179479
2451914
2215804
2143154
2324778
2342940
658545
692316
669802
731716
737345
720459
664173
636030
748602
754231
703573
754231
636030
754231
681059
630402
1128362
1147013
1202964
1128362
1016458
1202964
1119037
1119037
1230940
1053760
1016458
1044434
1081735
1081735
1137687
1072410
286842
294325
321762
299313
319267
274370
289336
269382
291830
284347
334233
289336
329244
274370
286842
284347
1244799
1318643
1350291
1213152
1276447
1223701
1265898
1107660
1286996
1170955
1118209
1202603
1392487
1170955
1424135
1392487
3420316
2973044
2973044
3209835
2973044
3288766
3420316
3025664
2867804
3288766
3446627
3341386
3341386
3551867
3130905
2788873
297961
349427
349427
333175
333175
295252
308796
311505
308796
284417
349427
344009
346718
295252
327757
295252
1111742
1101990
1209264
1043477
1238520
1101990
1150751
1209264
1121494
1160503
1189759
1316537
1043477
1316537
1140999
1160503
2949804
3049797
2974802
3174789
2649824
3299780
2874809
2749817
2674822
3299780
2824812
3124792
2674822
2974802
3349777
3199787
523994
548365
491498
519932
532118
446816
475250
487436
479312
483374
434630
540242
536180
438692
434630
532118
2640476
2266235
2702849
2661267
2183070
2682058
2349399
2557311
2682058
2557311
2661267
2682058
2723640
2557311
2536520
2536520
853928
757517
785063
785063
771290
922793
798836
860815
840155
750630
867701
922793
757517
853928
723084
736857
735502
780665
858086
716147
741954
793568
703244
825827
832279
709695
722599
812924
780665
819376
825827
780665
1013168
1066964
1004202
1192489
977303
1040066
1049032
1031100
1129727
1040066
1013168
1210422
1057998
1138693
1111795
1156625
2569151
2447774
2245478
2589381
2569151
2650069
2730987
2528692
2205019
2488233
2285938
2427544
2346626
2366856
2346626
2346626
2447570
2427002
2529841
2262460
2447570
2550409
2180188
2735520
2324163
2570977
2221324
2735520
2776655
2756087
2550409
2180188
66314
76971
76971
69274
65721
68090
65721
79340
75787
72234
79340
66906
62761
67498
63353
66314
3048359
2528483
2764790
2741160
2906574
2930205
2552114
2575745
3142881
3190143
2788421
2859313
2670267
3166512
2575745
2646637
839565
979492
948397
893981
847338
917302
847338
862886
995040
862886
816243
1018361
893981
839565
901754
971718
2111292
1961820
1980504
2466288
1980504
2335500
1999188
2484972
2335500
2316816
1980504
2073924
2522340
2279448
2148660
2242080
1013888
899539
800438
823307
907163
876670
922409
869047
937656
838554
983395
846177
968148
1006265
930032
945279
913688
837547
1012671
829933
875618
868003
936530
890846
868003
1020285
1012671
944144
921302
814705
936530
1020285
993339
954838
870135
893235
931737
977939
947138
870135
939437
954838
977939
939437
893235
985639
1039541
931737
937660
835103
908358
923009
981612
783825
842429
791150
820452
901032
827778
981612
937660
791150
827778
827778
2743903
2174797
2723578
2662602
2479675
2235773
2601626
2459350
2621952
2723578
2459350
2337399
2296748
2337399
2560976
2601626
2091058
2138945
2138945
1819699
1707963
2122983
1915473
1995285
2059134
1771813
1851624
2091058
1979322
1947398
1707963
1707963
185553
199048
195674
200735
217603
199048
222664
209169
182179
182179
204108
209169
214229
210856
204108
226037
239246
273424
287096
289374
271146
287096
287096
239246
239246
246082
298488
280260
289374
246082
264310
246082
755238
729418
716508
806878
832698
864974
852063
710053
755238
722963
787513
787513
716508
735873
845608
787513
1074569
1170513
1256862
1160918
1180107
1141730
1045786
1112946
1132135
1132135
1055380
1170513
1055380
1256862
1285645
1151324
2189274
2205612
2123923
1846179
2042233
2172936
1829841
1813503
2074909
1862517
1715476
2025895
1748152
2172936
2058571
1960544
599837
713320
605241
713320
626857
718724
610645
691704
724127
589029
599837
707916
616049
594433
605241
567413
1767587
2040760
1831863
1815794
1831863
2024691
1703311
1783656
1783656
2072898
1896139
1719380
2072898
1880070
1767587
1864001
1941678
1941678
1941678
1862101
2148579
1798440
1830270
1862101
1941678
1925763
1766609
1830270
2132663
1718863
1989425
1878017
375226
399774
438348
399774
445362
417308
473416
427828
452375
445362
378733
431335
392760
406787
438348
452375
1719180
1747363
1902371
1620538
1676905
1578263
1592355
1902371
1606446
1592355
1662813
1634630
1521897
1803729
1902371
1479622
1335111
1345303
1314728
1335111
1253577
1284152
1263769
1131277
1335111
1324919
1284152
1223002
1284152
1090510
1090510
1161852
1958279
1888341
2255518
1905825
2080672
1993248
1923310
1975764
1958279
2185580
1993248
1888341
2360426
2360426
2168095
1835887
3096586
2996696
2946751
3196476
3146531
2896806
2996696
2746971
2821889
2996696
2971723
3296366
2721999
2971723
2622109
2796916
473414
415681
458019
415681
465716
411832
465716
423379
496508
500357
473414
415681
434925
519601
407983
519601
2170085
2269630
2528448
2647902
2229812
2189994
2329357
2170085
2647902
2548357
2448811
2170085
2608084
2090449
2229812
2329357
3179288
3107032
2745749
3203374
3034775
3010690
3203374
2697578
2745749
3179288
3107032
2721663
2818005
2601236
2842091
2528979
684454
632205
632205
579957
569507
600856
626980
663554
632205
694903
642655
679229
569507
684454
600856
616531
1703048
1557827
1663443
1491818
1557827
1742654
1478616
1769058
1412606
1650241
1531423
1689847
1703048
1597433
1769058
1623837
2662514
2478892
3052710
2639561
2800230
2937946
2937946
2455939
3029757
2616608
2823183
3029757
3029757
3075663
2524798
2914994
2249749
2249749
1863074
1933378
1845497
2372782
2073988
2144292
2214597
1950954
1845497
2320054
2197021
1863074
2109140
2056411
3169830
3222660
3486813
3011338
3407567
3169830
3143414
3460397
2932092
3486813
3433982
3169830
3169830
2905677
2958508
3381152
2324155
2506046
2546466
2506046
2485836
2728356
2162475
2142265
2485836
2162475
2485836
2162475
2667726
2404995
2384785
2162475
1833839
1847946
1720988
1735094
1749201
1706881
1791520
1664562
1847946
1523497
1622242
1608136
1890265
1763307
1622242
1495284
1295298
1306661
1397559
1238487
1249849
1283936
1306661
1306661
1397559
1363472
1306661
1511181
1533906
1431646
1499819
1272574
1372470
1564873
1667487
1526392
1577700
1398124
1667487
1616180
1410951
1705968
1577700
1603353
1564873
1629007
1577700
1603353
1774422
1890778
1687156
1876234
1599889
1541711
1585345
1948956
1614433
1585345
1832600
1701700
1876234
1599889
1570800
1556256
2151938
1724836
1938387
2004095
2004095
2036949
2119084
1954814
2151938
2151938
1839825
1889106
2217646
2217646
2201219
2020522
3120323
2787829
3222628
3452816
3120323
2941288
3401663
2838982
2711100
2838982
3069170
3069170
3018017
2736676
3273781
2890135
2917466
2727712
2609116
2775151
2846308
2964905
2561677
3059781
2632835
2490520
2585397
2490520
2490520
3202097
2585397
3130939
2346936
2170915
2542514
2620745
2366493
2444725
2053569
2444725
2053569
2601187
2327378
2151358
2386051
2092684
2190473
2073126
14466
12001
12537
12001
11358
11680
12430
13395
11787
14252
13073
11573
14037
11787
13609
12537
1322237
1238947
1249358
1311826
1197301
1270181
1186890
1280592
1374294
1218124
1124422
1374294
1166067
1363882
1197301
1186890
1308739
1502627
1296621
1369329
1296621
1442037
1345093
1466273
1454155
1332975
1611688
1381447
1369329
1563216
1417801
1296621
858312
755827
864718
698179
832691
704585
794259
678963
807070
768638
749422
710990
781449
800665
851907
819880
597745
574025
564537
569281
588257
555049
498121
611977
593001
555049
597745
574025
531329
626209
626209
593001
1045787
1070886
1012322
995589
937025
886827
1070886
1095985
962124
1037421
987223
970490
1062520
1087619
987223
1112717
1839644
1910948
1754079
1654253
1754079
1754079
1540167
1725558
1839644
1839644
1839644
1925209
1625732
1540167
1540167
1711297
2300977
2817084
2430003
2666553
2623544
2602039
2365490
2623544
2408499
2752570
2817084
2537526
2580535
2408499
2838588
2473012
936432
1062339
920694
834133
944301
889217
1046600
1022993
952170
857740
1030862
904955
960039
1054470
842002
1054470
966309
877111
914277
877111
981175
996042
921710
847379
810213
780480
795347
988608
906844
839945
802780
921710
1922792
1996041
2069291
1996041
2069291
2398912
2197477
2179164
2087603
2105915
2050978
2307351
2417224
2069291
2197477
2032666
1459681
1661016
1409347
1421930
1535182
1547765
1547765
1661016
1371597
1585515
1635849
1560349
1648433
1598099
1333846
1698767
2696520
2783504
2326835
2566043
2913981
2783504
2653027
2609535
2283343
2653027
2587789
2392074
2848743
2631281
2457312
2522551
2457720
2457720
2535129
2051325
2419016
2380311
2283551
2244847
2148086
2186790
2535129
2573833
2612537
2438368
2360959
2360959
906087
920245
743275
849457
863614
757432
906087
941481
842378
835299
764511
913166
757432
927324
792826
849457
364706
299869
345795
359303
348497
351198
356601
286362
359303
294466
318780
299869
326885
348497
305272
337691
811395
847297
775492
926283
969366
919102
840117
919102
847297
926283
969366
847297
861658
854478
797034
818575
1504401
1429803
1355204
1380070
1342771
1380070
1467102
1504401
1591432
1342771
1392503
1454669
1504401
1429803
1417369
1678464
557105
624790
702889
671650
567518
650823
666443
603964
567518
588344
645617
562311
551898
619584
671650
546691
