668359
699886
674664
668359
699886
750328
737717
737717
680970
712496
687275
674664
668359
680970
750328
744023
2514740
2321299
2342792
2471753
2493247
2536234
2557727
2278312
2450260
2471753
2428766
2299805
2407273
2278312
2557727
2536234
1591306
1737297
1664301
1737297
1722698
1649702
1620504
1664301
1620504
1562107
1591306
1722698
1532909
1532909
1678901
1591306
1596296
1567791
1710318
1539286
1582044
1539286
1639054
1553538
1567791
1653307
1567791
1610549
1696065
1510780
1496528
1539286
2324360
2202026
2242804
2181636
2283582
2140858
2365139
2426306
2446695
2365139
2446695
2140858
2222415
2446695
2385528
2263193
2864932
2965456
2739277
2714146
2814670
2689015
2789539
3015718
2764408
2638753
2638753
2689015
2940325
2764408
2739277
2663884
2903113
2824651
2746188
2746188
2798497
3007730
2798497
2746188
2929268
2824651
3138501
2772343
2955422
3060039
2903113
3138501
1375830
1414047
1337612
1414047
1375830
1515961
1503222
1426787
1337612
1388569
1375830
1375830
1375830
1503222
1363091
1337612
2818581
2966928
2744408
2942203
2843306
2892754
2868030
2769132
2620786
2670235
2917479
2942203
2942203
2719684
2843306
2892754
2020628
1935008
1969256
1969256
1866512
2037752
2054876
1815140
2054876
2054876
1969256
1798016
2037752
1832264
2054876
1969256
174636
187693
186061
189325
194222
176268
171372
194222
171372
194222
173004
190958
190958
194222
184429
194222
619871
592920
641432
630652
603701
609091
565969
565969
614481
603701
636042
614481
576750
592920
630652
609091
35759
35759
32123
34244
33638
35456
33032
32729
33941
36366
32123
32123
34547
36062
34244
33638
2674164
2422747
2719877
2468459
2491315
2697020
2537028
2674164
2445603
2697020
2445603
2445603
2559884
2514172
2582740
2719877
1988117
2063855
2139592
2120658
2196396
2120658
2007051
2044920
2234265
2082789
2215330
2272134
2177461
2177461
2158527
2082789
2723691
2893921
2650735
2869603
2845284
2772328
2723691
2602097
2845284
2675053
2796647
2602097
2577779
2602097
2845284
2602097
2643205
2739321
2643205
2739321
2547088
2667234
2859467
2571117
2763351
2643205
2619176
2523059
2523059
2883496
2835438
2811409
2581130
2301507
2452073
2409055
2452073
2581130
2516602
2581130
2279998
2473583
2473583
2495092
2452073
2538111
2344526
2559620
1234846
1289006
1256510
1180686
1169854
1191518
1245678
1299838
1289006
1202350
1202350
1278174
1180686
1202350
1137358
1159022
1670524
1641721
1584117
1728128
1641721
1540914
1526513
1728128
1728128
1713727
1641721
1569716
1526513
1569716
1555315
1713727
2782292
2544489
2568270
2592050
2853633
2544489
2782292
2734732
2687171
2853633
2592050
2687171
2544489
2520709
2496929
2615830
342665
391617
355719
388354
378563
378563
375300
391617
388354
378563
368773
378563
378563
368773
368773
349192
2519613
2384634
2407130
2654592
2452123
2497117
2587103
2654592
2474620
2497117
2497117
2362137
2677089
2362137
2699586
2407130
494716
494716
452791
473753
469561
486331
448598
494716
503101
486331
498908
498908
465368
494716
494716
477946
327706
342079
313333
330581
342079
327706
301835
330581
313333
339205
330581
313333
342079
330581
316208
339205
2826868
2826868
2731848
2755603
2708092
2684337
2850624
2613072
2518051
2755603
2660582
2684337
2708092
2565561
2565561
2518051
2478333
2415854
2207590
2499159
2457506
2353375
2186764
2457506
2374201
2374201
2186764
2415854
2186764
2332548
2228417
2290896
2751097
2798530
2585083
2632515
2703665
2490217
2632515
2845963
2774814
2798530
2585083
2751097
2774814
2751097
2632515
2537650
59483
59483
54484
58483
55484
57483
58983
54984
56984
54484
56484
52485
54484
54484
59483
53485
2141826
2424709
2162032
2141826
2182238
2404503
2323679
2404503
2263061
2141826
2222650
2263061
2424709
2162032
2182238
2384297
366807
333183
348467
351523
363750
324013
360694
327070
354580
320956
357637
327070
330126
320956
336240
336240
2985141
2880399
3142254
2801843
2828028
3142254
3142254
3011326
3142254
2749472
3116068
3037512
3011326
3089883
2775657
2828028
413293
416983
416983
405913
428053
435434
431744
387462
394842
398532
398532
420673
398532
420673
405913
405913
2264368
2037931
2075671
2264368
2037931
1981322
2037931
2226629
2188889
2264368
2113410
1981322
2056801
2188889
2094541
2019062
1122516
1102471
1122516
1072404
1052359
1172628
1162606
1112494
1062381
1092449
1132539
1192673
1122516
1202696
1132539
1072404
1868914
1868914
1901702
1721368
1819732
1918096
1754156
1721368
1754156
1786944
1819732
1803338
1885308
1754156
1803338
1885308
1741374
1726862
1581748
1596259
1639793
1639793
1596259
1712351
1567236
1625282
1538213
1726862
1654305
1741374
1552725
1683328
1670544
1877374
1877374
1686454
1909194
1861464
1813734
1797824
1734184
1670544
1781914
1877374
1718274
1781914
1734184
1845554
3042309
2786653
2837784
2684391
2888916
3016744
3016744
2709956
2837784
2709956
2837784
3042309
2786653
3016744
3067875
3016744
642309
642309
647707
566743
566743
588334
609924
599129
572141
620719
620719
620719
609924
609924
626116
572141
1244858
1233224
1361200
1279760
1279760
1268126
1326297
1233224
1337931
1233224
1396102
1244858
1361200
1314663
1291395
1268126
1121538
1083195
1083195
1035266
1092781
1025680
1073609
1102367
1083195
1092781
1092781
1035266
1150296
1102367
1111952
1150296
1324932
1312887
1324932
1312887
1324932
1300842
1349022
1312887
1324932
1385156
1324932
1421291
1409246
1324932
1421291
1288797
308750
270156
270156
303604
270156
295885
290739
277875
277875
308750
285594
277875
288167
298458
280448
272729
2233335
2212266
2212266
2528304
2338681
2444027
2380819
2528304
2317612
2317612
2422958
2212266
2317612
2465096
2401888
2359750
2770436
2895231
2770436
2645642
2770436
2695560
2620683
2720519
2670601
2795395
2895231
2920190
2970107
2745477
2870272
2970107
1256642
1119362
1256642
1256642
1267202
1246082
1224962
1172162
1224962
1256642
1203842
1203842
1256642
1151042
1161602
1108802
2689580
2689580
2525867
2502479
2619417
2783131
2572642
2596030
2596030
2759743
2479091
2759743
2455704
2712968
2736356
2619417
2154690
2115154
2174458
2154690
2293064
2253529
2273297
2372136
2312832
2312832
2372136
2352368
2293064
2174458
2233761
2312832
2494518
2431631
2410669
2284895
2389706
2242970
2410669
2242970
2201045
2515480
2473556
2284895
2201045
2473556
2452593
2242970
2569046
2481960
2373102
2286015
2307787
2438416
2525503
2503731
2351330
2547274
2307787
2481960
2329559
2286015
2351330
2547274
616588
657694
645949
669438
669438
681183
698800
645949
675311
622460
640077
622460
692927
645949
681183
698800
1108171
1108171
1149215
1138954
1087650
1210780
1179997
1210780
1210780
1190258
1210780
1190258
1138954
1210780
1221041
1087650
413372
432688
455868
436551
455868
424961
440415
417235
444278
421098
405645
428825
440415
459731
421098
459731
2313976
2530236
2573488
2595114
2508610
2400480
2443732
2486984
2465358
2335602
2573488
2443732
2292350
2357228
2292350
2422106
285212
275116
297832
295308
272592
295308
287736
275116
300356
265020
280164
287736
270068
282688
300356
277640
2039584
2266204
2266204
2020699
2209549
2077354
1982929
2039584
2190664
2115124
2134009
2020699
2020699
2077354
2134009
2228434
1317839
1425662
1389721
1401702
1401702
1341800
1305859
1269918
1377741
1389721
1425662
1425662
1353780
1341800
1437643
1269918
1129727
1139725
1139725
1069742
1129727
1069742
1109732
1069742
1099734
1149722
1109732
1069742
1119730
1149722
1089737
1089737
1349309
1221357
1337677
1221357
1384205
1256253
1372573
1221357
1302781
1267885
1360941
1360941
1244621
1221357
1349309
1291149
1093873
1093873
1133650
1103817
1064040
1113761
1193316
1163483
1153538
1183371
1113761
1093873
1163483
1054095
1163483
1064040
1877313
1943766
1761019
1910539
1960380
1744405
1910539
1810859
1927153
1993606
1744405
1844086
1860699
1993606
1976993
1744405
405621
427547
427547
412930
434855
431201
434855
420238
398313
423892
423892
434855
391004
383696
401967
398313
1084132
1177057
1146082
1125432
1094457
1177057
1094457
1218358
1125432
1228683
1094457
1146082
1208033
1166732
1156407
1228683
517846
495903
478349
482738
478349
504680
491515
495903
504680
517846
509069
478349
504680
509069
522235
487126
1659942
1560629
1560629
1617379
1560629
1674129
1560629
1532254
1617379
1617379
1702504
1702504
1574816
1589004
1631567
1603192
1738611
1848254
1863917
1832590
1816927
1863917
1707285
1879580
1691622
1660296
1754275
1675959
1707285
1785601
1675959
1738611
1173625
1036702
1105163
1095383
1046482
1075823
1075823
1075823
1105163
1105163
1095383
1095383
1114943
1095383
1046482
1124724
1287139
1167151
1232599
1188967
1254415
1287139
1254415
1243507
1298047
1178059
1308955
1221691
1254415
1167151
1145335
1167151
1563984
1694316
1549503
1665354
1723279
1679835
1723279
1708798
1708798
1520540
1636391
1578466
1621910
1679835
1679835
1563984
484694
530420
539565
484694
489267
489267
548710
484694
521275
544138
489267
525847
502984
525847
512130
489267
2701171
2868500
2725075
2868500
2748979
2509937
2509937
2868500
2748979
2796787
2820692
2629458
2772883
2748979
2509937
2701171
2799350
2898442
2625939
2749804
2799350
2799350
2923215
2774577
2824123
2799350
2848896
2824123
2749804
2700258
2923215
2725031
2070986
2279985
2051987
2108986
2089986
2260985
2203986
2070986
2051987
2203986
2127986
2032987
2013987
2203986
2184986
2222985
231812
221463
235951
223533
223533
233881
221463
242160
221463
225602
242160
225602
225602
242160
235951
242160
2777491
2453450
2569179
2592325
2522887
2731199
2569179
2754345
2453450
2592325
2661762
2708053
2592325
2754345
2522887
2546033
555953
576544
597135
555953
576544
571396
617726
576544
602283
555953
612578
540510
550806
591987
581692
581692
1824881
1907830
1841471
1891240
1924420
1808291
1941010
1957599
1990779
1758521
1841471
1775111
1775111
1858060
1941010
1775111
2499904
2542275
2478718
2288048
2457533
2415161
2309233
2478718
2330419
2499904
2521089
2351604
2266862
2499904
2266862
2245676
2522462
2545818
2592530
2709311
2522462
2569174
2475749
2545818
2709311
2685954
2662598
2779379
2452393
2545818
2685954
2569174
2810298
3122553
3018468
2992447
3122553
2888362
2862340
2888362
3018468
3070511
2992447
3044489
2992447
3044489
2784276
3070511
1564523
1521854
1621415
1536077
1564523
1607192
1536077
1536077
1507631
1564523
1678306
1536077
1550300
1521854
1621415
1649861
591108
525985
530995
530995
586098
530995
581089
541014
546023
530995
586098
551032
596117
581089
571070
561051
1709768
1799756
1619780
1604782
1799756
1739764
1724766
1679772
1574786
1619780
1754762
1634778
1709768
1679772
1604782
1574786
205333
191172
200023
201793
207104
189402
196483
207104
203563
198253
203563
207104
210644
200023
187632
189402
2040439
1987210
2058182
1916238
1969467
1969467
2058182
2129154
1933981
1880752
1951724
2093668
2129154
1863009
1951724
1987210
2716486
2645000
2859459
2764144
2835630
2787973
2859459
2740315
2787973
2692657
2740315
2859459
2859459
2835630
2740315
2668828
1235628
1335814
1280155
1302419
1280155
1179969
1246760
1224496
1335814
1291287
1224496
1257892
1324683
1257892
1291287
1224496
1330747
1228382
1307999
1342121
1364869
1285251
1296625
1364869
1330747
1342121
1285251
1217008
1342121
1205634
1319373
1239756
2476427
2433358
2411824
2347222
2584098
2433358
2584098
2282619
2261085
2304154
2368756
2584098
2304154
2433358
2541029
2347222
839508
816189
886148
878374
839508
878374
878374
901694
839508
839508
925014
893921
909467
855055
886148
862828
2175298
2030278
2030278
2102788
2030278
1994023
1903386
2139043
2048406
2139043
1994023
2157171
2120916
1957768
2120916
1903386
2010160
1992979
1872713
1889894
1838352
2044522
1958618
2010160
1924256
1907075
2061703
2044522
1992979
1975798
2044522
1889894
998400
981334
998400
989867
947200
904534
998400
1006934
964267
938667
1006934
921600
921600
972800
955734
998400
50348
46117
47387
44425
46964
47810
50772
45694
45271
49925
50348
47387
47810
50348
47387
47387
1246850
1258395
1269940
1223760
1293029
1350754
1362299
1235305
1269940
1362299
1385389
1269940
1235305
1362299
1258395
1327664
2686359
2686359
2809587
2612423
2784941
2809587
2735650
2858878
2834232
2809587
2908169
2637068
2637068
2686359
2637068
2932814
2696951
2515644
2674288
2696951
2651624
2674288
2606297
2379663
2492980
2470317
2560970
2583634
2696951
2470317
2719615
2424990
2301149
2384827
2384827
2196551
2384827
2405747
2280229
2217471
2384827
2280229
2238390
2259310
2384827
2342988
2322068
2217471
667910
650333
626898
691345
662051
644474
703063
662051
626898
656192
638615
691345
685486
621039
626898
673768
1462450
1502701
1435616
1502701
1529535
1596620
1529535
1529535
1408782
1516118
1529535
1542952
1475867
1610037
1556369
1556369
3125232
2786665
3099188
2942926
2968970
2734578
2760621
3047101
2864796
3125232
3125232
2942926
2968970
2968970
2942926
3047101
2889395
2915662
2915662
2784326
2810593
2810593
3046998
2810593
2994464
3152067
2915662
3152067
2863128
2889395
2810593
2810593
1270202
1248489
1172494
1150781
1150781
1194207
1226776
1139925
1150781
1248489
1172494
1139925
1270202
1150781
1259345
1139925
2570630
2524726
2478822
2708343
2547678
2593582
2524726
2455870
2501774
2501774
2662438
2708343
2685391
2501774
2524726
2754247
1403556
1292749
1440492
1378932
1329685
1378932
1329685
1354309
1354309
1366620
1354309
1317373
1452804
1391244
1366620
1415868
291728
294405
299757
315816
299757
297081
305110
313139
294405
307787
294405
281023
283699
281023
297081
289052
1739590
1679604
1739590
1634615
1619618
1769583
1694601
1619618
1649611
1784579
1574629
1769583
1589625
1784579
1694601
1589625
816161
838220
860278
867631
794103
838220
860278
794103
860278
794103
838220
823514
830867
867631
786750
801456
2956129
3058950
2776190
2827601
2930423
3007539
2904718
2724779
2879012
3007539
3058950
2724779
2853307
3058950
2981834
2930423
498902
494448
503357
498902
472175
521175
498902
481084
507811
489993
476630
507811
467721
530084
507811
485539
2845625
2620971
2895549
2620971
2720817
2845625
2870587
2995395
2945472
2670894
2820664
2645932
2895549
2770740
2870587
2645932
1461798
1382782
1514476
1580323
1527645
1580323
1395952
1514476
1501307
1474968
1540815
1461798
1395952
1514476
1553984
1448629
1792352
2010115
2010115
1758850
1926360
1993364
1892858
1775601
1943111
1892858
1842605
1758850
1809103
1976613
1876107
1892858
1901050
2003809
1986683
1798290
1969556
1798290
1935303
2038063
2020936
1866797
2038063
1832544
1986683
2003809
1798290
1866797
1718289
1532141
1603736
1703970
1532141
1689651
1661013
1675332
1575098
1632375
1532141
1560779
1675332
1517822
1618056
1517822
2472387
2278896
2558383
2472387
2472387
2278896
2536884
2493886
2386391
2278896
2515385
2321894
2515385
2450888
2364892
2407890
850341
895492
857867
835291
872917
903018
805191
850341
895492
850341
812716
805191
872917
857867
797665
797665
925020
916834
892276
884090
933206
957764
900462
916834
949578
900462
957764
859532
892276
933206
867718
859532
1860052
1892973
1942355
1810670
1958816
1942355
1975276
1794209
1744827
1925894
1777749
1728367
1909434
1909434
1892973
1744827
2055438
2131566
2188661
2093502
2093502
2245757
2188661
2245757
1998343
2226725
2036406
2093502
2188661
2226725
2188661
2150597
1632011
1546116
1574747
1589063
1517484
1589063
1660643
1503168
1574747
1703590
1703590
1531800
1703590
1703590
1646327
1546116
1333993
1408796
1321526
1383862
1333993
1433731
1371395
1471133
1471133
1333993
1446198
1446198
1358928
1471133
1309059
1371395
2151801
2206976
2078236
2133410
2206976
2188584
2023061
2059844
2151801
2078236
1949495
2188584
2041453
1967887
2023061
1931104
2604545
2555862
2920986
2653228
2774936
2677570
2677570
2896644
2823619
2677570
2872302
2847961
2872302
2701912
2701912
2896644
1356206
1405523
1430181
1393193
1306889
1479498
1319219
1405523
1356206
1294560
1331548
1368535
1294560
1306889
1393193
1368535
161691
158751
173450
174920
174920
174920
164631
158751
169040
158751
174920
158751
167570
167570
155811
170510
1480454
1442167
1493217
1352829
1378354
1467692
1352829
1416641
1480454
1365591
1416641
1480454
1378354
1391116
1442167
1505979
1636898
1553666
1470434
1650770
1539794
1484306
1581410
1553666
1456562
1512050
1484306
1539794
1525922
1664642
1456562
1512050
82352
81610
81610
80126
81610
87545
88287
83835
84577
80126
89029
77900
83835
83835
83835
88287
1680419
1680419
1807243
1664566
1759684
1854802
1775537
1902361
1775537
1743831
1680419
1775537
1759684
1838949
1807243
1870655
1406112
1342774
1469450
1393444
1418780
1456783
1431447
1355441
1456783
1355441
1507453
1520121
1520121
1418780
1393444
1444115
2200942
2343596
2241701
2262080
2160184
2363975
2241701
2302838
2302838
2404733
2363975
2363975
2425112
2404733
2180563
2404733
2525963
2549351
2736460
2783237
2479186
2736460
2759848
2619517
2525963
2525963
2525963
2759848
2736460
2549351
2713071
2759848
836311
801172
744949
780089
773061
759005
808200
780089
843339
787116
801172
836311
737922
773061
836311
808200
2367581
2613273
2434588
2456923
2456923
2523930
2635609
2568602
2590937
2412252
2590937
2479259
2635609
2546266
2389916
2479259
2036373
1912420
1912420
2054081
1877005
2000958
2071789
1912420
1859298
2124912
2089496
2054081
2054081
2071789
1983251
2107204
2958359
2958359
2677825
2728831
2881850
2983862
2677825
3034868
3034868
2677825
2958359
2958359
2779837
2907353
2728831
2830844
2667210
2691239
2643181
2763325
2715267
2667210
2715267
2739296
2859441
2619152
2595123
2595123
2619152
2715267
2547065
2571094
1262681
1334834
1431039
1310783
1370911
1382937
1394962
1443064
1358886
1298758
1394962
1286732
1334834
1262681
1298758
1310783
1916235
1706898
1932338
1771310
1755207
1690796
1755207
1690796
1771310
1867927
1819618
1739104
1932338
1916235
1835721
1755207
1082234
1184332
1174122
1184332
1174122
1143493
1143493
1123073
1112863
1082234
1163912
1163912
1214961
1133283
1225171
1082234
1443290
1469063
1520609
1456176
1481949
1520609
1546382
1365971
1520609
1430403
1494836
1507722
1365971
1353084
1533495
1456176
2346314
2477883
2477883
2324386
2521739
2390170
2499811
2346314
2543667
2499811
2543667
2521739
2565595
2302457
2324386
2434026
1220045
1241831
1198258
1187365
1187365
1198258
1230938
1296297
1176472
1274511
1263618
1209151
1241831
1252724
1285404
1143792
1702279
1656682
1808671
1656682
1747875
1778273
1793472
1626284
1732676
1641483
1778273
1595886
1687080
1808671
1595886
1656682
1912509
2125010
1930217
1983343
1965634
2018759
1877092
2018759
2001051
1894800
1912509
1859384
1983343
1912509
2001051
2018759
1692882
1786931
1802606
1771256
1645858
1645858
1708557
1786931
1708557
1818281
1865305
1818281
1661533
1786931
1849631
1865305
194721
184472
193013
189596
203261
181056
182764
198137
199845
186180
204969
196429
198137
179348
198137
193013
237597
242038
266464
242038
253141
242038
246479
248700
233156
233156
250921
237597
246479
233156
250921
242038
1999639
2068592
2051354
1965162
1982401
2068592
1930686
1930686
1896209
1896209
1827256
2016877
1965162
2068592
1861733
1861733
821472
799068
858811
828940
791600
821472
843876
784132
858811
888683
851344
866279
784132
784132
873747
873747
493170
497736
525134
493170
538834
534267
497736
516002
538834
497736
493170
520568
547966
488603
511435
479470
588396
598369
543518
543518
528559
573437
553491
583409
543518
558477
583409
528559
538532
588396
593382
598369
2546466
2570044
2570044
2499309
2687936
2593622
2499309
2735093
2570044
2593622
2640779
2711514
2782250
2829406
2617201
2782250
2369370
2307018
2182314
2307018
2494074
2265450
2494074
2452506
2431722
2473290
2348586
2452506
2369370
2431722
2203098
2203098
2076550
2154911
2056960
2331221
2311631
2350812
2350812
2213681
2154911
2135320
2194091
2154911
2272451
2115730
2331221
2213681
350514
344083
366593
373024
353730
376240
344083
366593
337651
350514
369808
369808
360161
376240
356946
366593
361301
345728
355072
348843
336384
367531
355072
348843
327040
330155
364416
348843
336384
367531
327040
345728
663136
613401
641032
585770
618927
585770
629979
646558
635506
624453
646558
629979
580244
635506
646558
629979
1757679
1611206
1713737
1655148
1640500
1625853
1552616
1684442
1669795
1713737
1757679
1757679
1640500
1596558
1552616
1699090
1886502
1934874
1741386
1725262
1709138
1725262
1918750
1741386
1773634
1822006
1693014
1854254
1838130
1693014
1709138
1822006
2740710
2618357
2593886
2618357
2642828
2569416
2838593
2838593
2789651
2593886
2814122
2716239
2691769
2814122
2716239
2569416
172191
170756
166451
169321
165016
157842
163582
159277
153537
153537
170756
162147
165016
156407
156407
152102
1475866
1475866
1413855
1463464
1389050
1438659
1413855
1389050
1327039
1401453
1351844
1463464
1451062
1438659
1376648
1339441
46441
46875
48177
45573
46007
45573
48611
49913
50781
51215
45573
48611
49045
48611
46007
46441
2417293
2311271
2396089
2502110
2396089
2290067
2353680
2523315
2502110
2417293
2396089
2247658
2480906
2290067
2480906
2396089
2373321
2394897
2330170
2459624
2459624
2438048
2330170
2567502
2330170
2351745
2287018
2438048
2287018
2524351
2308594
2545926
1772364
1867312
1867312
1709065
1756539
1693240
1677416
1883136
1851487
1724890
1883136
1788188
1804013
1883136
1867312
1661591
1990649
2066484
2028566
2237111
2009608
2256069
2009608
2009608
2218152
2085442
2104401
2123359
2256069
2085442
2218152
2180235
1480510
1480510
1430323
1342496
1493057
1355043
1505604
1417777
1493057
1442870
1455417
1480510
1417777
1392683
1480510
1317403
2873179
2977658
2742580
2742580
2794819
2742580
3003778
2742580
3029897
2951538
2951538
2794819
2768699
2925418
2768699
2951538
2491297
2296326
2577951
2426307
2296326
2599615
2556288
2556288
2404644
2577951
2274663
2534624
2426307
2556288
2491297
2556288
1732488
1924987
1732488
1892904
1796654
1908945
1796654
1812696
1892904
1876862
1876862
1812696
1860820
1796654
1924987
1732488
1249251
1249251
1225901
1295952
1237576
1307628
1225901
1389354
1225901
1260927
1237576
1330978
1307628
1377679
1225901
1295952
1369042
1344811
1453850
1417504
1429619
1284234
1296349
1393273
1284234
1405388
1320580
1405388
1320580
1356927
1356927
1272119
1284035
1183546
1339863
1194711
1295201
1284035
1239373
1228208
1183546
1194711
1272870
1239373
1205877
1295201
1172380
1239373
156880
153947
165677
168609
161278
170075
173008
165677
161278
171541
155414
175940
171541
167143
159812
153947
2578051
2578051
2488380
2622887
2555633
2555633
2555633
2600469
2465962
2353873
2622887
2353873
2443544
2667722
2667722
2488380
1319283
1306953
1442580
1442580
1454910
1430251
1343942
1319283
1380932
1442580
1380932
1306953
1479570
1454910
1417921
1454910
525401
544860
564320
525401
544860
549725
578914
520536
530266
539996
515671
569185
520536
554590
544860
530266
580035
656643
640227
596451
651171
596451
601923
623811
574563
629283
607395
651171
574563
645699
601923
618339
246591
281818
277121
265379
246591
258333
251288
281818
279470
255985
279470
272424
253636
263030
277121
248939
1351637
1293875
1270770
1270770
1386295
1236113
1328532
1351637
1293875
1236113
1282323
1224560
1213008
1282323
1374742
1224560
2517630
2370768
2475669
2391748
2223906
2349788
2475669
2349788
2307827
2244886
2412728
2496649
2496649
2349788
2223906
2307827
2218775
2045132
2160894
2276656
2083719
2295950
2257362
2238069
2295950
2160894
2064425
2276656
2141600
2045132
2257362
2045132
3019405
2742626
2742626
3019405
2843273
2918758
2717464
2868434
2742626
2893596
2742626
2742626
2792949
2792949
2818111
2818111
2317543
2538261
2427902
2361686
2339615
2383758
2582405
2604477
2538261
2626548
2538261
2494117
2604477
2582405
2317543
2626548
1197804
1208311
1208311
1187297
1145269
1103241
1187297
1176790
1197804
1166283
1197804
1229326
1145269
1134762
1155776
1176790
1978406
1760446
1944874
1928108
1995173
2011939
1793979
2011939
1877809
1827511
1861043
1827511
1944874
1810745
1777212
1760446
2735289
2597376
2413491
2528419
2436476
2689318
2459462
2505433
2689318
2551404
2482448
2712304
2758275
2551404
2620361
2436476
1020595
1107249
1145762
1107249
1107249
1010967
1107249
1059108
1068736
1116878
1039852
1136134
1030223
1107249
1097621
1078365
1156214
1221660
1210752
1167121
1145306
1210752
1243475
1199844
1287106
1232567
1265290
1254383
1210752
1265290
1188937
1178029
1001662
923271
931981
1010372
975532
949401
1027792
1036503
931981
975532
1019082
1019082
923271
958112
975532
914561
2599071
2622915
2599071
2622915
2742139
2789828
2694449
2575226
2861362
2575226
2718294
2813673
2694449
2646760
2789828
2813673
219986
224060
244429
219986
224060
238318
234244
213875
215912
240355
217949
215912
217949
215912
236281
215912
2799033
2872051
2652996
2896390
2555639
2750354
2555639
2920730
2847712
2774693
2847712
2799033
2774693
2677336
2604317
2774693
861073
869121
861073
933500
949595
893263
853026
893263
844979
925453
877168
965690
877168
965690
885216
869121
1130705
1091031
1041439
1061276
1081113
1081113
1180297
1140624
1140624
1110868
1051357
1120787
1120787
1170379
1051357
1160460
1842546
1892797
1943048
1959799
1993299
1993299
1892797
1825795
1825795
1876047
1943048
1825795
1758794
1909547
1959799
1809045
2221212
2180456
2302725
2363859
2200834
2221212
2404615
2323103
2241591
2424993
2302725
2160078
2445372
2363859
2221212
2221212
1248218
1217012
1112994
1227414
1227414
1123396
1144200
1112994
1196209
1112994
1237816
1144200
1165003
1144200
1217012
1248218
1127400
1146508
1146508
1022303
1136954
1098737
1012749
1031857
1060520
1003195
1098737
1031857
1050966
1022303
1098737
1070074
1945896
1999453
2088714
1981600
2017305
2017305
1910191
1999453
1999453
2035157
1999453
1963748
2070862
2142271
1945896
1874487
1601475
1716897
1673614
1702469
1543764
1702469
1514909
1615903
1514909
1558192
1514909
1673614
1716897
1572620
1630331
1514909
1139347
1061443
1022491
1032229
1158823
1061443
1061443
1051705
1071181
1119871
1022491
1041967
1119871
1080919
1139347
1110133
1393285
1417517
1284246
1417517
1429632
1405401
1332708
1405401
1344823
1308477
1332708
1296361
1272130
1272130
1344823
1356939
1380781
1471113
1535635
1406590
1458208
1548540
1393686
1445304
1354972
1445304
1535635
1535635
1419495
1522731
1548540
1496922
697132
678624
653946
734147
734147
690962
740317
653946
697132
660116
734147
660116
697132
715639
715639
740317
2405243
2600263
2535256
2318568
2340236
2383574
2556925
2318568
2535256
2318568
2600263
2600263
2578594
2405243
2448581
2448581
696394
677402
709056
709056
677402
671071
747041
753372
740710
715387
690063
690063
671071
721718
721718
696394
2433536
2412737
2204742
2287940
2454336
2371138
2350338
2371138
2391937
2454336
2475135
2225542
2308740
2391937
2246341
2246341
2876907
2824599
2746138
2903060
2746138
2955368
2981521
3007675
2981521
2903060
2746138
2929214
2929214
3059982
3033829
2850753
335408
335408
293482
296277
307457
299072
307457
296277
296277
293482
315842
327023
335408
321433
318637
313047
2887495
2838554
2789614
2740673
2667262
2691733
2740673
2936436
2765143
2887495
2863025
2838554
2765143
2691733
2593851
2593851
566165
555871
540430
607341
581606
561018
555871
597047
597047
586753
550724
612488
607341
555871
602194
602194
766288
766288
759625
719645
746298
766288
752961
719645
766288
732971
752961
772952
759625
772952
772952
739635
2943591
2575642
2698292
2771882
2796412
2919061
2722822
2747352
2943591
2698292
2624702
2845471
2600172
2698292
2698292
2673762
791204
725270
718677
784611
778017
712083
705490
751644
758237
745050
771424
725270
725270
731864
712083
738457
1417171
1493091
1455131
1366558
1467785
1467785
1455131
1429825
1455131
1341251
1442478
1341251
1417171
1480438
1341251
1480438
1054023
1129310
1101077
1025790
1006968
1110488
1119899
1129310
1044612
988146
988146
1072844
1101077
1082255
1082255
1054023
2479389
2458728
2355420
2272773
2479389
2479389
2417404
2272773
2458728
2376081
2355420
2252112
2376081
2396743
2252112
2334758
3008942
2680234
2730804
2907801
2857230
2983657
2730804
2806660
2806660
2806660
2857230
2781375
2983657
2933086
2882516
2806660
806575
785534
778520
736438
757479
799561
792548
799561
841644
771507
834630
841644
834630
736438
841644
827616
2647869
2893042
2745938
2794973
2770456
2770456
2794973
2794973
2819490
2893042
2868525
2696904
2672386
2770456
2574317
2721421
488838
521427
498149
549360
521427
512116
540049
498149
549360
554016
544705
558672
516771
493493
507460
493493
2799838
2589850
2613182
2543186
2636514
2706510
2449858
2613182
2613182
2729842
2729842
2589850
2613182
2636514
2683178
2706510
50998
50517
52442
57253
50517
57734
50998
53404
52442
57734
56291
51479
52442
53885
51479
57253
1072726
1133446
1163806
1092966
1113206
1123326
1092966
1103086
1123326
1143566
1204287
1173926
1113206
1092966
1204287
1113206
998789
923250
948430
982003
931644
889678
881284
923250
973610
923250
998789
965216
998789
881284
956823
998789
450458
509953
505703
463207
509953
454708
446209
471706
505703
505703
488705
501453
454708
497204
505703
446209
1192390
1107973
1213494
1202942
1245151
1213494
1181838
1213494
1129077
1224047
1129077
1255703
1118525
1107973
1213494
1139630
2825702
2679545
2752623
2655185
2630826
2679545
2630826
2606466
2582107
2850061
2776983
2630826
2606466
2703904
2898780
2703904
1636369
1698119
1852494
1837056
1636369
1651807
1821619
1667244
1698119
1698119
1837056
1651807
1821619
1790744
1728994
1651807
1996353
1827171
1844089
1793334
1861007
2030190
1911762
1877925
1996353
1776416
1979435
1979435
1793334
1810252
1776416
1810252
2407808
2347613
2287417
2327548
2347613
2367678
2187092
2227222
2247287
2106832
2146962
2227222
2227222
2146962
2307483
2247287
1770603
1648492
1816394
1831658
1709547
1709547
1663756
1801130
1679020
1679020
1617964
1724811
1785866
1617964
1679020
1663756
2129394
2302047
2225312
2052659
2052659
2225312
2110210
2033475
2206128
2282863
2129394
2302047
2206128
2282863
2167761
2071842
1063864
1054365
1139854
997372
1111358
1063864
1139854
1101859
1016370
1120857
1073363
1035368
1054365
1111358
1025869
1054365
148287
162409
165234
169471
156760
166646
165234
148287
165234
158173
149699
169471
149699
166646
151111
162409
2655359
2631219
2727778
2679498
2679498
2582940
2703638
2631219
2776057
2679498
2848476
2896755
2582940
2607080
2703638
2872615
847638
855274
908729
801819
855274
824729
885820
901092
809456
832365
878183
809456
878183
840001
832365
862910
944313
841153
944313
857024
896701
849088
833218
849088
920507
880830
944313
904636
864959
872895
928442
912572
155005
160800
172389
173838
169492
165146
156454
166594
159351
172389
163697
172389
169492
168043
156454
152108
2601001
2624224
2624224
2484885
2670671
2577778
2693894
2624224
2601001
2786787
2484885
2484885
2624224
2461662
2786787
2717117
1073605
1019015
1046310
1028113
1028113
1028113
1046310
1037211
1019015
964425
1019015
1009916
1028113
1000818
1055408
1046310
1545281
1451220
1437783
1585593
1599030
1585593
1504969
1545281
1464658
1531844
1410909
1585593
1451220
1451220
1451220
1491532
1460619
1398728
1361594
1472997
1373972
1411106
1349216
1386350
1460619
1460619
1460619
1349216
1411106
1398728
1336838
1460619
2082894
2234377
2272248
2082894
2007152
2101829
2253312
1988217
2063958
2026087
2158635
2026087
2253312
2234377
2196506
2120764
2969475
2969475
2762903
2892011
3021119
2840368
2788725
2917832
3072762
2995297
2943654
2788725
3021119
3021119
2711260
2943654
2844502
2794157
2844502
2718639
2743812
2945193
2869675
2668294
2869675
2668294
2794157
2718639
2945193
2668294
2844502
2743812
3167
2981
3194
3087
3034
2928
3194
3114
2795
2928
3114
2795
2874
3114
3061
2874
916873
909232
832826
893951
855748
886310
916873
916873
909232
840467
878670
893951
825185
832826
909232
825185
1906892
1825401
1841699
1939489
1825401
1792805
1727612
1906892
1776507
1792805
1939489
1792805
1955787
1743910
1809103
1776507
2005434
1801492
1971444
1852477
1852477
1801492
1971444
1920458
1886468
1801492
1869473
1818487
1801492
2022429
1784497
1954449
1814572
1747982
1997694
1847866
1914456
1747982
1864514
1914456
1781277
1831219
1981046
1947751
1947751
1864514
1981046
1797924
1462977
1560509
1518710
1462977
1602308
1504776
1630175
1671974
1644108
1490843
1462977
1504776
1532643
1490843
1671974
1490843
1196355
1086689
1156477
1046811
1056780
1176416
1196355
1116598
1126568
1056780
1096659
1146507
1116598
1106628
1166446
1196355
2068615
2030658
2201461
2201461
2201461
2030658
2087593
2201461
2144527
2125549
2068615
2011680
2049636
2087593
2125549
2258396
2251419
2232010
2232010
2212602
2057331
2173784
2096149
2154375
2251419
2154375
2193193
2173784
2193193
2270828
2134966
2232010
2326340
2452088
2410172
2452088
2263466
2284424
2410172
2473046
2263466
2242508
2514962
2221550
2431130
2242508
2473046
2326340
562442
567464
532311
567464
602617
527290
562442
577508
537333
582529
577508
552399
562442
527290
592573
547377
133346
134581
139519
137050
134581
137050
148162
148162
130877
143224
141989
146928
143224
138285
144458
135815
2991081
2890541
2714595
2915676
2815135
2865405
2991081
2890541
2840270
2965946
2840270
2965946
2639189
2764865
2790000
2764865
348757
355098
342416
339245
342416
374121
374121
367780
345586
355098
336075
380462
351927
358268
351927
332904
1389661
1462801
1389661
1401851
1340901
1414041
1462801
1365281
1292141
1340901
1279951
1377471
1292141
1279951
1426231
1353091
627331
656922
710186
639167
668758
704268
704268
645085
710186
645085
674677
633249
686513
651004
668758
656922
2028349
1943124
1789719
1977214
1806764
1874944
1806764
2011304
1891989
1874944
1909034
1840854
1994259
1943124
1926079
1840854
2177409
2362284
2423908
2239034
2218492
2403367
2382825
2423908
2239034
2280117
2464992
2259576
2239034
2444450
2218492
2321200
2305094
2285723
2305094
2130759
2285723
2324464
2130759
2246982
2092018
2111388
2208241
2188871
2227612
2053277
2111388
2305094
835575
820243
904567
881570
912233
889236
912233
843241
889236
812577
820243
896902
866238
866238
904567
904567
1568430
1568430
1638449
1484407
1512414
1484407
1610441
1652453
1540422
1554426
1554426
1638449
1512414
1638449
1526418
1582433
2231293
2358795
2528798
2422546
2550049
2337545
2401296
2528798
2550049
2316294
2273793
2273793
2231293
2252543
2358795
2401296
1951506
2132201
2132201
2059923
2096061
1969575
2077992
2077992
1987645
2132201
1897297
2168340
2041853
1933436
1987645
2041853
508745
566339
513545
561540
537542
571139
575938
575938
556740
527943
571139
523144
508745
575938
518344
566339
2867291
2891590
2648599
2721496
2721496
2794394
2575702
2770095
2842992
2551403
2745796
2648599
2794394
2575702
2818693
2721496
2922965
2817633
3028297
3159962
3107296
2870299
2949298
2922965
2764967
2896632
3107296
3028297
3107296
2764967
2949298
3080963
347596
353487
329921
324030
321084
338758
326976
332867
350541
312247
329921
332867
332867
326976
321084
318138
2676551
2769648
2723100
2606728
2746374
2792923
2792923
2443807
2699825
2583453
2536905
2676551
2560179
2699825
2653277
2699825
1540545
1500357
1433377
1594129
1607526
1500357
1500357
1553941
1580733
1594129
1607526
1513753
1540545
1594129
1419981
1433377
172093
195039
183566
183566
180288
178649
186844
186844
190122
185205
180288
175371
175371
196678
175371
186844
12980
11790
11790
12764
12655
12764
12655
12547
12764
12331
11574
12547
11790
12872
12115
11466
574866
538937
574866
569734
569734
544070
600530
590265
574866
615928
610796
600530
538937
564601
585132
569734
1703723
1861475
1877251
1687948
1751049
1687948
1829925
1893026
1798375
1766824
1845700
1751049
1893026
1861475
1735274
1766824
2426389
2274739
2448053
2274739
2296404
2599702
2361396
2383060
2578038
2556374
2426389
2578038
2339732
2274739
2491381
2426389
2073306
2035949
2091985
2241412
1961236
2185377
2073306
2110663
2091985
2241412
2166699
2054628
1961236
2017271
2204055
2148020
2089977
2089977
1861661
2037289
1879223
1844098
1861661
1861661
2037289
1844098
1984600
2072415
1914349
2072415
2002163
1984600
642225
715622
733971
672807
703389
678923
648341
733971
703389
703389
672807
697273
666690
703389
672807
685040
2483452
2483452
2715551
2785180
2576292
2645921
2460243
2692341
2437033
2738761
2599502
2483452
2529872
2645921
2692341
2622711
943444
872686
935582
841238
833376
927720
825514
904134
849100
904134
864824
919858
919858
904134
888410
919858
1432978
1485564
1393538
1459271
1525004
1564444
1459271
1551297
1472418
1446124
1432978
1498711
1432978
1485564
1538151
1577590
2491248
2770641
2584379
2514531
2607662
2467966
2747358
2700793
2770641
2607662
2677510
2607662
2747358
2607662
2700793
2747358
2889457
2669075
2595614
2693562
2889457
2718049
2791510
2620101
2840483
2644588
2889457
2840483
2644588
2571127
2913944
2913944
1208706
1123885
1198103
1123885
1251117
1229912
1155693
1123885
1134487
1145090
1176898
1240514
1229912
1176898
1219309
1240514
2438839
2377868
2398191
2438839
2377868
2438839
2154307
2154307
2133984
2438839
2235602
2235602
2316897
2194955
2133984
2296573
1413204
1425600
1326428
1314032
1462790
1450394
1388411
1450394
1400807
1301635
1413204
1487583
1437997
1363618
1301635
1487583
806439
859197
874271
881807
874271
896881
889344
881807
881807
866734
889344
791366
798902
798902
791366
844123
1166681
1265739
1254733
1276745
1276745
1254733
1320771
1309765
1254733
1298758
1221713
1166681
1166681
1188694
1232720
1210707
2950557
2655501
2680089
2753853
2925969
2925969
2630913
2753853
2778441
2876793
2704677
2630913
2778441
2630913
2704677
2950557
979248
1031244
1005246
927253
918587
961917
909921
987914
961917
970583
909921
935919
961917
944585
918587
1022578
1849166
1881048
1896989
1673814
1833225
1896989
1705696
1721637
1865107
1753519
1801343
1753519
1753519
1753519
1769460
1849166
769476
813446
879402
842760
798790
798790
828103
828103
864745
813446
835431
835431
776805
820775
813446
791461
1075765
1085285
1132885
1009125
1142406
1066245
1018645
1018645
1056725
1037685
1075765
1104325
1094805
1009125
1047205
1085285
2496499
2773888
2450268
2704541
2496499
2750773
2727657
2704541
2519615
2473384
2658310
2750773
2727657
2542731
2588962
2773888
2518591
2827475
2589872
2851236
2518591
2661153
2803715
2637393
2779955
2661153
2779955
2637393
2779955
2494831
2803715
2851236
2478733
2501064
2657380
2456402
2411740
2367078
2478733
2657380
2545726
2501064
2344747
2434071
2367078
2478733
2367078
2523395
1009898
1027310
966368
1036016
983780
1001192
966368
966368
1018604
940250
914132
1027310
940250
1009898
914132
1044722
2463303
2294872
2210657
2252765
2379088
2358034
2336980
2526465
2421196
2252765
2505411
2526465
2315926
2421196
2294872
2231711
2111114
1967988
1985878
2075332
2129005
2003769
2093223
1914315
1896424
2039551
1950097
1932206
1896424
2003769
2021660
2003769
88026
85690
88806
84132
85690
82574
84132
91143
81795
85690
83353
91922
93480
84132
90364
88026
1089983
1233943
1182528
1233943
1120831
1100266
1223660
1223660
1100266
1182528
1213377
1089983
1100266
1182528
1100266
1131114
1775792
1683941
1607398
1622707
1653324
1837027
1668633
1607398
1699250
1760484
1837027
1760484
1745175
1791101
1653324
1622707
1188188
1198797
1113927
1262450
1198797
1145753
1230624
1273059
1220015
1241233
1135144
1156362
1251841
1113927
1273059
1177580
2130292
2112540
2130292
2094787
2041530
1917263
2077035
1881758
2059283
2094787
2077035
1881758
1935015
2059283
1988273
2130292
2221452
2183151
2049098
2087399
2278903
2183151
2259753
2298054
2298054
2240602
2164000
2125699
2068248
2087399
2278903
2125699
73612
74307
81946
72918
79168
72918
79862
78473
72918
77085
82640
80557
75696
72918
77085
81946
1916431
1818153
1736254
1883672
1719874
1850912
1818153
1834533
1965571
1736254
1916431
1785393
1850912
1867292
1769014
1932811
2601062
2426201
2557347
2622920
2338770
2601062
2601062
2338770
2491774
2513632
2579205
2448059
2426201
2360628
2535489
2557347
1538447
1538447
1538447
1624715
1552825
1509691
1696605
1725361
1710983
1567203
1667849
1624715
1653471
1581581
1725361
1653471
2725319
3088694
3088694
2725319
2751274
3010828
3010828
3088694
3010828
2855096
2881051
2907007
3114650
2932962
3114650
3088694
1205284
1193914
1341731
1193914
1205284
1262137
1307620
1205284
1239396
1364473
1318990
1239396
1296249
1353102
1307620
1341731
1624416
1806593
1594053
1624416
1685142
1791412
1624416
1639597
1776230
1594053
1624416
1761049
1821775
1730686
1654779
1700323
1431675
1509063
1367185
1483267
1470369
1380083
1470369
1354287
1405879
1354287
1380083
1392981
1457471
1405879
1354287
1418777
1241503
1275673
1287063
1344012
1309843
1264283
1230113
1252893
1287063
1355402
1264283
1309843
1252893
1207333
1309843
1264283
1059630
1041969
944836
1050799
1006648
1050799
1041969
1006648
1059630
927176
944836
1024308
927176
1041969
936006
997818
1806621
1940445
1990629
1973901
1957173
1990629
1840077
1940445
1973901
1756437
1940445
1923717
1990629
1773165
1940445
1906989
2376374
2209611
2334683
2209611
2230456
2480601
2209611
2397219
2313838
2376374
2438910
2501446
2459756
2418065
2459756
2459756
1167548
1299723
1189577
1178563
1222621
1222621
1244650
1244650
1211607
1244650
1178563
1310738
1299723
1189577
1277694
1310738
2173396
2376518
2437454
2295269
2153084
2396830
2254645
2315581
2295269
2417142
2234333
2234333
2437454
2356205
2295269
2315581
487571
519468
537695
510354
505798
505798
478457
505798
537695
528581
519468
483014
514911
510354
542252
510354
2087125
1913198
1861019
1878412
1861019
1965376
1947983
2017554
1895805
1843627
2069732
2017554
2087125
2069732
1930590
1982768
696052
702380
727691
689724
696052
740346
727691
759330
721363
670741
746674
759330
689724
753002
746674
759330
2012755
2031924
2223615
2185277
2012755
2223615
2204446
2051093
2223615
2031924
2223615
2108601
2146939
2146939
2012755
2108601
1336445
1410011
1311923
1446794
1434533
1311923
1397750
1446794
1336445
1336445
1434533
1299662
1324184
1287401
1287401
1336445
362678
375631
340011
372393
346487
385345
356202
388584
356202
356202
388584
362678
375631
382107
365916
346487
2811542
2761336
2736233
2811542
2786439
2836645
2811542
2660924
3012367
2861748
2686027
2987264
2836645
2987264
3012367
2987264
1881915
1848006
1949731
1966686
1814098
2000594
1898869
1864960
1932777
1898869
1797144
1966686
2017548
1898869
2034502
1949731
2778708
2547149
2732396
2732396
2570304
2778708
2523993
2593460
2732396
2686084
2639772
2778708
2709240
2454525
2523993
2454525
1963010
2037086
2000048
2018567
2222276
1981529
2166719
2203757
2074124
2166719
1944491
2148200
1963010
2018567
1944491
2148200
1571266
1626398
1474785
1461002
1585049
1571266
1585049
1461002
1640181
1598832
1461002
1640181
1626398
1516134
1461002
1529917
734482
707773
714450
794576
714450
794576
781221
781221
787898
747836
701096
701096
707773
761190
754513
747836
1957081
1957081
1992029
1922133
1974555
2026977
2009503
1992029
1957081
1904659
2009503
1992029
1834763
1939607
1834763
2079398
601592
579716
639875
585185
601592
617999
601592
623468
612530
612530
601592
590654
579716
601592
590654
645344
853664
830383
884707
907989
822622
915749
838143
822622
915749
876946
915749
923510
830383
915749
923510
915749
1486463
1472826
1541012
1541012
1581924
1581924
1609199
1486463
1513738
1500100
1609199
1486463
1609199
1595561
1486463
1459188
1382843
1395190
1481618
1481618
1333456
1382843
1382843
1345803
1358150
1432231
1444577
1358150
1345803
1358150
1345803
1370497
2693558
2578449
2463340
2739602
2601471
2486361
2578449
2670536
2555427
2762624
2509383
2417296
2624493
2670536
2601471
2486361
634770
592452
592452
560713
618900
587162
634770
624190
624190
576582
587162
629480
603031
624190
613611
576582
1127094
1117461
1059661
1107828
1155994
1021128
1155994
1021128
1078928
1040395
1136728
1011495
1021128
1030762
1030762
1136728
2300992
2300992
2559047
2344001
2559047
2473029
2559047
2408515
2580552
2322496
2537542
2344001
2365506
2473029
2537542
2494533
1964704
1931404
1831504
1948054
1931404
1931404
1964704
1781554
1881454
1848154
1898104
1748254
1931404
1998004
1898104
1781554
741339
727610
796253
768796
775660
761931
755067
727610
720746
782524
775660
823710
748203
782524
823710
741339
2173822
2117603
1967684
2136342
2211302
2117603
2080123
2211302
2248782
2061383
2192562
2080123
2042643
2023903
2155082
2155082
2278737
2278737
2359400
2278737
2359400
2278737
2278737
2278737
2238406
2137576
2218240
2399732
2117411
2218240
2319069
2137576
604596
636698
567143
583194
631348
577844
609946
636698
631348
577844
625997
620647
572493
593895
636698
636698
2839512
2686024
2711606
2813930
2813930
2890674
2788349
2686024
2865093
3069742
3044161
3018580
2890674
2788349
3018580
2967418
902045
909888
886357
925576
894201
886357
933420
831450
847137
847137
831450
878513
902045
878513
862825
925576
278038
308931
270315
285761
285761
296059
303782
303782
290910
278038
296059
278038
293485
290910
270315
275464
2856371
2830404
3012173
2908305
2830404
3012173
2830404
2986206
3012173
2778470
3116041
3038140
2778470
2830404
3064107
2726536
2772266
2977619
3080295
3028957
3080295
2746596
2772266
2720927
3080295
2926280
3054626
3080295
2746596
2772266
2797935
2797935
789000
726711
782079
775158
733632
789000
754395
795921
726711
823606
795921
789000
830527
761316
768237
795921
2546308
2546308
2523369
2408670
2523369
2408670
2592188
2638067
2592188
2661007
2592188
2454550
2546308
2729826
2408670
2638067
1195362
1297821
1320590
1263668
1331974
1309206
1309206
1366128
1275052
1229515
1275052
1309206
1252284
1195362
1206746
1286437
503431
507887
507887
525707
525707
494521
525707
481156
530162
516797
507887
472245
498976
476701
525707
476701
1686847
1616561
1686847
1616561
1475991
1686847
1630618
1630618
1658733
1672790
1574390
1475991
1602504
1686847
1588447
1504105
2597971
2338174
2381473
2576321
2446422
2446422
2554671
2446422
2489722
2597971
2446422
2316524
2446422
2424773
2359823
2424773
326691
335683
341677
347671
353666
338680
359660
329688
326691
314702
317700
335683
359660
344674
347671
314702
993004
925106
950568
1018466
959055
950568
976030
891158
908132
933594
984517
993004
984517
967543
1009979
993004
508095
490725
490725
499410
464668
469011
464668
482039
482039
477697
490725
490725
455983
469011
508095
516781
2862942
2662034
2687147
3013623
2787601
2888055
2662034
2963396
2662034
2862942
2938283
2687147
2837828
2737374
2636920
2988510
729619
736375
783665
783665
722864
756642
776910
790421
790421
790421
722864
810688
743131
776910
803933
722864
2618775
2809231
2499740
2666389
2785424
2499740
2547354
2809231
2761617
2761617
2594968
2642582
2809231
2666389
2547354
2666389
96973
91220
94508
89577
93686
96151
94508
94508
92864
97795
87933
89577
88755
87933
87111
97795
1389642
1469050
1482285
1455815
1482285
1469050
1402877
1521989
1402877
1455815
1535224
1416111
1548458
1455815
1548458
1402877
1670104
1670104
1500263
1613491
1528570
1528570
1556877
1514417
1670104
1486110
1684258
1670104
1514417
1571030
1585184
1613491
1434798
1386971
1339144
1327188
1339144
1339144
1363058
1422841
1339144
1386971
1386971
1339144
1255448
1315231
1279361
1303274
1163355
1225677
1225677
1152968
1204903
1184129
1132193
1225677
1121806
1184129
1215290
1101032
1173742
1225677
1121806
1173742
1429926
1467889
1354001
1429926
1391964
1404618
1455235
1379309
1429926
1366655
1391964
1467889
1366655
1429926
1341347
1493197
2113583
2113583
2093644
2332917
2133523
2133523
2392736
2133523
2273099
2332917
2392736
2193341
2293039
2392736
2253160
2352857
1709678
1534327
1724291
1534327
1680453
1534327
1738904
1563552
1534327
1738904
1578165
1578165
1578165
1738904
1753516
1651228
1343471
1343471
1407446
1433036
1420241
1407446
1522601
1381856
1535396
1407446
1522601
1458626
1458626
1458626
1535396
1356266
1825876
1841482
1857087
1810270
1654212
1638606
1794664
1669818
1701030
1685424
1638606
1857087
1779058
1638606
1669818
1747847
247741
254819
247741
278413
247741
259538
264257
276054
247741
280773
264257
257178
268976
259538
268976
257178
1144742
1207183
1248810
1248810
1227996
1186369
1227996
1123929
1175962
1123929
1144742
1165556
1113522
1175962
1123929
1134335
2097418
2060621
2207809
2207809
1950231
2207809
2005426
2115817
2005426
2134215
1950231
2171012
2189410
2097418
2079020
1987028
2195875
2378865
2195875
2175543
2195875
2317868
2175543
2195875
2399197
2155211
2378865
2134878
2155211
2338200
2419529
2155211
934362
831424
934362
847261
871016
910607
831424
926444
894771
926444
863097
950199
934362
902689
878934
839342
1337814
1400918
1400918
1413539
1363056
1413539
1514506
1413539
1375677
1451402
1400918
1476644
1363056
1464023
1325193
1451402
536540
575210
555875
541374
522039
560709
570376
570376
555875
560709
526873
522039
512372
560709
522039
507538
995313
952039
1012623
995313
1012623
1012623
1012623
943384
986658
1003968
1003968
995313
960693
969348
943384
917419
1344709
1394056
1295361
1320035
1381719
1406392
1381719
1295361
1381719
1320035
1369382
1320035
1320035
1431066
1443403
1431066
1038853
1086948
1125424
1038853
1154281
1106186
1038853
1154281
1058091
1029234
1048472
1077329
1125424
1029234
1077329
1144662
1813060
1828556
1689090
1704586
1627105
1844052
1859548
1735578
1751075
1859548
1720082
1642601
1844052
1859548
1828556
1704586
724268
704693
743843
756893
737318
685118
698168
704693
776467
711218
743843
776467
698168
769942
782992
704693
1592755
1592755
1522279
1522279
1635040
1564564
1663231
1635040
1635040
1691421
1592755
1550469
1508184
1691421
1620945
1620945
1109832
1128967
1061994
1148102
1100264
1119399
1033292
1052427
1071562
1004589
1071562
1148102
1109832
1109832
1100264
1100264
600471
568867
589936
589936
563600
616272
632074
605738
595203
632074
574134
563600
600471
558332
589936
553065
2274763
2101264
2024154
2043431
2197653
2274763
2024154
2062709
2081987
2236208
2062709
2062709
2313319
2216930
2313319
2216930
2776089
2724199
2957702
2879868
2983647
3087426
2802034
2750144
2802034
2853923
2802034
2750144
3087426
3113371
2879868
2802034
2070519
2203488
2089514
2184492
2241479
2108510
2032528
2222484
2203488
2108510
2108510
2203488
2146501
1994536
2241479
2070519
1819483
1634451
1665289
1850322
1649870
1634451
1742386
1773225
1742386
1788644
1726967
1634451
1773225
1726967
1757805
1649870
609003
593650
598768
598768
593650
609003
537356
557827
557827
598768
614121
603886
542474
588533
598768
583415
1414460
1503661
1414460
1478175
1401717
1490918
1388975
1401717
1465432
1439946
1427203
1401717
1427203
1427203
1376232
1503661
771481
743928
792146
730152
764593
750817
805922
785258
723264
785258
737040
750817
737040
737040
792146
730152
2187961
2150877
2113793
2095251
2039625
2021083
2113793
2039625
2076709
2002541
2150877
2021083
2206503
1946915
2206503
2206503
941162
933049
908708
949275
949275
924935
908708
876254
941162
900595
916822
924935
916822
868141
924935
900595
966150
1048182
1011723
993494
1093755
1057297
993494
1039067
1011723
1066411
993494
1029953
984380
1039067
993494
957036
1926910
2050657
1856198
1873876
2103691
1856198
2032979
1962266
1873876
1997623
2121369
1926910
2103691
2121369
1962266
1873876
1447102
1361257
1471629
1336730
1287675
1336730
1324466
1336730
1287675
1422575
1447102
1447102
1299939
1447102
1348993
1398048
2604162
2405539
2515885
2405539
2582092
2582092
2626231
2361401
2339332
2582092
2560023
2493816
2515885
2427608
2604162
2604162
2376451
2438990
2397298
2376451
2313913
2251375
2501528
2397298
2209683
2480682
2209683
2313913
2501528
2188837
2334759
2501528
1833163
1833163
1833163
1817359
1769950
1769950
1864769
1675131
1659328
1833163
1706738
1864769
1785753
1864769
1706738
1880572
1581745
1471711
1471711
1499219
1526728
1457956
1636762
1567991
1623008
1499219
1444202
1636762
1471711
1499219
1636762
1471711
2740915
2625750
2418454
2717882
2717882
2441487
2671816
2648783
2694849
2648783
2625750
2602717
2510586
2671816
2694849
2717882
2632977
2708205
2708205
2708205
2808509
2958965
2683129
2658053
2783433
2632977
2858661
2833585
3009117
2783433
2658053
2683129
33635
35237
34596
36839
33635
36518
35878
35878
38440
35237
34917
38120
38440
36198
36198
35878
2506681
2442407
2528106
2292435
2485257
2420983
2463832
2292435
2528106
2506681
2442407
2292435
2399558
2570955
2399558
2399558
1890569
1874682
1906456
1874682
1715811
1906456
1731698
1858795
1779359
1811133
1668149
1827021
1731698
1668149
1715811
1715811
628949
612398
590329
645500
617915
617915
595846
656534
656534
601363
617915
639983
634466
617915
634466
645500
2904340
2904340
2929817
3006247
2751480
2700527
2929817
2955293
2776957
3057200
2776957
3006247
3006247
3031723
2675050
2980770
2252716
2435368
2435368
2191831
2435368
2354189
2171537
2354189
2232421
2273010
2232421
2333895
2212126
2415074
2151242
2232421
1348178
1336247
1312385
1407832
1324316
1360108
1407832
1276593
1348178
1360108
1312385
1407832
1324316
1288524
1288524
1264662
431574
409251
412972
420413
412972
394369
424133
420413
431574
398090
439015
427854
394369
435294
405531
405531
496958
537991
506076
483280
487839
510636
501517
501517
478721
510636
483280
533432
501517
533432
510636
501517
451241
455065
409176
416824
401528
439769
428296
424472
409176
447417
458889
413000
401528
443593
401528
435945
1650116
1650116
1852489
1727952
1836922
1727952
1805788
1790221
1774653
1821355
1712385
1681251
1774653
1868056
1712385
1805788
1414902
1331673
1284113
1307893
1379233
1331673
1272223
1307893
1248443
1307893
1272223
1367343
1331673
1343563
1296003
1260333
2624411
2441843
2692874
2510306
2555948
2738516
2464664
2510306
2670053
2738516
2419022
2670053
2624411
2601590
2487485
2555948
2793627
2692040
3047593
3047593
3047593
2996799
2793627
2666644
2946006
3022196
2717437
2819023
2793627
2869816
2895213
2920610
213275
213275
222629
215146
202050
203921
217017
220759
209534
198309
203921
211404
211404
222629
220759
218888
2768324
2627562
2557181
2463339
2674483
2604102
2651022
2557181
2486800
2557181
2463339
2510260
2815245
2510260
2510260
2744864
562199
577394
597653
567264
552069
562199
567264
547004
562199
587523
547004
582458
567264
547004
592588
562199
777914
858641
799931
814609
851303
777914
777914
851303
807270
777914
858641
880658
777914
814609
821947
792592
2879923
2663928
2567931
2759926
2783925
2879923
2639929
2639929
2591930
2543932
2879923
2783925
2543932
2831924
2711927
2855923
2314162
2314162
2252724
2170806
2293682
2232244
2232244
2334641
2457517
2191286
2252724
2293682
2252724
2293682
2355120
2252724
1940061
2032445
2050922
2087876
1940061
1977015
2087876
2143306
2013969
2198736
2198736
2032445
1940061
2198736
1995492
2013969
2699958
2796385
2699958
2844598
2603531
2724065
2820492
2796385
2868705
2772278
2627637
2579424
2651744
2796385
2868705
2627637
2510203
2578663
2418923
2624303
2647123
2533023
2533023
2601483
2441743
2510203
2692763
2578663
2396103
2396103
2487383
2624303
2272015
2374358
2333421
2353890
2292484
2312952
2374358
2312952
2435764
2231078
2374358
2394827
2210609
2149204
2210609
2456233
644506
578403
605946
578403
594928
600437
600437
633489
627980
638997
611454
594928
644506
605946
594928
655523
1072745
1052694
1062719
1193053
1173002
1203079
1193053
1112848
1142925
1092796
1132899
1052694
1162976
1052694
1173002
1173002
1608612
1623788
1821070
1608612
1638963
1805895
1608612
1730017
1593436
1699666
1593436
1638963
1714841
1638963
1623788
1760368
1440927
1401269
1467366
1401269
1546683
1414488
1493805
1533464
1493805
1401269
1440927
1573122
1533464
1440927
1586342
1533464
2389854
2411580
2324676
2607114
2455032
2585388
2324676
2346402
2476758
2411580
2368128
2368128
2389854
2302950
2302950
2498484
1996148
1858483
1892899
1875691
1910107
2064981
1927316
2064981
1858483
1961732
1961732
1927316
1978940
2047773
1875691
2013357
733953
714294
701188
773272
714294
727400
733953
720847
773272
720847
707741
740507
688081
714294
733953
779826
2498871
2477514
2413440
2498871
2413440
2562945
2328008
2477514
2328008
2242577
2498871
2562945
2456156
2562945
2349366
2477514
469156
469156
486216
481951
460626
464891
477686
490481
494746
473421
511807
464891
447831
477686
486216
447831
702415
689983
683767
696199
683767
652687
745928
677551
671335
665119
677551
689983
721064
702415
708631
658903
1862659
1830819
1798979
1830819
1846739
1735298
1719378
1846739
1751218
1767138
1878580
1687538
1751218
1703458
1671617
1751218
107295
118325
109300
109300
110303
114314
105289
106292
117322
116320
112309
116320
119328
112309
118325
111306
1285878
1261843
1285878
1394036
1442107
1418072
1430089
1309914
1357984
1273861
1261843
1370001
1357984
1321931
1273861
1309914
2682864
2523711
2478239
2387294
2728336
2705600
2614656
2637392
2478239
2728336
2591919
2387294
2432766
2478239
2410030
2682864
384194
363974
360603
384194
370714
384194
401045
367344
367344
363974
370714
363974
397675
384194
401045
387564
2500906
2500906
2500906
2229975
2292497
2292497
2375861
2250816
2188293
2500906
2480065
2334179
2459225
2480065
2250816
2500906
1692127
1676459
1739131
1801802
1707795
1754799
1739131
1692127
1801802
1864474
1801802
1707795
1676459
1739131
1739131
1754799
2462953
2686858
2530125
2395782
2664468
2373391
2619687
2619687
2642077
2351001
2530125
2597296
2440563
2530125
2686858
2485344
1295846
1307114
1250773
1239505
1205700
1216968
1262041
1307114
1352187
1262041
1307114
1329651
1329651
1295846
1307114
1352187
2840964
2793614
2651566
2698915
2817289
2793614
2769939
2533192
2793614
2698915
2604217
2675241
2698915
2793614
2698915
2698915
177483
177483
194386
189315
180864
177483
199457
180864
177483
187625
184244
179173
184244
197767
201148
182554
1176967
1176967
1096490
1136729
1056252
1176967
1056252
1086431
1116610
1076371
1106550
1066312
1187026
1116610
1056252
1106550
2319350
2298265
2466945
2403690
2361520
2382605
2424775
2445860
2256095
2256095
2298265
2256095
2509115
2256095
2298265
2213925
726517
701890
738831
714203
738831
714203
732674
671105
732674
689576
646477
652634
646477
664948
689576
714203
482407
473793
482407
491021
482407
473793
491021
499636
503943
469485
478100
495329
469485
508250
516865
508250
135277
125700
140066
138869
143658
141263
140066
142460
136475
135277
136475
126897
130489
132883
136475
143658
70653
71882
71882
68196
65738
68196
73111
70039
65738
65738
69424
73725
73111
66967
66353
64509
666939
685638
729270
666939
698104
710571
673172
741736
741736
660706
698104
698104
673172
685638
679405
679405
1801324
1767655
1885498
1919168
1767655
1936003
2003342
1801324
1818159
2003342
1919168
1834994
1868663
1952837
1851829
1851829
2603856
2361124
2515590
2603856
2537656
2405257
2449390
2625923
2493523
2361124
2449390
2493523
2339057
2449390
2427323
2603856
2661479
2474708
2451362
2684825
2708171
2778210
2474708
2498055
2591440
2544747
2801557
2684825
2568094
2731518
2474708
2498055
2194302
2339209
2277106
2256405
2380611
2401312
2484116
2463415
2442714
2442714
2256405
2235704
2215003
2194302
2215003
2256405
2813400
3023747
2892280
3102628
2997454
2839693
2787106
2997454
3023747
2997454
2839693
2839693
2971160
2918574
2839693
2918574
719737
689748
635767
707741
719737
665756
671754
641765
713739
641765
713739
647763
647763
683750
653761
635767
987277
1032984
1014702
959853
1096975
1060409
1069550
1014702
1014702
1014702
1078692
1051267
987277
1023843
987277
1032984
1331613
1319050
1482362
1432112
1356738
1457237
1319050
1319050
1482362
1494924
1457237
1457237
1331613
1507486
1344175
1444674
1183434
1094676
1104538
1143986
1084814
1143986
1074952
1084814
1065090
1124262
1153848
1143986
1153848
1094676
1124262
1055228
90277
81096
86451
91042
84156
84921
86451
83391
80331
83391
84921
83391
80331
91807
85686
83391
334669
308925
308925
300344
331808
320367
303204
300344
308925
334669
326087
323227
323227
337529
314646
306064
2991596
2966666
2667506
2866946
2916806
2991596
2866946
2991596
2667506
2642576
2842016
2991596
2792156
2667506
2617646
2717366
63946
65108
66852
64527
63946
67434
64527
67434
63946
64527
65108
62202
62202
63946
65108
63364
1363980
1424333
1303626
1412262
1436403
1291556
1303626
1267415
1436403
1339838
1315697
1279485
1412262
1388121
1315697
1436403
2223179
2148450
2223179
2111086
2073721
2204497
2017675
2241861
2073721
2092404
2092404
2017675
2148450
2185815
2111086
2036357
2074803
2057367
1883014
1987626
2039932
2074803
1848143
1883014
1883014
1830708
2039932
1865579
1883014
1865579
2039932
2092238
1053398
1073463
1163754
1123625
1113593
1183819
1123625
1153722
1123625
1173787
1123625
1093528
1173787
1063431
1183819
1163754
197629
201007
192561
195940
184116
197629
195940
184116
202696
187494
192561
177359
192561
195940
179048
202696
90032
98525
95128
90032
90032
92580
92580
95977
95128
99375
98525
90032
95977
101923
95128
91730
1154536
1114724
1124677
1045054
1045054
1064960
1094819
1055007
1094819
1164489
1174442
1055007
1174442
1055007
1104771
1064960
942765
894828
894828
942765
878849
950755
894828
878849
926786
934776
910807
886838
934776
894828
886838
926786
798389
834032
855417
834032
755618
769875
848289
762747
855417
784132
826903
748490
777004
855417
777004
848289
2451418
2340994
2318909
2650182
2407248
2407248
2407248
2517672
2561842
2650182
2473503
2561842
2340994
2495588
2451418
2495588
1443953
1634664
1566552
1566552
1484819
1525686
1443953
1566552
1539308
1566552
1552930
1607419
1471197
1580175
1430331
1593797
498412
498412
489182
507642
516872
526102
553791
535331
498412
539946
512257
516872
498412
526102
493797
493797
2446388
2216385
2362750
2216385
2320932
2467297
2258204
2300023
2341841
2258204
2509116
2509116
2488206
2467297
2425478
2425478
2743760
2621271
2890747
2694764
2645768
2792756
2915245
2670266
2768258
2596773
2596773
2792756
2768258
2768258
2890747
2939743
815146
815146
781182
720046
781182
713253
733632
747217
781182
747217
726839
740425
767596
747217
801561
720046
737132
717209
757054
770336
783617
730491
717209
776977
770336
796899
697287
757054
750413
730491
717209
750413
2206243
2266966
2347929
2388410
2206243
2408651
2428892
2327688
2246725
2287207
2125280
2266966
2408651
2287207
2287207
2408651
1081481
1163879
1235978
1081481
1184479
1163879
1184479
1194779
1194779
1143280
1184479
1235978
1184479
1081481
1215378
1225678
2773626
2821863
2556559
2628915
2653033
2773626
2870100
2749507
2845981
2845981
2845981
2628915
2604796
2870100
2725389
2604796
2001151
2244282
2094663
2094663
2225579
1963746
2132067
2132067
2206877
2113365
2169472
2001151
2169472
2206877
2244282
2150770
1288515
1411231
1411231
1300787
1300787
1460318
1349873
1423503
1313059
1337602
1300787
1300787
1435774
1337602
1411231
1313059
1040962
1060603
1139166
1060603
1060603
1158807
1148986
1080244
1109705
1119525
1178448
1129346
1040962
1040962
1090064
1099884
1585152
1570338
1585152
1644410
1614781
1777741
1674039
1748112
1674039
1762926
1674039
1555523
1674039
1599967
1614781
1599967
721257
747725
727874
794044
727874
780810
734491
741108
774193
774193
734491
780810
701406
727874
714640
741108
2834202
2667484
2643668
2691301
2786569
2500767
2596034
2810385
2619851
2858019
2691301
2762752
2524583
2524583
2691301
2858019
1503663
1415949
1503663
1415949
1328236
1378358
1491133
1453541
1441010
1403419
1478602
1503663
1403419
1403419
1365827
1315705
1138283
1211384
1221827
1253156
1211384
1242713
1127840
1190498
1117397
1138283
1242713
1232270
1190498
1232270
1242713
1138283
1770728
1871912
1871912
1821320
1855048
1922505
2006825
1838184
1821320
1973097
1922505
1888776
1855048
1905641
1956233
1989961
383490
364315
367511
335553
338749
370707
354728
354728
364315
348336
373902
348336
341945
354728
377098
341945
1247326
1328927
1328927
1363899
1247326
1282298
1247326
1270641
1352242
1387213
1340584
1235669
1375556
1293955
1247326
1375556
2916942
2722479
2673863
2868326
2892634
2552324
2698171
2649555
2844018
2771094
2673863
2819710
2771094
2844018
2600939
2600939
588856
558133
568374
593976
563253
609338
583735
599097
599097
593976
537651
609338
563253
604217
583735
614458
