240276
283774
240276
267204
279632
250633
260990
260990
289989
242347
267204
219563
294131
292060
275489
227848
831938
850024
657110
705339
807824
632996
795767
669167
843995
850024
850024
687253
747538
639025
850024
795767
3117368
3400766
2911261
3606873
3684163
3581109
3478056
3220422
2885498
3349239
3143132
2859735
3658399
3065842
2962788
3117368
3623784
3113392
3036833
3419627
3598265
3598265
3266510
2985794
2781637
3572745
3623784
3470666
3036833
2934755
3113392
3572745
1986015
2198260
1622164
2137619
1788929
1955694
2183100
1955694
1667646
1879892
1955694
2152779
1713127
1652485
2031496
1849571
1699706
1725656
1673756
1375335
1466159
1621857
1427234
1544008
1569958
1595907
1479134
1556983
1531033
1414259
1842430
1816480
521541
549481
633300
526198
554137
637956
502914
582077
619330
642613
614673
530854
540167
591390
605360
610017
2183569
2421776
2640133
2124017
2104166
2580581
2798938
2362224
2798938
2580581
2818789
2223270
2461478
2600432
2441627
2124017
2791394
3110411
3349673
3402842
3349673
3216749
3721859
3748444
3402842
3456012
2844563
2817979
3588935
3642105
3562351
3216749
1274612
1435278
1467411
1338878
1381722
1156791
1488833
1274612
1156791
1413855
1349589
1338878
1263901
1210346
1178213
1360300
1714492
2060536
1918973
1761680
1824597
1777409
1730221
2186371
1966161
2076266
2170642
1918973
1887514
2217829
2186371
2076266
1607759
1619162
1596357
1562149
1630564
1493734
1562149
1493734
1630564
1619162
1299890
1242877
1345500
1425318
1379708
1334098
1022894
834275
870548
870548
783493
768984
986621
892312
841530
805257
1015639
979366
848784
906821
856039
979366
3164349
3021596
2855052
2783675
2593338
2855052
3164349
3259517
2878844
2569546
3259517
2807467
2950220
3259517
3283309
2950220
1886063
1790162
2125817
2045899
2301636
2301636
2317620
2157784
1949997
1949997
2109833
1949997
2125817
1774178
2061883
1758194
2407357
2637626
2846961
3035363
2323622
2805094
2574825
3035363
2595758
2407357
2742293
2365490
2344556
2574825
2658559
2972562
586572
559910
741214
730549
565242
725217
693222
623900
730549
762544
735882
639897
693222
618567
645230
714552
621522
615713
819015
789972
650565
685417
842249
644756
615713
726077
795780
702843
801589
702843
789972
714460
3486238
2783974
3586561
3486238
2733812
3436076
2984621
2733812
3009702
2984621
3511319
3335753
3310672
3486238
3335753
2758893
145400
183807
167347
156373
171462
152258
146771
153630
150887
174205
161860
163232
192038
161860
179692
146771
819265
924492
856846
924492
1044751
841814
1014687
962073
992138
834298
1037235
796717
879395
901944
894427
984622
2586887
2432446
2065648
2162174
2644802
2644802
2606192
2220089
2509666
2606192
2374530
2220089
2702718
2432446
2162174
2065648
736200
701691
701691
828226
764958
684436
724697
816722
713194
793716
649927
816722
736200
776461
776461
776461
139341
132256
146426
166501
151150
140522
158235
127532
128713
146426
149969
138160
141703
135798
165320
157054
2292913
1898819
2221260
2507874
2113780
1970472
2436221
2561614
2221260
2006299
2454134
2239173
2418307
2561614
2113780
2418307
1514801
1465539
1576378
1662587
1440908
1551747
1687218
1354700
1490170
1453224
1736479
1330069
1773426
1527117
1761110
1428593
2548450
2682579
2203547
2510127
2337676
2529288
2529288
2337676
2395160
2701740
2701740
2088579
2222708
2031095
2548450
2241869
1478497
1478497
1241937
1608605
1596777
1620433
1419357
1454841
1703229
1632261
1667745
1691401
1466669
1655917
1584949
1525809
1696824
1903754
1683029
1765800
1834777
1793391
1765800
1545075
1683029
1848572
1503689
1614052
2000321
1558871
1531280
1614052
1282182
1637072
1213494
1259286
1625624
1511143
1282182
1602728
1350871
1339423
1327974
1408111
1224942
1247838
1362319
1408111
3017077
2930254
2409320
2539554
2800021
2300792
2995371
2279086
2561259
2886843
2973665
2300792
2344203
2561259
3125604
2886843
1921285
1867164
1894225
1664212
1447729
1650681
1813044
1515380
1880695
1867164
1596561
1921285
1867164
1731863
1488319
1894225
2260660
2342866
2610035
2383969
2383969
2281212
2404520
2815550
2486726
2630586
2157903
2240109
2938858
2733344
2815550
2959410
2710923
2907684
2361127
2820235
2973271
2645337
2754648
2667199
2689061
2732786
2361127
2514163
2404851
3170032
2492301
2667199
3372872
2648329
3222966
3297919
3073061
2923156
3023093
2698297
3297919
3522777
3347888
3372872
3322903
2798234
3048077
3447825
693582
761889
588493
646292
562221
740871
630529
609511
714599
593748
614765
551713
630529
735617
735617
725108
553374
479331
502713
483228
545580
514404
529992
467640
506610
487125
479331
432567
565065
459846
514404
553374
3046939
3656327
3020444
3815298
3497357
3470862
3841793
3046939
3258900
3285396
3364881
2834978
3523852
3232405
3258900
3497357
340570
319473
367695
434001
373723
349612
373723
400848
415918
349612
355640
379751
421946
394820
400848
421946
830493
771697
948085
815794
1058328
823144
845192
911338
926037
852541
999531
1021580
992182
801095
926037
1058328
1391045
1630487
1425251
1311231
1402447
1573477
1299829
1322633
1619085
1220015
1607683
1425251
1619085
1231417
1653291
1265623
3103230
3053972
3423404
3103230
3226374
2635282
2635282
2980086
3546548
2586025
3103230
2709169
3029343
3349518
2807684
3053972
1456110
1310499
1310499
1102483
1123285
1154487
1092082
1476912
1456110
1300098
1206491
1175289
1206491
1227293
1112884
1258495
2801736
2566625
2076811
2742958
2272736
2429477
2292329
2488255
2762550
2586217
2566625
2272736
2468662
2370699
2664588
2742958
2825452
2629844
3151466
2369033
2347299
2999326
2629844
2369033
2412501
2369033
2781984
2803718
2564641
2412501
2673312
2369033
31021
25647
25647
35173
29311
28578
30532
33219
33463
32730
33219
28334
28578
31753
34929
29555
47487
50432
41597
49328
43438
40493
41229
51904
53377
50432
41597
49328
52273
42333
48223
43806
1082664
869412
1123674
1181088
877614
959633
894018
976038
1000644
1033452
943229
984240
861210
1148280
967836
869412
1733255
1610546
2024687
1994010
2009348
2024687
1748593
1917317
2162734
2193411
1871301
1947994
1625885
2162734
1809947
1963333
181562
151302
188140
172352
153933
152617
177615
174984
155249
156564
173668
182878
190772
180246
146039
160511
167912
156811
176239
195667
176239
183177
167912
160974
177626
185953
198442
159586
199830
185953
176239
158198
2127109
2688987
2508383
2709054
2428115
2729121
2829456
2769255
2468249
2869591
2207377
2749188
2628786
2869591
2548517
2749188
485565
447331
474095
539092
416745
401451
474095
535269
535269
462625
546739
485565
546739
527622
451155
470272
2137440
2048379
2137440
1870260
2564928
2564928
2066191
2208688
1994944
2404620
2475868
1959320
2066191
2368996
2244312
2084003
1519347
1722725
1579164
1304007
1315970
1387750
1734688
1327934
1292043
1483457
1304007
1315970
1471494
1674871
1459531
1280080
635749
593009
731912
560955
560955
710543
763967
667803
646434
635749
635749
683831
609037
582324
689173
726570
3171453
2554781
2510733
2708949
2334541
2797045
2532757
3083357
2951213
2863117
3039309
2708949
2885141
2620853
3017285
2973237
13642
13760
16465
12819
15877
12584
14701
15759
15171
15171
16230
15877
16112
12466
13995
14818
434789
562433
506589
518555
442766
502600
558444
442766
558444
510577
430800
478666
574400
442766
562433
474677
2471072
2493135
2868209
2559325
2625514
2735830
2316630
3044714
2471072
2382820
3199156
2515199
2713767
2603451
3066777
2559325
1822270
2036655
2174474
1990716
1684452
2128534
1898836
1776331
1852897
2097908
1669138
1822270
2036655
1684452
1898836
2220414
874229
821925
799509
1083447
963894
829397
956422
971366
986310
821925
926534
1061031
866757
844341
874229
814453
764608
793461
851168
908874
872808
959367
779035
880021
858381
815101
901661
1038713
1031500
807888
880021
937727
959936
895940
1009710
1016821
967047
746617
817723
867498
760838
888830
1016821
782170
938604
831944
767949
924383
2997478
3567247
2675435
3022251
2923160
3517702
3121341
2650662
3220431
2997478
2650662
3294749
3592019
3344294
2675435
2923160
243214
232731
297728
239021
299825
255794
280955
243214
291438
257891
253698
287245
293535
272568
241118
253698
3156375
2716552
3337478
3622070
3389222
3725557
3233991
3130503
3647942
3440966
2871784
2845912
3027015
3440966
3544454
2768296
144669
192892
141990
143329
151366
156725
144669
183515
155385
178157
147348
176817
146008
148687
188873
143329
186544
166977
144800
187849
138278
173499
165672
159150
183935
164368
177413
150018
161759
185240
150018
152627
1712807
1648416
1790076
1558268
1854468
1738563
1455242
1699929
1519633
1609781
1429485
1468120
1558268
1699929
1571146
1506755
1714116
1652346
1806771
2223718
1636903
2069293
2177391
2022966
1945753
2146506
1853098
2146506
2131063
1930311
1992081
1853098
110725
106188
117986
98019
121617
104372
106188
117986
98019
124339
115263
129785
124339
95296
128877
109818
54351
54351
61364
51283
53036
56543
61803
51283
48215
46023
61364
63118
51721
58296
61364
49968
2508879
2250026
2469055
2289850
2170379
2787643
2528790
2767731
2429232
2648261
2608437
2767731
2727908
2787643
2688084
2568614
3068983
3263839
3263839
3409981
2947198
2995912
3239482
2630557
3483052
2679271
3507409
2825413
2947198
3239482
2557486
2801056
1341913
1204552
1151721
1193986
1215118
1426443
1468708
1246817
1162287
1468708
1299648
1267950
1310215
1352480
1215118
1394745
2989776
2827540
3314248
2456715
3059305
3105659
3175188
3360601
3012952
2526245
2966599
3244718
2595774
2526245
2920246
3012952
2383116
2257689
2060589
2078507
2508543
1917244
2436871
2060589
2024753
2293525
2490625
2562298
2060589
2078507
2526461
2275607
613240
592094
565661
576235
570948
613240
570948
745404
734831
708399
650246
660820
576235
660820
650246
676679
2365144
2087851
2022606
1761624
1892115
1761624
2071540
2104162
2038917
1941049
1875804
1941049
1875804
1924738
2365144
1924738
2479739
2422951
2157941
2593315
2290446
2176870
2101153
2669032
2631174
2101153
2233658
2650103
2176870
2650103
2101153
1987577
639529
520759
548168
621257
520759
644097
511623
543600
584712
488783
539032
479647
607553
493351
507055
598417
2875200
2543446
2941551
2764616
2720382
3184837
3074253
3096370
3074253
2853083
3118487
2631914
2897317
2808850
2720382
3074253
1378307
1261004
1270779
1133926
1221903
1065500
1270779
1319656
1358756
1388082
1055724
1397857
1045949
1163252
1124151
1358756
2732048
2474681
2791440
2534073
2237111
2692453
2118327
2118327
2672655
2415288
2296504
2316301
2573668
2276706
2593465
2078732
1944709
1848277
2234005
1960781
1864349
1783989
2137573
1896493
1912565
2201861
1944709
1735773
2185789
1687557
1992925
2041141
1326538
1670016
1492355
1693704
1480511
1409446
1444978
1504199
1575263
1634484
1326538
1291005
1646328
1551575
1492355
1243629
2806077
2593495
2295881
2550979
2742302
2487204
2550979
2699786
2380913
3018658
3082433
2848593
3018658
2550979
2636011
2572237
3456729
3355802
2674549
2699781
3254876
2725012
3254876
2649318
3456729
3532424
2876402
3582887
3532424
2901634
3658582
3128718
2242285
1951301
2430568
2464801
2139585
2190935
2293635
1899951
1797251
1951301
2396335
1831484
2019768
1934184
2362101
2019768
3501796
2983925
2885283
3230530
2835962
3008585
3181209
3156549
3008585
2959264
3033246
3526457
3378493
3082567
3501796
3329172
2506867
2543463
2195796
2031111
2378779
2104304
2451972
2451972
2159199
2122602
1976216
2378779
1939619
2470270
2159199
2397077
2634834
2461743
2230954
2615602
2711764
2211722
2307884
2769461
2692531
2615602
2423278
2711764
2115560
2134793
2269419
2288652
1659596
1566658
1699426
1460444
1659596
1394060
1805640
1473721
1473721
1593212
1805640
1486998
1394060
1513551
1593212
1500275
2485703
2359311
2591029
2801682
2317180
2211854
2949139
2380376
2506768
2275050
2380376
2612094
2885943
2211854
2864878
2464637
641212
739463
729120
672239
713607
641212
542962
646383
599844
698094
661896
729120
646383
682581
723949
573988
1395642
1577682
1553410
1492730
1747586
1626226
1747586
1419914
1577682
1322826
1686906
1322826
1747586
1359234
1735450
1601954
2509799
2935991
3125410
3385861
2628185
2628185
2580831
2628185
2486121
3172764
3196442
2888636
3196442
3125410
2722895
3433215
1203708
1039172
1143089
1247006
952574
1160409
969894
1195048
1056491
1030512
1117110
1143089
1169068
1073811
1134429
1151749
2141245
2121419
2280030
2418814
2220551
2736036
2795515
2854994
2597251
2815341
2775689
2854994
2716209
2339509
2676557
2498120
1955709
1760138
2265363
1711245
2281661
2151280
1906816
1972007
1809031
2249066
1792733
1841626
2363149
2232768
2363149
1972007
2740553
2897797
2403599
2852870
2987652
3032579
3010115
2426063
2695626
2560844
2987652
2987652
2560844
3010115
2381136
2942725
2471015
2243191
2488540
2015366
1945267
2032891
2506064
1962792
2085466
2330815
1980317
2050416
2243191
2155566
2313290
1980317
3402474
3059589
3534353
3428850
3349722
3428850
3059589
2769455
2822207
3824486
2795831
2822207
3033213
2769455
3428850
2822207
3652240
3287016
3417453
3443540
2791355
2869617
3208753
3600065
3234841
2895704
3391365
3391365
2869617
3052229
3443540
3652240
1297530
1494476
1552402
1320700
1552402
1598742
1355455
1668252
1436551
1529231
1216434
1390210
1413380
1297530
1228019
1285944
28368
25113
30693
24648
28833
27438
26508
31856
26973
31624
25113
33251
32321
24880
28136
25345
818863
789086
841195
1079410
900749
803974
908193
885860
1079410
826307
930526
841195
975191
885860
803974
796530
2031210
1968227
2015464
1732040
2172923
2267398
2094194
2188668
1763531
1732040
1826515
1920990
2078448
2188668
2283143
1700548
474051
492008
509964
380677
506373
377086
402225
484825
459686
488416
474051
427364
427364
438138
448912
430956
1918918
1932527
1646731
1551465
1755606
1946137
1946137
1497028
1524247
1769215
1619512
1905308
1755606
1551465
1565075
1524247
611950
576548
677696
627122
611950
531031
672639
672639
733328
627122
531031
682754
611950
611950
531031
667582
597210
612394
597210
713616
668066
723738
607333
708555
561783
561783
587088
673127
703494
708555
698433
612394
37005
44758
49340
49340
42291
37005
48987
46873
40529
40529
41939
39472
48282
43701
48987
41939
1178172
1151795
1055079
1222133
1169379
1090248
1134210
1019910
1011117
923194
940779
1248510
1239718
1046287
1151795
1002325
1555602
1596183
1947885
1731453
1866723
1961412
1596183
1582656
1636764
1812615
1744980
1501494
1474440
1690872
1528548
1717926
457558
404763
464597
404763
503314
457558
436440
446999
489235
485715
380125
485715
373086
387164
418841
415322
61038
75646
73559
57387
57908
68864
65734
61038
58430
75646
69386
57387
63125
64690
63125
59473
55798
57809
66355
55295
53285
61830
59317
62333
58312
63338
72387
70879
60825
53285
66857
56803
2076627
2749058
2195291
2630394
2551284
2096404
2155736
2135959
2076627
2155736
2432620
2313955
2195291
2491952
2768836
2491952
2788035
2380553
2852375
3002500
2509232
2444893
2294768
2402000
3023946
2873821
2766589
2423446
2895268
2294768
2702250
2616464
137020
123543
144882
126912
149374
137020
121296
158359
124666
153867
141513
124666
152744
150498
142636
146005
898144
1031202
1056151
1014570
1056151
972989
1031202
997938
923092
906460
1130996
989621
1172577
889828
1047834
1014570
2671267
2481815
2046077
2614432
2292364
2197638
2500761
2254474
2690212
2368145
2083967
2065022
2008186
2065022
2292364
2387090
104676
106215
106215
86204
90822
100828
103137
101597
106985
88513
101597
93131
99288
98519
83125
96210
729653
681009
681009
675605
637771
626961
648580
605342
643175
735058
708034
686414
664795
686414
751272
572913
2441127
2646456
2509570
2988670
2418313
2737713
2646456
2760527
3125556
2646456
2920227
3034299
2806156
2509570
3057113
3125556
458424
378547
395911
472315
406330
500099
441059
441059
434113
409803
392438
482734
434113
371601
406330
437586
2076190
2624617
2683377
2311230
2389577
2154537
2154537
2781311
2311230
2840071
2389577
2291643
2742138
2272057
2820484
2350404
3227221
3627496
3252238
3227221
3577462
2901997
3277255
3552445
2876980
2776911
3527428
2801928
3077118
2927014
3302273
2826945
788137
713076
863198
750607
706821
769372
881963
875708
838178
738097
694311
675546
819412
875708
906983
850688
3157348
2954376
3022033
2751403
2638641
2999481
2864166
2638641
3044586
2683746
2435668
3157348
2931823
2931823
2616088
2368011
2873499
3033138
3618481
3857939
3166171
3645087
3565268
2793680
3006532
3591874
2820286
3112958
3565268
3857939
3645087
3724907
3303383
3684542
3633721
3684542
2744349
2871402
2871402
3201740
2820581
2668117
3582900
3201740
2668117
3252561
3176330
3227151
1421778
1808402
1409306
1608854
1696156
1621326
1309532
1346947
1534024
1496608
1783458
1795930
1758515
1608854
1583910
1409306
1998160
1808679
2342670
2256543
1998160
2032611
2446023
2204866
2239317
2153190
1963709
2463249
2377121
1894807
2377121
1929258
2973500
2928447
3243818
3176239
3176239
2455390
2590549
2838341
3221292
3086133
2477917
2748235
2568023
2365284
2815815
3018553
1034537
1081208
1003423
1003423
1120101
1011202
1073430
878968
1073430
1026759
894525
1018980
894525
1042316
832297
894525
2211540
2860799
2292697
2515880
2901378
2556459
2576748
2597038
2698484
2556459
2272408
2252118
2333276
2130382
2312987
2597038
1347914
1384676
1470452
1556228
1727781
1531721
1298899
1776796
1458198
1715527
1507213
1752289
1531721
1580736
1470452
1605243
2730691
2938744
2964751
3328843
2886731
3458876
2990757
2886731
3484883
2782705
3250823
3718942
3744948
3666929
2964751
3510889
502702
567269
604165
659508
567269
641061
613389
516538
608777
664120
585717
530374
511926
645673
553434
599553
1099002
908203
992154
1099002
908203
854779
892939
831883
953995
854779
1076106
1091370
1015050
931099
1022682
892939
847458
882190
875243
729369
958600
861351
993332
798833
868297
868297
847458
736316
937761
784940
764101
1007225
1510976
1231166
1578131
1309513
1309513
1231166
1488591
1298320
1253551
1197588
1320705
1186396
1219973
1275935
1365475
1354282
1188910
1276617
1130439
1052478
1130439
1344833
1218146
1179165
1110949
1081713
1101204
1208401
1071968
1198655
1286362
1237636
566913
696494
691095
718090
739687
766683
583111
626304
680296
583111
631704
739687
577712
777481
723490
674897
2200925
2653452
2756299
2632883
2941424
2571175
2756299
2591744
2530036
2797438
2982563
2900285
2386050
2509466
2283203
2488897
2430008
2507769
2507769
2682729
2157847
2566089
2663289
2741049
2663289
2157847
2274488
2177287
2507769
2332808
2546649
2235608
3014518
2988972
3551001
2784597
3244439
3040065
3040065
3525454
3678734
2963425
3525454
3423267
3551001
3193346
2707957
2733504
1915809
1775969
1761985
1803937
1985729
1803937
1622145
1761985
1692065
1664097
1943777
1706049
1957761
1552225
1775969
1580193
1420080
1528391
1287700
1444149
1636702
1540426
1708910
1745014
1672806
1371942
1299734
1420080
1263630
1672806
1371942
1745014
1861606
1459820
1888391
1834820
1499999
1700891
1888391
1767856
1660713
1647320
1781249
1888391
1781249
1741070
1526784
1580356
379817
439054
376332
459961
477384
425116
446023
505261
456477
480869
463446
386786
418147
487838
442539
494807
307359
307359
291323
315377
331413
331413
371503
374176
387540
368831
374176
310032
355467
352795
387540
384867
2766875
2993255
3622091
2716568
2691414
2716568
2766875
2792028
3647244
3622091
2892642
2716568
3471170
2942948
3420863
3446017
1376841
1668545
1435182
1388509
1365173
1225155
1248492
1236823
1563532
1423514
1388509
1365173
1621872
1551863
1528527
1680213
2797978
2872924
2822960
3222671
3547436
2897906
3022815
2723032
2897906
2673068
2972852
3547436
3597400
3572418
3072779
3047797
1455424
1244332
1599855
1533195
1510974
1188781
1322103
1355433
1533195
1588745
1577635
1166561
1599855
1288772
1455424
1455424
3420443
2846208
3520310
2921108
3195742
2796274
2821241
2696407
3370509
2671441
3445410
3245676
2796274
3220709
2771308
3520310
1901712
2439932
2117000
1955534
2332288
2439932
2421991
2224644
1919652
2260525
2099059
2027296
2152881
2529635
2242585
2421991
1952792
1911536
1760263
1719007
1966544
1746511
1966544
1884032
1842776
1443966
1636495
1485222
1540230
1774015
1553982
1636495
3189867
3431523
2827382
2634056
3093204
2609891
3383192
2899879
3141535
2754885
2561559
2779050
3238198
3359026
2682388
2972376
3234800
3108441
2855722
3133713
2704091
3639150
3411703
2906266
2931538
2880994
2729363
3487519
3436975
2906266
2704091
3133713
1629375
1515698
1629375
1642006
1717791
1465175
1364128
1831468
1465175
1780945
1616744
1566221
1654637
1591483
1806207
1414651
530627
618296
599839
512170
618296
590611
512170
581382
622910
539855
484485
539855
576768
576768
549083
636752
1753019
1721992
2001235
2125342
2218423
1861614
1954694
1644425
2063288
1939181
1690966
1753019
1768533
1644425
1768533
2249450
1967838
2416643
2295811
2226764
2071408
1829744
2019623
2330334
2140455
2416643
2192240
2347596
1967838
2054147
2209502
2295811
2840164
2288478
2860597
2881030
2533672
2329343
2533672
2206746
2370209
2329343
2819731
2308910
2921896
2738000
2533672
2697134
3127545
3243380
2664205
2756873
2548370
3243380
2548370
2478869
2849541
2617870
2965376
2895875
2756873
2687372
3312881
2849541
104060
111176
112955
128964
110286
93388
104060
120070
124517
96945
98724
123627
119180
104060
95166
104060
359418
387547
375045
387547
375045
390672
328164
428177
381296
384421
443803
356293
446929
453180
400048
331290
2221684
2079875
1796255
1812012
1654446
2284711
2127145
1654446
1764742
2142901
1748985
1685959
1875038
2237441
1890795
1843525
346158
319324
284440
303224
370309
292490
356892
332741
319324
372992
372992
324691
372992
324691
305907
300540
3782409
3519741
3782409
3782409
3519741
3073207
2915607
3152007
3782409
3756142
2758006
3703608
3283341
3414674
3493475
3414674
2614637
2783324
3057439
2909839
2382694
2973096
2277265
2256179
2277265
2509209
2741152
2509209
2635723
2635723
2994182
2741152
3722279
2785202
3488010
3357860
3071531
3019471
3279771
3592130
2889322
2941382
2837262
2889322
3227711
3618160
3435950
3279771
2477160
2061286
2169775
2097449
2495241
1934716
1898553
2242101
2296345
2115530
2314426
2260182
2061286
2350589
2531404
2332508
452072
514427
557296
506633
545605
533913
565091
432586
483250
436484
436484
424792
459867
409203
444278
518324
268387
304888
311329
279123
276975
292005
268387
231886
309182
294152
253357
309182
242622
251210
231886
298446
3287694
3412228
3561669
3262788
2939000
2789559
2963906
3212974
3611483
3312601
2889186
3312601
3262788
3262788
3163161
2689932
1559697
1688479
1917426
1802952
1616933
1717098
1988971
2074826
1917426
1903116
1674170
1788643
1602624
1645552
1545388
1817262
111622
106349
101954
114259
101954
103712
100196
127443
119533
123927
107228
101954
108986
101954
125685
94044
3165490
3587556
3191869
3798588
3191869
3508418
3482039
3059974
3086353
3112732
2928078
2954458
3086353
3508418
3218248
3139111
276281
299304
249071
244885
238606
259536
290932
299304
265816
272095
242792
246978
290932
280467
290932
282560
1946575
1932366
1932366
1534526
1903949
1918158
1989201
1918158
1548735
1974992
2060244
2046035
1932366
1577152
1818698
1776072
2548823
2165542
2529659
2395511
2491331
2606316
2453003
2663808
2587152
2682972
2012229
2587152
2203870
2395511
2433839
2759628
2649506
2586423
2754645
2964924
2607450
2859784
2754645
2397172
2880812
3006979
2943896
2523339
2502311
2901840
2565395
2439228
2090225
1871844
2152620
1903041
1918640
2152620
2246212
2137021
2121423
1684659
2137021
1747054
1793850
2027831
1918640
1903041
1465270
1637655
1563776
1292886
1649968
1699221
1452957
1588402
1452957
1662282
1489897
1514523
1465270
1489897
1773100
1539150
2149677
2404724
2441159
2586900
2167895
2422942
2258983
2277201
2076807
2568683
1985719
2495812
2623335
2422942
2623335
2003937
2125275
2283353
1844247
1932068
2265789
1984761
1844247
2248225
2195532
2353610
1984761
1914504
1844247
1861811
2318482
2511689
2245199
2966135
2595368
2821947
2554171
2986733
2677760
2718957
2348190
2821947
2204003
2574770
2430582
2615966
2204003
2265797
2479166
3149211
2523835
2769518
2702514
3171545
2769518
3216215
3037536
3126876
2814188
2858858
2456831
2367491
2434496
2680179
1399474
1200967
1280370
1369698
1270444
1151340
1141415
1339922
1111639
1280370
1230743
1439175
1260519
1191042
1379623
1181116
1237080
1395426
1266769
1237080
1078733
1138113
1286563
1217286
1088630
1266769
1276666
1395426
1237080
1068837
1385529
1049043
1217481
970456
1270415
1120435
1235126
1138080
1093968
1182192
1067501
1138080
1252770
979278
961633
1120435
1155725
1032212
1103825
1093698
1245601
1286108
1174713
1438011
1326616
1286108
1205093
1468391
1225347
1336742
1265855
1144332
1438011
1083571
383888
434873
428875
314908
317907
422877
377890
341900
320906
386887
410880
419878
392886
317907
365893
332903
1548839
1193897
1538083
1290699
1312211
1301455
1258432
1473548
1505816
1150873
1355234
1516572
1129362
1193897
1559595
1376746
324641
281524
344931
322105
334786
278988
319568
357612
273916
332250
299278
362685
268843
342395
365221
306887
799326
1035317
1004867
982029
921128
1080993
974416
806938
845001
1035317
982029
1050542
822164
852614
1050542
860227
1952877
2485480
2361206
2325699
2219178
2219178
2219178
2449973
2361206
1970630
2023891
2219178
2041644
1899617
2449973
2130411
1791702
2079050
1808604
2366399
2450913
2383301
2011439
2298787
2129759
2112856
2095953
1825507
2214273
2045244
2163564
2298787
2787692
2736068
3613675
3355556
3020000
3562051
3510427
3562051
3303932
3278120
3303932
3716923
2890940
3691111
2916752
2865128
239675
210206
220029
227887
259320
255391
221994
243604
225923
278966
280930
271107
210206
216100
249497
261285
2782347
3159615
2994560
2593714
2900244
2546555
2782347
2475818
2640872
2876664
2876664
2900244
3088877
2664451
3253932
3136036
2061783
2077055
1603609
1771606
1924331
2153418
1832696
2153418
2122873
1863241
1741061
2107600
1771606
2199235
1786878
1924331
2168493
2168493
1917593
2437314
2043043
2043043
2329785
2329785
2096807
2060964
2562764
2455235
1971357
2060964
2473157
2258100
1268826
1208406
1208406
1319176
1107705
1178195
1349386
1107705
1309106
1309106
1319176
1107705
1379596
1097635
1359456
1288966
525395
445790
565198
505494
533356
501514
453750
525395
513454
509474
549277
485592
417928
513454
473652
549277
598645
603180
507941
562363
503406
494335
625856
553293
571433
616785
603180
498870
625856
607715
648532
476194
1018210
1099306
1279520
1189413
1162381
1243477
1108317
1063263
1288531
1018210
1126338
1135349
1135349
1090295
1243477
973156
2033027
2164190
1754305
2131399
1918259
2311748
2033027
1918259
2049422
1869073
1754305
2082213
1852677
2033027
1721514
2164190
1357725
1521966
1193484
1565764
1456270
1445320
1456270
1270130
1489118
1543865
1500067
1445320
1346776
1204434
1281079
1335826
1609918
1702290
1689094
1728682
1662702
1847446
1781466
1873839
1834250
1781466
1900231
1623114
1398781
1755074
1834250
1860643
2807882
3568897
3385203
3070301
3437687
3673864
3463929
3778832
2886607
3778832
3253994
2860366
3463929
3149026
3227752
3253994
1104106
998112
1033443
1210100
989279
980446
1148270
1210100
1139437
1157103
962780
1245431
1042276
1201267
1174769
1236599
236276
205033
234324
212844
206986
255803
249945
212844
257756
257756
273378
259709
249945
275330
224560
210891
1134098
995582
1047526
1237985
960953
1186041
969610
1108126
1134098
986925
1073497
1090812
1047526
1220670
1047526
1160070
697163
777826
656831
823920
829681
604976
760541
679878
628023
823920
616499
754780
760541
777826
818158
702924
1293403
1313150
1036697
1194670
1313150
1046570
1263783
1105810
1332896
1194670
1431629
1086064
1323023
1076190
1204543
1382263
644147
705495
736168
662551
785246
883402
803650
809785
680956
864998
656417
680956
650282
791381
858863
858863
940084
739100
771517
680750
803934
752067
758550
933600
680750
700200
797450
713167
790967
771517
687234
868767
144845
155100
138436
162791
174327
182018
144845
158945
148691
143563
166636
161509
161509
135872
144845
175609
152717
119841
125143
143172
117719
143172
119841
120901
121962
128325
121962
142112
153778
143172
128325
111356
20276
21835
24262
19929
18889
19582
25128
21315
20796
19063
20449
24608
19409
23222
23395
22355
675526
809514
725771
675526
720188
714606
742520
697857
809514
748103
597366
803931
647611
669943
647611
725771
260755
241296
204323
276323
223783
272431
251026
210161
247134
247134
206269
256864
274377
225729
270485
241296
2387211
2706927
2238010
3047957
2515098
2920071
2962700
2834813
2579041
2387211
2856128
2685613
2685613
2387211
2536412
2856128
145755
136501
167734
164264
151539
153853
143441
138814
163107
122619
123776
158480
128403
166577
139971
158480
211612
161373
184209
168985
204000
190298
204000
205522
187253
210089
161373
188776
220746
172030
161373
210089
3079222
2588332
2923030
2655271
2342887
3123849
3101536
2521392
3190789
2476766
3056909
2476766
2655271
2878404
2499079
2677585
1245582
1609856
1492349
1656859
1339588
1680361
1339588
1257333
1668610
1480598
1633358
1457096
1515850
1703863
1645109
1269084
2069693
1780225
2040746
1997326
2011799
1707858
1577598
2069693
1910486
1939432
1722332
2055219
2040746
1707858
1953906
1852592
655883
760089
870424
723310
704921
711051
674272
698791
772348
747829
741699
747829
784608
833645
858165
643623
2852376
3169306
3671113
2931608
2825965
2852376
3169306
3090074
3512648
2852376
3750346
2931608
2878787
3486237
3644702
2773143
1175762
1311027
1467102
1217382
1186167
1113332
1508722
1498317
1123737
1404672
1435887
1269407
1383862
1415077
1352647
1217382
982829
1075232
1125633
1176035
1201235
1058431
1176035
932427
1108833
1066831
966028
882026
1209636
999629
1192835
924027
2336552
2579025
3130098
2755368
2336552
2931712
2865583
2975798
2975798
2645154
2865583
2843540
3196227
2667196
2645154
2953755
2725736
2459311
2315851
2438816
2541288
2520793
2377334
2643759
2254368
2561782
2828207
2336345
2479805
2705242
2971667
2971667
1711142
1304297
1400025
1531651
1663278
1615414
1280365
1735074
1711142
1316263
1699176
1531651
1388059
1292331
1555583
1495753
3317815
3565414
2649300
3466374
2971178
3144497
3367335
3094977
3367335
3144497
3590173
3317815
3144497
2995938
3392095
2649300
1915469
1928771
1423300
1742544
1795752
1396696
1516413
1902167
1729243
1729243
1915469
1755846
1503111
1556318
1543016
1436601
648374
576829
634960
505285
581301
545529
545529
523171
473984
487398
496342
554472
576829
558943
594716
567886
2939729
2432149
2876281
2643641
2411000
2601342
2347553
2982027
2812834
2389851
3045474
2432149
2685939
2960878
2664790
2495597
385065
439588
364619
371434
456626
477072
368027
425957
395288
446403
368027
378250
402103
442995
449811
483887
2464882
2724344
2767587
2594613
2313530
2616235
2421639
2270286
2702722
2572991
3113536
2832453
2291908
2940562
2789209
2724344
1747881
2213983
2263922
2114104
1914346
2197336
1881053
1797820
2080811
2380448
1914346
1930992
2313862
1831113
2263922
2247276
2292056
2447450
2272632
2505723
2816510
2058966
2292056
2292056
2389177
2719389
2369753
2408602
2117238
2486298
2777662
2661116
3255877
3041987
2709270
3137049
2495380
3398470
3255877
2614208
3374705
3279643
2899394
2685504
2661739
2946925
2685504
2828098
3226721
2772253
3158551
3090381
2681360
2817700
3203997
2908593
2635913
2567743
2794976
3181274
2908593
2931317
2522296
3044934
438517
372740
360211
432253
422856
451046
353946
341417
379004
344549
379004
404062
419724
357078
357078
328888
2413071
2023267
1986143
2394509
2375947
2004705
2431633
2598692
2561568
2543006
2450195
2171764
2543006
2171764
2227450
2487320
554173
621210
598864
612272
505012
634617
531827
513951
607803
536296
643556
536296
576519
589926
589926
603333
171148
135696
158923
166258
154033
136918
177261
146698
135696
169926
132028
133251
141808
167481
167481
163813
3154049
2925495
2742651
2605519
2719796
2742651
2765507
2971205
2994061
2902639
2719796
3154049
2925495
2491241
3222615
2605519
1625938
1691500
1730838
1809512
1416140
1639051
1835737
1573489
1848849
1376803
1809512
1586601
1757062
1573489
1835737
1822624
2679701
2990738
2775405
3206071
3086442
3397479
2679701
3301775
2560072
3229997
2703627
3062516
3014664
2583998
2775405
3086442
2914107
2456175
2934922
2914107
2914107
2934922
2872476
2768401
2622696
2747586
2289655
2456175
2685141
2851661
2643511
2185580
1726549
1518383
1457158
1591853
1591853
1469403
1714304
1481648
1297973
1359198
1689814
1653079
1726549
1493893
1604098
1530628
2640479
3045069
2576596
2576596
2938598
2512714
2789538
2661773
2427537
2470126
2640479
2384949
2768244
2938598
2555302
3002480
480919
420804
573095
533018
444850
573095
488934
472903
476911
533018
448857
533018
436834
492942
549049
496949
2137329
2120093
2223512
2189039
2206275
1844308
2499296
2240748
1844308
2223512
2068383
2309695
1809835
2240748
2464823
2344168
1322891
1049189
1195164
1176917
1259027
1040066
1149547
1003572
1003572
957955
1030943
1249904
1304644
976202
1195164
1231657
2815413
2331514
3167340
2617454
2947386
3013372
2705436
2529473
2947386
2925390
2463487
2463487
2397500
2991377
3145345
3167340
1277895
1443549
1396219
1644699
1621034
1408052
1585537
1360722
1597369
1242398
1301560
1538208
1585537
1419884
1266063
1289728
2413760
2744679
2452692
2160704
2219102
2394294
2258033
2394294
2063375
2705747
2666815
2686281
2258033
2588952
2725213
2277499
2211881
2976737
2170537
2997409
2914722
2873378
2894050
2170537
2315240
2749348
2563301
2273896
2542630
2542630
2811363
2604645
2142331
2607176
2506123
2849704
2283805
2869915
2506123
2708229
2809283
2182752
2182752
2829493
2162541
2485912
2182752
2465701
1599036
1599036
1611431
1698201
1499871
1487475
1301541
1462684
1475079
1636223
1586640
1437893
1413101
1537058
1685805
1375914
2158565
2794571
2486205
2563297
2042928
2775299
2621115
2216384
2736753
2409113
2120020
2601842
2601842
2794571
2370567
2601842
889651
1024878
903885
953706
1017761
967940
804244
896768
818479
868299
889651
768658
1003526
818479
854065
882534
2601709
3107597
3107597
3083507
2963057
2601709
3059417
2770338
3396675
3420765
3468945
3348496
2914877
3059417
2746248
3035327
1026986
929535
1049475
847076
944527
892053
884557
802098
862068
794602
944527
1011993
982008
982008
899550
1064467
471372
449448
394637
412907
460410
460410
405599
482334
464064
475026
387329
456756
493296
431177
401945
449448
1098048
937749
881644
921719
913704
1138122
1082018
945764
849584
1138122
841569
1114078
913704
961794
1130107
1154152
1226944
1149724
1081083
1081083
1192624
1141143
1123983
1115403
1209784
1038183
1055343
1141143
918063
1081083
1115403
1149724
1334503
1334503
1297773
1714041
1285530
1297773
1310017
1579366
1505907
1297773
1444691
1493664
1726284
1554880
1554880
1763013
2868409
2450099
2390341
2888328
2151307
2230985
2171226
2529777
2091548
2649294
2569616
2171226
2828570
2529777
2888328
2689133
560999
504899
520928
448799
581035
565006
560999
480856
544971
480856
512913
460821
556992
573021
544971
516921
933314
1206264
950923
1162240
1206264
1065386
1250288
1206264
1091801
986143
959728
924509
942118
1223874
1118215
1267898
1694786
1799889
1747338
1471442
1839303
1826165
1707924
1537131
1799889
1799889
1471442
1747338
1668510
1602821
1891854
1799889
1520216
1444833
1331759
1595598
1407142
1758927
1683545
1570471
1331759
1821746
1369450
1482524
1809182
1344323
1746364
1595598
749655
718157
881948
856749
686659
781154
768554
661461
724457
680360
875648
831551
825251
762255
674060
692959
653873
560462
634207
575211
560462
594877
604709
673538
521132
658789
550630
624375
712869
624375
545713
609626
1605068
1521221
1652980
1257702
1425396
1341549
1712871
1736827
1305615
1641002
1521221
1509243
1688914
1676936
1676936
1724849
2140519
2248445
2356370
2032594
2068569
2194482
2086556
2410333
2284420
2230457
1888693
2320395
2176494
1888693
2068569
2104544
1603822
1678073
2049328
1648373
2108729
1678073
1618672
2123580
2004778
1945377
2123580
1574122
1811725
1559272
1811725
2034478
2564027
2276856
2338393
2769149
2646076
2789661
2666588
2687100
2830686
2358905
2707613
2830686
2769149
2338393
2605051
2810174
2008535
1859140
1958737
2224328
2357124
1842541
1792742
2091533
2340525
1859140
2174530
2240928
1925538
2390323
2141331
2390323
1199985
1232712
1341802
1309075
1265439
1167258
1450891
1265439
1363620
1167258
1439982
1287257
1178167
1265439
1494527
1199985
369270
348424
369270
405006
366292
419896
357358
422874
399050
425852
416918
381182
369270
399050
345446
321622
1668495
1744336
1478894
1529454
1668495
1617935
1605295
1592655
1756976
1744336
1567374
1491534
1428333
1529454
1794897
1769616
2178813
1941985
1768312
1957774
1657792
2052505
2052505
1784100
2241967
1673581
1815677
1941985
1863043
1673581
1878831
1894620
798452
910384
858149
1029779
798452
1007392
783527
1052165
858149
999930
1044703
955157
835763
1014855
985006
790990
1063064
1044735
1072228
1292173
1081393
1118050
1283009
1136379
1118050
989749
1108886
1127215
1108886
1191365
1017242
1328830
2560804
2581624
2998015
2935556
2498346
2685721
2290150
2685721
2644082
2602443
2581624
2789819
2914737
2623263
2706541
2685721
156760
184596
193386
165550
156760
200711
181666
181666
190456
178736
202176
194851
206572
203641
187526
203641
715831
705532
705532
638583
587085
643733
674632
726131
746731
643733
726131
545886
715831
684932
741581
597384
3098895
2368441
2877546
3032490
2722601
3209570
3010355
2545521
2766871
2567656
2766871
2611926
3076760
2523386
2501251
2678331
683488
604813
535972
708073
673653
653984
634316
570392
668736
545806
673653
560558
565475
712991
663819
585144
396105
409883
416772
427105
396105
368550
437438
402994
471882
485660
440883
492549
371995
427105
454660
392661
1014999
1159999
1177058
1014999
1057646
1014999
1032058
972352
980882
1142940
895588
1032058
938235
1177058
1228235
1194117
1941054
1734220
1781951
2179708
2243349
2306990
1670579
2259259
2068336
2275170
2100156
1702399
2243349
1845592
2227439
1893323
1382791
1257083
1645636
1462787
1497071
1451359
1394219
1634208
1542784
1211371
1279939
1577068
1508499
1622780
1485643
1485643
2789712
3119405
3170127
3170127
2738990
2764351
3296932
3119405
3043322
3296932
2789712
2688268
3220849
3449098
2815073
3626625
2987047
2511835
2692868
2806014
2398689
2851272
3009676
2376060
2602352
2692868
3077564
3190710
2557093
3168081
3122822
3190710
1368445
1537987
1356335
1574318
1646979
1598538
1344225
1634868
1320005
1380555
1380555
1755970
1659089
1489547
1283674
1537987
1575416
1770715
1458236
1393136
1692596
1484276
1731656
1575416
1822795
1653536
1861855
1484276
1445216
1679576
1809775
1770715
3541538
3252968
3515305
3436604
2754530
3751407
3777641
2754530
3620239
3462837
3331669
3279202
3489071
3777641
2911931
3725174
1468093
1640810
1529778
1616136
1702494
1690158
1369398
1406408
1788853
1357061
1529778
1394071
1344724
1603799
1357061
1702494
1581062
1593511
1680656
1419221
1655758
1581062
1780251
1356974
1755352
1419221
1531265
1381873
1394322
1543714
1805149
1307177
1865408
2108062
1850242
1804744
2183892
1910905
2092896
1986735
1956403
1668251
1698583
2108062
2183892
2001901
1744080
1637919
169162
165102
159689
185402
167809
162396
184048
156982
177282
188108
177282
190815
184048
189462
156982
162396
622775
613814
577971
515245
569010
613814
551089
618295
515245
488363
586932
613814
515245
555569
515245
560050
2515238
2589216
2385777
2663193
2348788
2607710
2256316
2681688
2034384
2644699
2311800
2422766
2052878
2182339
2089867
2200833
2492965
2514833
2383625
3017800
2799119
2667910
2471097
2536701
2908459
2624174
2580438
2689778
2689778
2667910
2361756
3105273
1332014
1360971
1052098
1129316
1389928
1100359
1032793
1148621
1370623
1225839
1274100
1351319
1389928
1100359
1138969
1187230
2264817
2299133
2453552
2110398
2436394
2487867
2470710
2110398
2161871
2299133
2470710
1818717
2024609
2419237
2058925
2110398
1766878
1807034
1633023
1699950
1726721
1699950
1512554
1873961
1579481
1726721
1606252
1619638
1887347
1833805
1699950
1833805
1420664
1677854
1469653
1616618
1432911
1653359
1469653
1481900
1310440
1714595
1739089
1653359
1616618
1518641
1543135
1469653
1671188
1762343
2005425
2035811
2066196
1929462
2157352
2035811
1929462
1777536
1868692
2051003
1975040
1975040
1823114
1595225
668423
684995
651850
701568
701568
585560
629754
679471
696044
585560
596609
657375
690520
707092
701568
668423
1777956
1891745
1721061
1621496
1962863
1493483
1593048
1934416
1664167
1664167
1877521
2019758
1777956
1706838
1905969
1777956
2741421
2377176
2453859
2415518
2281322
2645567
2377176
2300493
2530542
2568884
2779763
2223810
2741421
2127956
2127956
2377176
1118157
1221690
1376990
1294163
1128510
1118157
1118157
1190630
1242397
1252750
1294163
1107804
1356283
1283810
1314870
1190630
2458699
2458699
2439339
2671657
2381260
2361900
2032783
2439339
2478059
2187661
2536139
2807176
2090862
2729737
2168302
2787816
1394870
1535529
1652745
1594137
1641024
1558972
1652745
1312819
1605859
1324540
1570694
1547251
1652745
1418313
1652745
1570694
2779891
3507339
3299496
3533319
2961753
3559299
3403417
3247536
3741161
2753910
3351457
3715181
2753910
2909792
3247536
3065674
302634
326952
326952
353973
297229
286421
375590
286421
289123
305336
372888
324250
316144
299931
289123
348569
564768
543375
603275
457804
479197
573325
457804
496311
449247
521983
539097
603275
474919
474919
581882
453526
1386246
1306050
1202940
1306050
1626834
1649747
1374789
1581008
1489355
1283136
1237310
1271680
1386246
1374789
1225854
1443529
209990
235333
193697
206369
229903
240764
213610
238954
199128
240764
202749
257056
242574
220851
193697
204559
36122
41626
38530
41970
49882
46786
41626
36122
36466
49538
45066
38530
43690
41626
45410
49538
600169
590330
629685
575572
629685
521458
649363
683799
600169
546055
629685
629685
688718
565733
600169
678879
2288793
2795163
2612870
2390067
2390067
2896437
2673634
2754654
2876183
2916692
2835673
2288793
2167264
2126755
2369812
2936947
1286812
1422266
1580296
1489993
1433554
1625447
1264236
1602871
1388403
1354539
1286812
1512569
1241661
1569008
1636735
1320676
1870470
1593851
1541162
1580679
1778264
1633368
1686058
1699230
1791436
1659713
1817781
1501645
1567507
1567507
1383094
1857298
2805016
2981909
2931368
2906098
3158802
2678664
3462047
3386236
3057720
3638940
3184072
3563129
3082991
3563129
2956639
2981909
3337339
2810391
2659834
3211875
3186783
3211875
3437710
3136597
2760205
2835484
3312246
3036226
3236968
3262061
2634741
3412618
315430
320732
302177
315430
310129
371095
323382
336636
320732
296876
384348
315430
349889
336636
368444
328684
2328633
2496462
2349612
3041908
2202761
3020929
2244718
2580377
2664292
2538420
2433526
2664292
3020929
2643313
2496462
2244718
556942
653601
667410
515516
501708
639793
501708
547736
635190
662807
653601
593765
625984
529325
607573
589162
1200533
1191369
1081396
1255520
1026410
1209698
1017246
1063068
1044739
962259
1145547
1237191
1218862
1053903
1053903
1301341
1863332
2232918
1786335
2232918
1817133
2217519
2063524
1847932
1801734
1740136
1786335
2032726
2125122
2232918
2217519
2078924
97507
91267
81906
106868
92827
92827
91267
93607
86586
110768
88146
100627
107648
109208
91267
89706
2759565
2402211
2461770
2362505
2422064
2362505
2124269
2163975
2858830
2382358
2163975
2838977
2144122
2600741
2144122
2640447
825594
686991
632755
632755
632755
747253
717122
819568
843673
825594
650833
680965
867778
668912
644807
783411
2726311
2955413
2474299
3024143
2428479
2909592
3184515
3069964
2978323
2497209
2588850
3276155
2634670
3299065
3024143
3299065
1003104
1069425
1052845
1119166
1011394
1044555
1135746
887042
911913
1061135
870462
928493
1052845
1119166
1135746
1127456
2082682
2412440
2204172
2360373
2308306
2204172
2325662
2030615
2013260
1857058
2290951
2516575
2343018
2395085
2013260
2117394
385241
330640
348841
376141
336707
327607
385241
367041
367041
345807
354907
376141
373108
397375
439843
397375
1313289
1121100
1142455
1505478
1366675
1142455
1430738
1313289
1121100
1430738
1377352
1398706
1142455
1323966
1537509
1526832
2509430
3083014
2915719
2963518
2796222
2987417
2796222
2605028
2509430
2676726
2748424
2844021
3298108
3130813
2844021
3393706
778706
758033
792489
826945
882074
950986
861401
847618
861401
909639
799380
764924
820053
840727
985443
944095
386343
363616
357123
350630
425301
383096
457767
425301
425301
444781
451274
360370
415562
402575
415562
418808
319102
311905
268718
321502
311905
347894
328699
343095
335897
287912
302308
302308
321502
316703
319102
335897
1013894
1099979
1291280
1090414
1243455
1224325
1109544
1013894
1205195
1358235
1358235
1186064
1080849
1013894
1300845
1291280
1744033
1611727
1299004
1647811
1455366
1659839
1683894
1323060
1262921
1431310
1732006
1744033
1311032
1311032
1335088
1383199
1473716
1419134
1157140
1255388
1342719
1189889
1462800
1419134
1451883
1430051
1146224
1462800
1146224
1277221
1582880
1168056
1645896
1785642
2142771
2049607
1661424
1816697
1723533
2220408
2142771
2158298
2096189
2158298
1971970
1878806
2080662
1971970
661412
530139
621020
575580
621020
626069
676559
565482
570531
555384
585678
716950
651314
585678
641216
595776
1027777
871555
937333
1085333
863333
1085333
1093555
1167555
978444
871555
945555
1175777
1151110
953777
1085333
887999
1152242
1127551
864181
954714
1028787
1119320
921793
1045248
971175
954714
1037017
1160472
880642
1061708
938254
995866
364582
458983
465493
351561
423176
341796
449217
341796
445962
361327
367837
364582
452472
423176
445962
449217
1989018
2006018
2176020
1785016
2023019
2227020
2074019
1972018
2210020
1938018
2363022
2414022
2193020
2176020
1972018
2363022
2029166
2347795
2196866
2280715
2381335
2414875
2280715
2414875
2045936
2213636
2280715
1861466
2163326
2062706
2113016
2196866
3006609
3474851
3006609
3351630
2809454
3154475
2981965
3203764
2710877
2834099
2858743
2834099
2908032
3080542
2981965
3055898
3709116
3258723
3576648
3523660
3099761
3841585
2887812
3629635
2808331
3126255
3550154
3311711
3444179
3417686
3311711
2808331
131282
128979
128979
133585
141646
120918
164678
122069
163527
162375
155466
137040
161224
150859
158920
157769
1557246
1486462
1868696
2038577
1897009
1826225
2024420
1925323
1755441
1712971
1727128
1996107
1741285
1981950
1769598
1712971
3146460
2886227
3312064
3359379
3193776
3406694
3122803
2909884
2815254
2696966
2886227
2484048
2484048
3359379
3359379
3028172
121140
131469
136165
101419
115505
101419
111749
123018
111749
118322
131469
115505
136165
107053
118322
105175
1918132
1717730
1674787
1617529
1717730
1803616
1846560
1975389
1903817
1946761
1746359
1875189
1789302
2018333
1517328
1689101
625227
585600
572391
484331
612018
475525
488734
572391
545973
532764
590003
541570
475525
594406
501943
462316
3122036
2918425
2714814
2782684
3054165
2488579
3076789
2646943
3212529
3054165
2827931
2624320
2556449
2556449
2556449
2624320
2058526
2606207
2190724
2662863
2455122
2341809
2643978
1982983
2096297
2285152
2474008
2417351
2096297
2568436
2228496
2115182
2591257
2670988
2252400
2571324
2132804
2312199
2352064
2631123
2710853
2810517
2232468
2750719
2451728
2770652
2830450
2790585
625940
615762
590318
712453
580140
534339
676830
575051
631029
687008
687008
585229
707364
549606
692097
539428
2134424
1757761
2212896
2024564
1804844
2103036
2055953
2212896
1773455
2259979
1946093
2134424
2212896
1883316
1694984
1836233
585818
702981
601100
733546
708075
702981
585818
570535
657135
713169
713169
631664
621476
590912
560347
555253
437773
507507
468766
523003
406780
437773
553996
499758
441647
561744
480388
495884
472640
441647
519129
546248
1161447
1241547
1281597
1271584
1331659
1121397
1061322
1401747
1131410
1181472
1381722
1291609
1191485
1311634
1431784
1421772
1316099
1160726
1325239
1124168
1188145
1051051
1151587
987074
1151587
1160726
1160726
1270401
977935
1069330
1023632
1306959
389158
504853
396170
466288
413699
399676
382146
389158
469794
371628
445253
410193
504853
413699
382146
476806
1304847
1112661
1163236
1102545
1355423
1122776
1223927
1203696
1304847
1183466
1395883
1092430
1284617
1426229
1244157
1193581
700435
722848
672417
711641
633193
795694
633193
599572
661210
700435
644400
683624
605175
722848
621986
689228
1459660
1421582
1713514
1497738
1688129
1738899
1764285
1662743
1840441
1599280
1688129
1345426
1421582
1370811
1611972
1700821
3694131
3668116
3407966
3069771
3433981
3329921
3329921
2939696
2757591
3433981
2913681
3381951
3590071
3329921
2783606
3277891
1648293
1507413
2042757
1760997
1591941
1648293
1521501
1690557
1704645
1732821
1845525
1493325
1479237
1760997
1620117
1676469
37797
30447
37534
33597
28872
30710
29660
37009
35434
37534
32285
37272
33859
27822
37797
32810
689223
796171
701106
730814
736755
766463
730814
629807
742697
641690
665456
808054
635749
861529
677340
754580
3420468
2969156
2945403
3064169
3040416
2636610
2945403
2921649
3159182
2826636
2636610
3420468
3206688
2660364
3444221
2565351
1038674
1160321
1179036
1300682
1235180
1019959
1310040
1225823
1066747
1272610
982530
1207108
1347469
1188393
991887
1113534
2309557
2358351
1935474
1919209
2260764
2098119
2179441
1984267
1886680
2342086
1805358
2146912
2260764
1902945
2325822
2228235
3171872
3374872
2994247
2968872
2740497
3146497
3197247
3070372
3501747
2968872
2994247
3070372
3019622
3450997
3247997
3450997
2153313
1649346
2092227
1771520
2000596
1878422
1924237
2199129
2000596
1710433
1771520
1832607
2000596
2107498
1740977
1817335
1030596
966683
950705
958694
1022607
894781
1158422
1094509
966683
1070542
846846
1110487
990650
1046574
918748
1118476
464491
493297
471693
439286
464491
514901
468092
471693
446488
489696
496897
378074
428484
396078
478894
511300
2796295
2426198
2446759
2241149
2590686
2734613
2282271
2302832
2878540
2878540
2426198
2158905
2179466
2981345
2405637
2179466
954303
972308
1017323
972308
1044331
1287408
1305414
981311
1116354
1152366
1089346
1296411
1125357
1197380
1125357
1161368
265593
258350
289738
294567
275251
289738
296982
328370
347686
306640
342857
255935
316298
318712
325956
282495
1399609
1039987
1351011
1214938
1321853
1127463
1273255
1282975
1282975
1380170
1117743
1059426
1234377
1263536
1214938
1389889
115107
122190
109794
98283
109794
100054
104481
103596
115992
115107
94742
96512
108909
123076
118648
96512
2726180
2746833
2251163
2498998
2953361
2891403
2974014
2375081
2560957
2333775
2622915
2912056
2333775
2850097
2850097
2271816
3669694
3191038
3403774
2951710
3430366
3058078
3776062
3270814
3669694
3164446
3191038
2871934
3377182
3430366
3164446
3696286
256111
238894
269025
277633
266872
271177
249655
232437
230285
269025
266872
275481
303460
288394
266872
303460
1354380
1354380
1205000
1294628
1214958
1434049
1105413
1364339
1175124
1404173
1105413
1065578
1254793
1334463
1125330
1244835
3008953
2857423
2597658
2879070
2272950
2467775
2727540
3052248
2727540
2879070
2446127
2922365
2835776
2900718
3095542
2900718
438883
426775
357160
411642
317811
390454
429802
369267
411642
381374
420722
345052
354133
414668
348079
357160
2514217
2786025
2876627
2808675
3035181
3012531
3080482
2967229
2491567
3125784
2740723
2672771
3261687
2672771
3012531
2853976
1897178
2300119
2081859
1964335
2350486
2031491
2132227
1981124
2283329
1762864
2199383
2132227
2333697
2232962
2098648
1779654
2399595
3048135
3134607
2810337
2918427
3134607
2831955
3134607
2896809
2421213
2615775
3069753
2269887
2788719
2745483
2745483
3115183
2952450
2859459
2836212
2626983
2533992
2673478
3184926
3138431
3347660
2998945
3254669
2812964
2859459
2905955
3045440
2706853
2314555
2844157
2706853
2471474
2059562
2275326
2491089
2804927
2628393
2294940
2334170
2255711
2530319
2844157
2589164
1084481
1002461
1038915
1275860
1048028
1275860
1093594
956895
1120934
1066254
1139161
1048028
993348
1239407
1075368
1157387
2804866
2764216
2357713
2845516
2439014
2499989
2642265
2174787
2540640
2215438
2154462
2926817
2723566
2926817
2256088
2804866
2054290
2689253
2185018
2185018
2427798
2558525
2539850
2241044
2334421
2072966
2259719
2072966
2483824
2502499
2633227
2016939
2683074
2501171
2660336
2569384
2637598
3092357
2478433
2660336
2751288
2683074
2387481
3046881
2910453
2501171
2478433
2523909
1928372
1778991
1425909
1643190
1683931
1874052
1955532
1439489
1941952
1724671
1969113
1602450
1711091
1480229
1575290
1439489
2646415
2109729
1943172
2257780
2183755
2516870
2368819
2368819
2516870
2350312
1961678
2498364
2091223
2516870
2368819
2461351
1741570
1869392
2029169
2204923
1677659
2188946
1725592
1821458
2268834
2125035
2252857
2093080
2045146
2045146
2156990
2268834
735482
672079
862290
893992
893992
849609
716461
722802
678419
887651
855949
729142
843269
748163
906672
678419
3537434
3098482
3305048
2917737
3718179
2736993
2891917
3356689
3046841
2711172
3201765
3434151
3744000
3356689
3175944
3175944
482419
603024
536022
522621
647693
594091
562823
580690
500287
536022
553889
522621
567289
594091
562823
500287
2619760
3096080
3429504
2810288
3215160
3405688
2929368
3143712
3096080
3429504
3286607
3310424
3000816
3429504
3000816
2691207
2405768
2736837
2780980
2538196
2626481
2560267
2427839
2582338
2383697
2957550
2494053
2692694
3067906
2317483
2758908
2538196
313100
247777
238767
256787
263544
270302
243272
261292
313100
281565
324362
306342
308595
295080
241019
286070
266476
212435
255295
234797
253431
210572
225479
236660
244114
231070
238524
234797
270203
231070
251568
225479
1841040
1963776
1581931
1554656
1881952
1459195
1786491
1691030
1895590
1609206
1868315
1609206
1650118
1813766
1609206
1881952
1723002
1892477
1963092
2019584
1864232
1963092
1553526
1835986
1638264
1666510
1595895
1511157
1511157
1765371
1553526
1850109
882456
737678
772149
854879
903138
882456
896244
806620
972080
868667
882456
937609
923821
841091
772149
903138
537231
473559
469579
453661
425805
485497
521313
457641
533251
485497
557128
509374
517333
477538
441723
437743
3542283
3644958
3028908
3413939
3516614
2977571
3054577
3490945
3311264
2874896
3465277
2772221
2874896
3696295
3208590
2926234
2664135
2409475
2076458
2566189
2174404
2840438
2664135
2840438
2644546
2605367
2409475
2272350
2624956
2311529
2076458
2252761
2737218
3128249
3421523
3299325
2590581
3177128
3494841
3103810
3152689
2957173
3274886
3494841
2566142
2834976
3421523
2834976
3012147
3078591
2679924
3122887
2967850
2436295
3189332
3078591
2369850
2524887
2347702
2702073
3145035
3211480
3100739
2790665
906199
1042848
978120
783934
848663
884623
1014080
963736
877431
913391
1035656
906199
877431
999696
920583
769550
1412109
1785119
1625258
1851728
1811763
1718510
1918337
1798441
1505362
1665223
1838407
1825085
1931659
1745154
1651901
1532005
1590401
1394482
1302285
1233137
1244662
1624975
1302285
1417531
1336859
1463630
1498204
1244662
1382958
1590401
1601926
1601926
2514946
2298818
2063042
2063042
2632834
2063042
2338114
2652482
2298818
2180930
2063042
2397058
2220226
2672130
2514946
2279170
2994811
3294292
3271255
3340366
2487997
2603182
3225181
2833552
3133033
2603182
3248218
3086959
2649256
2557108
3225181
2534071
1272601
1391908
1322312
1173179
1053873
1193064
1133410
1411792
1063815
1411792
1193064
1322312
1421734
1073757
1431676
1372023
3296640
3081642
2794977
2723311
2747200
3248863
2986087
3009976
2747200
3344418
2747200
3009976
3296640
3296640
3033864
2723311
2572836
2509046
2679151
2296415
2657888
2785467
2466520
2998098
2338942
2721678
2572836
2423994
2509046
2764204
2657888
2487783
1740640
1572191
1614303
1838902
1852939
1698527
1993313
1698527
1866976
1516041
1572191
1951201
1516041
1544116
2021388
1502003
916640
718263
985046
779828
725103
991887
944002
800350
991887
855075
827712
834553
800350
855075
861915
875596
999386
964443
782736
887567
985409
1006375
971432
761770
768759
943477
943477
873590
1013364
866601
1006375
894556
2522770
2260401
2341130
2825502
2199855
2159491
2240219
2684227
2280584
2260401
2159491
2542952
2482405
2664045
2664045
2724591
2152468
1861156
1731684
2217203
2265755
2314307
2265755
1715500
1812604
1731684
2281939
2330491
1828788
2022996
1974444
2265755
864312
786284
846305
750271
702253
792286
678245
834301
870314
846305
732264
858310
678245
792286
828299
750271
715750
704298
629860
652764
721476
664216
624134
641312
755832
687120
618408
778735
669942
738654
710024
664216
2130856
1743427
2098570
2292284
1937142
2276141
1807999
2050141
2098570
1840284
1888713
2259999
1937142
2098570
2114713
2292284
1675290
1689488
2001830
1618501
2001830
1504922
1973435
1973435
1504922
1717882
1490724
2058620
1547514
1547514
1618501
1646896
3576250
3524420
3368931
2876549
3679910
2850634
2721060
2850634
3317102
3109783
3317102
3628080
3265272
3135698
3602165
3628080
2297965
2260600
2559523
2447427
2578205
2690301
2596888
2241918
2522157
2148504
1980360
2073774
2447427
2297965
2522157
2708984
3480824
3430740
2779650
2829734
2904860
2654441
3455782
3080153
3155279
2904860
3205363
3230405
3080153
3255447
2754609
3255447
1445034
1829493
1683664
1392006
1537835
1856007
1670407
1829493
1696921
1643892
1736693
1683664
1630635
1683664
1909036
1405263
2481612
2705364
2522295
2888434
2400248
2278202
2705364
2644341
2257860
2339225
2196837
2176496
2196837
2624000
2400248
2542636
1893211
2082532
1962055
2030899
1962055
2151376
2116954
2151376
1858789
1858789
2151376
2254642
2289064
1841578
2306275
2495596
2879915
3351174
2958458
3508260
2932277
3089363
3691528
2801372
3246450
2827553
2801372
3482079
3298812
2775191
3429717
3141726
2386973
2447149
2627676
2627676
2627676
2768086
2166328
2667793
2266621
2407032
2366914
2386973
2126211
2286680
2547442
2266621
193766
166937
198237
211652
187804
216123
159484
208671
216123
186313
213142
160975
205690
169918
208671
162465
897000
837694
963719
926653
978546
822868
934066
1074918
956306
904414
1008199
963719
1052678
1060091
1037852
822868
1214908
1090547
1186210
1100114
1234041
1348835
1205342
1023584
1004452
1281872
1147945
1358401
1291438
1214908
1023584
1310570
2123816
1686560
2248747
2030119
1889572
1998886
1998886
1889572
2186282
1920804
2170665
1858339
1811490
2045735
2014502
2264363
3053028
3168673
3122415
2659835
3029899
2867996
2451674
3353705
2937383
2428545
2451674
2983641
2544190
2521061
3122415
3099286
1177356
1075380
1019757
1242249
1205167
1038298
1149544
1297872
1186626
1038298
1047568
1334954
1121732
1093921
973404
982675
383405
487665
450670
467486
403585
484302
487665
417038
484302
417038
353137
454033
413674
373316
366589
427127
1921255
1818592
1994585
2009251
1935921
2023917
1539937
1554603
1627933
2023917
1627933
1598601
1613267
1774594
1950587
1539937
1981885
2416012
2623638
2057385
2623638
2151761
2283887
2019635
2397137
2529263
2585888
2378262
2510388
2340512
2057385
2000760
2945996
2522112
2458529
2988385
2649277
2628083
2352558
2882413
2310169
2225393
2670471
2776442
2649277
3030773
2352558
2903608
3107019
2428726
2997617
2647530
2844454
2910095
2319324
3041378
2778813
2800693
2450607
2450607
2778813
2560009
2778813
2888215
542808
666607
614230
661845
504716
618992
642799
599946
499955
504716
595185
585662
576139
599946
671368
647561
2539611
2711788
2604177
2345912
3034620
3077664
2690266
3099186
2797876
2754832
3056142
2388956
3099186
2776354
2797876
3120708
1092411
1174857
1113023
1308832
1401584
1236692
1226386
1246998
1329444
1123328
1236692
1380973
1164552
1102717
1205775
1277915
1186857
1221509
1143541
1247499
1143541
1013593
1212846
1108888
1065572
970277
1230172
1238836
1048245
1048245
1152204
1108888
335417
326100
385109
360263
326100
447223
422377
450329
394426
388215
388215
357157
375792
400637
409955
428589
2991568
2948212
2427939
2753109
2406261
3078280
2688075
2644719
3121636
2774787
2839821
2276193
2297871
2427939
2492973
3034924
310099
324068
310099
298924
377148
388322
396703
382735
405085
338036
360386
377148
298924
343623
388322
318480
2766807
2060388
2178125
2825676
2138879
2688316
2060388
2080011
2276239
2236993
2158502
2295861
2511712
2531334
2119257
2197748
1269666
999525
1125591
1161610
1161610
1107581
1197629
1197629
1107581
1071562
1116586
1098577
1080567
1017534
963506
954501
2488842
2604602
2238028
2662482
2508135
2585308
2546722
2392375
2141561
2701069
2546722
2218735
2546722
2623895
2566015
2353788
251885
201132
251885
242486
221809
259404
197372
216170
251885
201132
234967
219929
206771
268802
223689
244366
1877881
2125903
2161334
2143619
2072755
2285345
2427072
2409356
1913312
2108187
1984176
2373925
2320777
2125903
2497936
2055039
1765780
2326869
1930806
1732775
1963811
2392879
1996817
1815288
1749277
1831790
2062827
2112335
1881298
1996817
1881298
2392879
1149266
1125156
884051
980493
1093008
1109082
843867
859940
1060861
1125156
1060861
964419
892088
996566
908161
900124
238415
234080
255754
307772
262256
260089
314274
312107
270926
275261
286098
234080
251419
277428
270926
312107
3133746
2898715
3185975
3316547
3708266
3342662
3760495
3603807
3656037
3421006
3238204
3577693
2898715
3499349
3029287
3708266
2242464
2275686
1810582
2176021
1827193
2375351
2059745
2242464
2043134
1793971
2159410
2342129
2342129
1827193
2142799
2358740
3727788
2835219
2808967
2887723
3517772
3150243
3570276
3754040
2913975
3675284
3622780
3071487
3150243
3176495
2940227
3675284
2510988
2635500
2967531
2344972
2863771
2448732
2220460
2739260
2552492
2863771
2199708
2739260
2718508
2780763
2531740
2490236
2682890
2349841
2053798
2016793
2590376
1998290
2220322
2368344
1961285
2405349
1961285
2331338
2664387
1942782
2164814
2257328
1949464
2197577
2569748
2197577
2126688
2002631
1931741
2215300
2250744
2498858
2091243
2374801
2321634
2126688
2552025
1860852
2764150
3346076
3346076
3273335
3224841
2982372
2885384
3055113
2836890
3394570
2739903
3006619
3273335
2715656
3176347
2618668
2320608
2001104
2219712
1900207
1765680
2118816
2286976
1866576
2085184
1950655
1917024
1883392
2169264
1832944
1950655
2135632
1463857
1090321
1352806
1060034
1130703
1372997
1060034
1312424
1322519
1150894
1423475
1231659
1282137
1231659
1231659
1272041
2249362
2186443
1683089
1919036
2265092
1919036
1746008
2107794
2029145
2060605
1651630
1887577
2060605
1793198
2186443
2029145
552997
455409
552997
504203
431012
439145
536733
483873
524534
573328
569262
500137
443211
443211
573328
524534
2848301
3079244
3156225
3181885
3079244
3104904
3464149
3053584
2899621
3027923
2694338
3464149
2745659
3489810
3130565
3002263
1014624
755571
1000232
791551
964253
813138
820334
993036
971449
777159
834726
993036
870706
856314
791551
985841
917273
924981
932689
1117686
1109977
1048312
1109977
1079145
840191
1086853
978938
955814
1079145
1032896
878732
963522
1661186
1491143
1491143
1412662
1765828
1739667
1870470
1857389
1805068
1726587
1425742
1739667
1818149
1765828
1491143
1582705
3128506
3499685
3552711
3048968
3261070
3764813
3791326
2889891
3552711
3552711
3473172
3711787
3420147
3844351
2916404
3473172
1865988
1762321
1593864
1554990
1814155
1490198
1814155
1645697
1464282
1373574
1775280
1865988
1827113
1542031
1490198
1632739
1574180
1677405
1716114
1690308
1445149
1741921
1509665
1625793
1677405
1393536
1780630
1419343
1793533
1638696
1793533
1612890
2363312
2542050
2244154
2124995
2462611
2700928
2561910
2760508
2839947
2363312
2720788
2442751
2581770
2105135
2839947
2244154
788278
917269
809777
902937
859940
1031928
831275
859940
766780
824109
960266
859940
1024762
867106
996097
917269
2228879
2386831
2176228
2439481
2404381
2404381
2351730
2158678
2474582
2053376
1895424
1912975
2176228
1912975
2158678
1860324
2391106
2090004
1948309
2036868
2479666
1912885
2373394
2267123
1966020
1948309
2072292
2568225
2550513
1983732
2426530
2532801
1232636
1339822
1382696
1404133
1554194
1179043
1146888
1500601
1350541
1350541
1168325
1489882
1318385
1254073
1382696
1329103
