111353
100884
101836
107546
104691
112305
104691
111353
101836
111353
104691
106594
102787
109450
111353
102787
1190393
1278570
1289592
1190393
1300614
1168348
1289592
1212437
1168348
1289592
1190393
1256526
1278570
1267548
1179371
1190393
2018975
1849313
1849313
1815381
1849313
2002009
1832347
1968076
1798415
1900212
1900212
1968076
1798415
1934144
2002009
1866279
2021605
2116964
2059749
2078820
2193251
2288610
2193251
2155107
2269538
2174179
2097892
2250466
2155107
2078820
2269538
2116964
282713
261150
268338
280317
275526
263546
261150
265942
265942
273130
280317
261150
268338
282713
273130
275526
1224828
1325961
1269776
1281013
1269776
1292250
1179880
1191117
1303487
1325961
1224828
1348435
1236065
1202354
1348435
1213591
2655682
2632386
2609091
2585796
2702273
2632386
2562500
2655682
2539205
2515909
2632386
2795455
2492614
2678977
2492614
2795455
993472
901639
976775
1001821
985124
968427
893290
918336
976775
909987
993472
1001821
884942
985124
960078
985124
631285
653435
647898
625747
598059
658973
614672
603597
598059
620210
631285
592522
592522
614672
658973
592522
1591966
1548940
1534598
1721044
1505914
1548940
1534598
1520256
1505914
1692360
1706702
1606308
1692360
1649334
1606308
1634992
2166665
2001411
2019772
2093218
2129942
2111580
2148303
1946326
2111580
2001411
2074857
1964687
2111580
2074857
2203388
2185026
1781997
1734265
1909282
1781997
1829729
1877461
1718354
1893372
1797907
1909282
1750175
1829729
1909282
1829729
1877461
1686533
2779672
2878067
2656677
2656677
2902666
2755073
2607480
2632079
2853468
2607480
2927265
2730474
2755073
2656677
2902666
2853468
88377
89203
91681
99115
93333
99115
94159
91681
89203
87551
97463
87551
98289
90855
94985
94159
981523
1093697
1084349
1046958
1028262
1000218
1018914
1018914
1000218
1056305
1046958
1075001
1065653
1046958
981523
1112392
311581
334037
331230
320002
320002
305967
300353
300353
305967
325616
305967
308774
300353
336844
334037
334037
2057817
2148072
2003664
1949511
2039766
2130021
2039766
2075868
2148072
2166123
1913409
2021715
1931460
1913409
1913409
1949511
2789373
2693187
2765326
2693187
2741280
2693187
2669141
2813419
2597002
2717234
2861512
2621048
2765326
2837465
2861512
2572956
1632112
1603479
1703696
1531895
1646429
1517578
1646429
1560529
1689380
1632112
1675063
1675063
1703696
1660746
1718013
1675063
1375297
1350291
1375297
1475318
1462815
1487821
1387799
1325286
1450313
1400302
1412805
1487821
1437810
1362794
1325286
1362794
1309183
1261140
1273151
1345216
1393259
1405270
1381248
1381248
1417281
1297172
1405270
1261140
1333205
1345216
1381248
1321194
1004999
1022945
960133
951160
987053
1067811
1022945
1067811
1040892
1067811
1040892
1076785
1040892
1013972
978079
987053
2535034
2655750
2607464
2848896
2728180
2728180
2655750
2583321
2559178
2873039
2824753
2800610
2776466
2679894
2848896
2679894
2885312
2885312
2885312
2759863
2659505
2784953
2885312
2684594
2634415
2985670
2759863
3010760
2634415
2910401
2659505
2910401
2564913
2474120
2701103
2519516
2406025
2496818
2496818
2723802
2633008
2564913
2633008
2496818
2655706
2701103
2610310
2633008
1544068
1614253
1515994
1684438
1558105
1684438
1515994
1586179
1487920
1572142
1642327
1670401
1656364
1487920
1558105
1642327
2959632
3089441
3037517
3037517
2959632
2959632
3089441
2803862
3089441
2907709
2829824
2985594
2907709
3011556
3011556
3115402
3048554
3075063
2889499
2969027
2836481
2969027
3154591
3181100
2942517
3022045
3075063
3181100
2969027
2942517
2783462
2809972
1738662
1618754
1648731
1798616
1573789
1693697
1573789
1648731
1768639
1648731
1678708
1753650
1648731
1798616
1663720
1693697
269828
274825
267329
277323
294812
272326
264831
282320
262333
292313
284818
299809
267329
282320
292313
292313
1711429
1759866
1872884
1759866
1889030
1727574
1905176
1824448
1776011
1921321
1792157
1711429
1856739
1905176
1776011
1840593
1898865
1953118
2079709
2043540
1935034
2043540
2170131
1898865
2170131
1916949
2133962
2061625
1898865
2152047
2170131
1916949
2578229
2403434
2600078
2447132
2447132
2621928
2490831
2425283
2512681
2403434
2600078
2468982
2381584
2490831
2512681
2621928
2409363
2409363
2592934
2455256
2547041
2432309
2707665
2478202
2707665
2592934
2409363
2524095
2661773
2478202
2524095
2730612
1433493
1361818
1409602
1325981
1254306
1373764
1302090
1325981
1325981
1254306
1397656
1385710
1397656
1421547
1337927
1421547
2917309
2674200
2868687
2649889
2552645
2674200
2892998
2722821
2844376
2747132
2649889
2892998
2917309
2722821
2722821
2674200
2986088
2702924
2780151
3011830
3037572
2805893
2857377
2805893
2857377
2986088
2805893
2754408
2908861
2831635
2702924
3063314
2595475
2708322
2618044
2618044
2663183
2414920
2685752
2437489
2595475
2527767
2414920
2640613
2640613
2460059
2482628
2460059
1182006
1182006
1235733
1182006
1267970
1257224
1149769
1235733
1203497
1246479
1235733
1246479
1203497
1257224
1171260
1224988
1858651
1960962
1978014
1824547
1995066
1807496
1978014
1824547
1909807
2046222
1841599
1790444
1960962
1909807
1995066
1875703
490908
512629
490908
473530
521318
512629
508285
464842
490908
516974
490908
477875
512629
508285
473530
460497
1394776
1394776
1486023
1394776
1381740
1499058
1368705
1446917
1564234
1446917
1551199
1564234
1551199
1512093
1407811
1486023
2524002
2643058
2785926
2833549
2619247
2690681
2595436
2571624
2738304
2643058
2595436
2762115
2785926
2738304
2762115
2690681
602113
585840
634660
607538
596689
591265
634660
602113
640085
645509
623811
591265
596689
645509
596689
612962
1485303
1566320
1606828
1579822
1620331
1539314
1566320
1606828
1512309
1525811
1471800
1431292
1539314
1444795
1498806
1566320
2357669
2464836
2529136
2443403
2486269
2293369
2529136
2250502
2293369
2357669
2293369
2486269
2421969
2271936
2379102
2443403
763131
763131
777006
783944
832507
783944
749256
728443
783944
777006
811694
783944
797819
777006
749256
763131
325453
331064
314230
311424
317036
333869
311424
325453
328258
319841
305813
297396
297396
317036
308619
303008
1192920
1152822
1052576
1162846
1152822
1102699
1182895
1102699
1162846
1102699
1052576
1122748
1062601
1112723
1052576
1062601
1548246
1647675
1619267
1519838
1605063
1548246
1676083
1704492
1704492
1619267
1647675
1633471
1519838
1661879
1676083
1704492
312061
347058
332476
335392
329559
332476
317894
335392
341225
323727
344142
338309
309144
309144
335392
320810
1372432
1503140
1503140
1450857
1503140
1437786
1490070
1450857
1568494
1542353
1372432
1555424
1450857
1516211
1516211
1424716
1546544
1587969
1505118
1643203
1449885
1532735
1587969
1491310
1505118
1449885
1560352
1615586
1574161
1587969
1587969
1546544
1789411
1789411
1757169
1741048
1886135
1757169
1853894
1821652
1724927
1837773
1918377
1724927
1918377
1918377
1934498
1837773
1365995
1248236
1271788
1295340
1377770
1413098
1365995
1342443
1330667
1389546
1365995
1413098
1248236
1271788
1401322
1236461
2560690
2489560
2631821
2821501
2774081
2608111
2655531
2821501
2608111
2489560
2631821
2821501
2513270
2679241
2513270
2845212
610509
589274
637053
615818
599892
626436
605200
573348
637053
615818
621127
589274
594583
637053
637053
589274
1563219
1455411
1495839
1414983
1428459
1441935
1590171
1576695
1522791
1441935
1509315
1495839
1576695
1522791
1522791
1563219
2634001
2515352
2634001
2847568
2705190
2539082
2728920
2610271
2847568
2823839
2539082
2776379
2610271
2728920
2634001
2657730
1745760
1862144
1762386
1795639
1862144
1912023
1895397
1912023
1928649
1945275
1978528
1828891
1995154
1961902
1995154
1828891
1675562
1770405
1691369
1833634
1817826
1659754
1659754
1896862
1722983
1770405
1691369
1707176
1865248
1881055
1833634
1707176
1083745
1161156
1016011
1132127
1122450
1132127
1025687
1093421
1025687
1161156
1016011
1083745
1083745
1103098
1083745
1045040
1166827
1285671
1285671
1264063
1134415
1253259
1210043
1242455
1285671
1242455
1242455
1177631
1220847
1199239
1220847
1145219
226632
226632
211002
207095
226632
228586
234447
218817
205141
214910
212956
234447
234447
209049
234447
216864
1793318
1713259
1809330
1793318
1761294
1857365
1729271
1681235
1777306
1777306
1841353
1745282
1905400
1745282
1745282
1713259
2116181
2078392
2078392
2172865
2002814
2248443
1983920
2002814
2021709
2040603
2172865
2248443
2248443
2002814
2229548
2191759
2686296
2763048
3044469
2890967
2839799
3018886
3070053
2814215
3070053
2711880
3044469
2865383
3018886
2763048
3044469
3044469
2131488
2131488
2076363
1966114
1966114
2076363
2186613
2076363
1947739
2021239
2204988
2204988
1947739
2149863
2131488
2021239
595886
601507
623994
652102
623994
607129
646480
640858
652102
623994
657723
652102
595886
635237
635237
640858
2646992
2418803
2418803
2418803
2692630
2578535
2646992
2510079
2532897
2715449
2646992
2601354
2578535
2441622
2669811
2646992
364091
394432
394432
384319
387690
404546
397803
391061
357349
380947
353978
353978
394432
384319
357349
370834
1885089
1759416
1853671
1680871
1696580
1649453
1869380
1790835
1775126
1743707
1665162
1712289
1790835
1649453
1759416
1885089
2003734
2153546
2228452
2041187
2247178
2190999
2209725
2116093
2247178
2078640
2003734
2059913
2078640
1966281
2041187
1985007
191856
178392
185124
193539
185124
200271
200271
186807
195222
180075
198588
200271
193539
181758
200271
198588
460428
439873
472761
456317
431651
452206
435762
489205
435762
460428
448095
448095
485094
468650
489205
493316
2575993
2575993
2488671
2575993
2314027
2532332
2466840
2401349
2488671
2445010
2466840
2466840
2357688
2335858
2401349
2575993
2264751
2306691
2411540
2327661
2495420
2453480
2201841
2201841
2390570
2495420
2390570
2390570
2453480
2285721
2432510
2348631
2878999
2728791
3004173
2628651
2753825
2653686
2778860
2853964
2979138
2753825
2979138
2653686
2653686
2678721
2904034
2954104
689372
671993
671993
660407
608270
654614
614063
677786
608270
677786
689372
637235
648821
660407
671993
660407
2302972
2281246
2520234
2281246
2520234
2368151
2302972
2498508
2389877
2455056
2324699
2563686
2281246
2563686
2346425
2433329
2822993
2876257
2929521
3115945
2796361
3195841
2982785
2849625
3195841
2876257
3195841
3142577
3142577
2849625
3036049
3169209
1915446
2150359
1915446
1969657
2023868
2041938
2023868
2023868
2041938
1933516
2150359
1969657
2168430
2132289
1915446
2005797
1898464
2055218
1828796
2020384
2055218
1863630
2037801
1828796
1828796
2037801
2020384
1846213
1950716
2037801
2020384
2055218
787238
707180
733866
753880
787238
733866
727194
787238
707180
740537
700508
707180
727194
793909
720523
787238
2606267
2825486
2752413
2874201
2581909
2654982
2581909
2679340
2703698
2728055
2581909
2849843
2801128
2557552
2874201
2801128
915743
890539
991355
915743
940947
940947
890539
949349
924145
915743
1008158
982954
924145
999757
966151
907342
396701
393221
368863
414100
389742
403661
414100
400181
389742
407141
379302
382782
389742
365383
417580
414100
1562307
1562307
1753911
1709694
1709694
1606523
1709694
1739172
1562307
1694956
1724433
1709694
1768650
1562307
1621262
1650740
2066157
2014069
1944619
2083520
1996707
1927256
1892531
1875168
2014069
2048795
1840443
1996707
1823080
1875168
1927256
1892531
2144835
2262899
2361286
2085803
2361286
2105480
2085803
2341609
2282577
2243222
2341609
2302254
2164512
2282577
2066125
2262899
2575623
2488314
2357350
2422832
2313695
2466487
2357350
2357350
2531969
2575623
2488314
2335523
2553796
2597451
2575623
2553796
862669
952191
895222
968468
952191
944053
952191
968468
862669
911499
878946
927776
919638
903361
935914
895222
839223
811249
818243
776281
797262
825236
811249
755301
790268
769288
790268
741314
741314
797262
734320
734320
2149245
1999732
2037110
2186623
2074488
2242690
2186623
2167934
1999732
1962354
2242690
1981043
2167934
2242690
2224001
2093178
3035143
3009638
2882111
2831100
2856605
3060649
2703573
2703573
2958627
2729078
2729078
3009638
2754584
2856605
3009638
2805595
1342824
1482174
1418833
1393497
1520179
1342824
1330156
1494842
1406165
1342824
1507511
1355493
1393497
1406165
1520179
1482174
2011762
2104045
2196328
1937936
1937936
2048675
2196328
2140958
2011762
2030219
2196328
2177871
2048675
1993306
2196328
1956393
1800986
1816249
1724673
1739936
1678886
1831512
1678886
1724673
1663623
1816249
1648360
1739936
1770461
1648360
1800986
1831512
2257155
2443526
2402110
2319279
2257155
2236447
2422818
2464234
2277863
2298571
2298571
2484942
2402110
2195032
2277863
2402110
2847772
3054883
2718328
3028994
2977216
2899550
2847772
2873661
2718328
3028994
2795994
3080771
3003105
3028994
3028994
2847772
1541887
1698932
1684655
1584718
1541887
1598994
1513334
1541887
1656101
1684655
1670378
1670378
1541887
1584718
1556164
1627548
2555111
2739263
2624168
2716244
2463035
2440016
2762282
2670206
2601149
2463035
2509073
2578130
2647187
2509073
2509073
2647187
866858
874331
807075
859385
896750
792129
807075
799602
881804
792129
889277
881804
784656
844439
851912
859385
1611013
1762995
1762995
1595815
1778194
1702202
1641409
1778194
1702202
1793392
1656608
1641409
1793392
1717401
1762995
1671806
122959
127471
135368
134240
122959
120703
134240
131984
128599
135368
130856
119575
128599
126343
120703
133112
1997164
2033476
2124256
1924540
1924540
2160568
2015320
2160568
1997164
2087944
2015320
1906384
1979008
2015320
1924540
2106100
1328912
1351629
1226688
1192614
1328912
1260763
1192614
1238047
1260763
1192614
1260763
1317554
1260763
1226688
1294838
1203972
1448952
1412424
1339367
1375895
1436776
1363719
1436776
1388071
1412424
1388071
1424600
1448952
1363719
1375895
1351543
1375895
2372386
2478296
2372386
2457114
2224112
2393568
2372386
2393568
2245294
2457114
2287658
2499478
2478296
2457114
2266476
2330022
2878611
2674816
2955035
2878611
3056932
2980509
2853137
3031458
3056932
2751239
3005983
2802188
2674816
3031458
2802188
2725765
663462
619231
613702
602644
602644
591586
646875
608173
591586
602644
586058
624760
652404
652404
646875
602644
536875
532247
555388
504478
518362
499849
518362
527619
541504
518362
541504
550760
509106
532247
522991
522991
2286397
2114917
2286397
2057757
2267343
2095864
2153024
2114917
2019650
2019650
2172077
2153024
2229237
2229237
2248290
2248290
2178630
2141388
2011043
2141388
2215871
2160009
2048284
2048284
2234492
1973801
2197250
2215871
2178630
2085526
2029663
2197250
1513896
1609367
1472980
1595729
1541174
1541174
1623006
1568451
1445703
1582090
1609367
1527535
1486619
1513896
1568451
1554812
1275003
1286809
1298614
1322226
1334031
1251392
1286809
1322226
1357642
1322226
1369448
1393059
1275003
1251392
1263198
1275003
923656
850736
858838
891247
899349
915554
850736
883145
850736
875043
915554
964167
923656
891247
858838
915554
739438
745652
745652
683514
714583
677300
683514
733224
733224
677300
727011
702156
671087
671087
652445
677300
2047394
2011787
1887163
2011787
1958377
2047394
1958377
2083001
2047394
2065197
2118608
1976180
1993984
2047394
2011787
2047394
884420
940194
892388
900355
892388
916291
868484
924258
876452
884420
836613
844581
932226
900355
892388
916291
470292
423262
427181
423262
462453
438939
431101
462453
450696
470292
470292
458534
450696
435020
438939
411505
2418955
2439283
2276664
2236009
2357973
2236009
2134372
2134372
2337646
2276664
2236009
2175027
2175027
2398628
2296991
2317319
612096
628204
638943
563773
579881
617466
590619
569142
617466
606727
644312
622835
612096
644312
563773
590619
950284
958547
991600
908967
991600
875914
892440
983337
884177
908967
867650
991600
875914
942020
975074
942020
1812303
1829400
1812303
1795206
2034566
1983275
2000372
1914886
2034566
1880692
1983275
1880692
1812303
1880692
1914886
1983275
2163423
2201714
2086842
2086842
2048551
2067696
2297440
2010260
2259150
2163423
2086842
2105987
2029406
2278295
2086842
2240004
2228004
2367255
2188219
2128540
2347362
2307576
2168326
2128540
2188219
2108647
2228004
2168326
2188219
2347362
2247897
2367255
2879356
2519437
2687399
2687399
2591421
2567426
2543431
2591421
2567426
2807372
2783378
2711394
2567426
2807372
2663405
2519437
2295472
2421828
2253353
2442888
2485006
2358650
2274413
2232294
2442888
2442888
2400769
2274413
2253353
2253353
2295472
2358650
2020035
2154704
2289373
2289373
2039273
2135465
2193181
2231657
2173942
2231657
2135465
2308611
2289373
2135465
2173942
2173942
165893
178069
182635
175025
182635
162849
170459
159805
175025
173503
170459
179591
178069
168937
171981
167415
1120492
1213010
1079373
1192451
1130772
1233570
1182171
1233570
1151332
1182171
1192451
1120492
1213010
1223290
1223290
1202730
2021688
2146926
2003797
2039579
2003797
2129034
2146926
2057470
2111143
1968015
2093252
2111143
2021688
2057470
2146926
2021688
1318014
1353636
1258644
1424880
1258644
1306140
1413006
1341761
1329888
1270518
1353636
1246770
1424880
1306140
1353636
1413006
1023294
1070234
1032682
1126562
995130
1117174
1079622
1004518
995130
1126562
1013906
1089010
1079622
1060846
1070234
1117174
728323
740990
734657
671324
683991
696657
690324
734657
702990
696657
734657
677657
721990
715657
671324
753656
1258379
1258379
1235908
1202201
1235908
1213437
1269614
1202201
1235908
1258379
1190966
1235908
1337028
1202201
1190966
1179730
850429
756738
771152
771152
807187
799980
799980
864843
763945
792773
843222
850429
778359
756738
836015
756738
2212213
2396564
2150763
2273664
2458015
2232697
2458015
2212213
2253180
2417048
2294147
2253180
2396564
2396564
2314630
2335114
1294710
1342223
1354101
1294710
1259076
1401613
1247198
1306588
1389735
1294710
1425369
1377857
1413491
1401613
1259076
1259076
2499541
2638404
2707836
2592116
2661548
2684692
2707836
2430109
2476397
2730980
2568972
2730980
2453253
2545829
2453253
2754124
1485879
1652519
1624746
1499765
1666406
1499765
1652519
1596972
1583086
1499765
1624746
1555312
1541425
1652519
1541425
1541425
147573
147573
156796
143620
138350
139667
146255
138350
144938
151526
148891
148891
152843
147573
158114
148891
1871031
2025520
1888197
2042686
1819535
1836701
2008355
1991189
2008355
2042686
1922528
2025520
2025520
1853866
2008355
1905362
2205417
2245516
2305663
2105171
2245516
2305663
2305663
2145269
2345762
2305663
2305663
2165319
2305663
2385860
2245516
2305663
2138258
2193085
2138258
1937225
2193085
1955500
2065155
1973776
2138258
2193085
2193085
2046879
1992052
1973776
2193085
2083430
1843828
1993328
1976717
1893661
1860439
1877050
1993328
1910273
1910273
1810606
1777384
1793995
1843828
1877050
1843828
1843828
1514358
1640555
1640555
1598489
1514358
1668598
1626533
1668598
1598489
1612511
1500336
1556424
1570446
1542402
1500336
1640555
764586
771352
811950
764586
717222
784885
791651
737521
805183
778118
764586
744287
764586
784885
757820
784885
649691
631973
691035
649691
655598
708754
661504
661504
691035
702848
661504
708754
643785
702848
631973
702848
2474782
2474782
2371666
2392290
2247927
2268550
2206681
2309797
2247927
2351043
2351043
2309797
2454159
2165434
2371666
2289174
819726
878805
834495
849265
871420
856650
841880
886190
871420
871420
886190
871420
819726
886190
841880
864035
825786
818140
917540
917540
856371
848724
810494
833432
802847
917540
879309
902248
833432
894601
879309
825786
1084743
999105
1056197
1103773
1037166
999105
1027651
1056197
1113288
1122804
1094258
1122804
1084743
1056197
1065712
1075227
1082578
1082578
1064073
1008556
1008556
1045567
999303
1064073
1073325
1027061
971545
1064073
1045567
980797
990050
1064073
2111220
2245570
2149605
2034448
2264763
2092027
2149605
2053641
2187991
2034448
2187991
2245570
2207184
2245570
2015255
2092027
2400194
2400194
2297621
2236078
2297621
2154020
2154020
2441223
2379679
2400194
2441223
2318136
2359165
2174534
2318136
2359165
276994
274586
269768
264951
281812
279403
267360
257725
269768
286629
262542
274586
262542
252908
276994
264951
885779
951392
943190
877577
918585
926787
943190
967795
902182
967795
910384
984199
910384
975997
951392
984199
123577
128241
131738
134070
125909
135236
125909
131738
125909
129407
127075
131738
123577
123577
136402
122412
1640857
1627183
1558814
1517792
1640857
1435750
1545140
1531466
1504119
1517792
1463097
1531466
1640857
1449423
1640857
1504119
2612624
2735861
2834451
2809803
2957688
2686566
2957688
2785156
2809803
2933040
2587977
2957688
2933040
2686566
2908393
2859098
995555
970457
995555
953725
995555
928627
953725
920261
962091
886797
970457
895163
911895
903529
895163
1003921
750983
791945
757810
812427
737328
812427
764637
716847
744156
785118
716847
819254
791945
737328
791945
744156
616261
645330
633703
639516
639516
668585
622075
668585
610447
627889
686027
697654
639516
633703
662772
651144
351262
360930
344817
367375
380265
364152
357707
341594
348039
373820
341594
354484
377043
370597
380265
351262
1570646
1436403
1597495
1584070
1463251
1543797
1476676
1436403
1476676
1597495
1530373
1436403
1543797
1584070
1422978
1449827
1531464
1558812
1504116
1599833
1490443
1627181
1435747
1504116
1586159
1449421
1640854
1572485
1463095
1545138
1490443
1640854
2067203
2214860
1956460
1993374
1956460
2067203
2177946
2196403
2122574
2030288
2085660
1993374
2196403
2196403
2085660
2030288
1850599
1850599
1834222
1817845
1916107
1735960
1752337
1899730
1768714
1785091
1932484
1899730
1719583
1866976
1899730
1752337
215460
207966
206092
198598
222954
198598
198598
209839
211713
222954
207966
217334
198598
196724
211713
213586
1451171
1492242
1492242
1574384
1519623
1519623
1588074
1437481
1560694
1533313
1437481
1451171
1601765
1478552
1588074
1574384
210331
197185
208453
214087
210331
197185
223477
223477
210331
200941
217843
212209
202819
197185
206575
204697
2613198
2546193
2657868
2613198
2523858
2412183
2546193
2680203
2345178
2613198
2456853
2434518
2501523
2434518
2389848
2568528
1941505
1841940
1775564
1974693
1808752
1941505
1775564
1875128
1941505
1858534
1908316
1875128
1808752
1974693
1941505
1858534
2361066
2512694
2361066
2274421
2382727
2339405
2491033
2469372
2599339
2512694
2469372
2339405
2512694
2274421
2534355
2577678
2116588
2097169
2291352
2291352
2116588
2194261
2058333
2330188
2038915
2291352
2136006
2213679
2136006
2271934
2058333
2252515
2888708
2862684
2888708
3044854
3096903
3096903
3018830
2758586
2810635
2810635
2862684
2784610
2992806
2732562
2888708
2940757
684390
660992
696089
655142
631744
690239
655142
649293
614196
684390
690239
672691
684390
672691
649293
678540
348461
332764
361018
357879
342182
329625
361018
367296
364157
354739
351600
354739
345321
335904
329625
332764
1852890
1683041
1775686
1713923
1822008
1775686
1652160
1698482
1698482
1806567
1683041
1775686
1852890
1621278
1760245
1621278
2838171
2767217
2648960
2530703
2814520
2696263
2838171
2648960
2838171
2767217
2578005
2648960
2601657
2790868
2672611
2672611
516503
574429
564775
530985
555121
511676
521331
545466
550293
569602
564775
579256
516503
535812
550293
569602
1965364
2089306
1929952
2071600
1947658
1876834
2089306
2000776
1859128
1947658
1947658
2107012
1894540
2036188
1859128
1859128
1373444
1361999
1316217
1304772
1236099
1281881
1213209
1201763
1224654
1293326
1316217
1316217
1327662
1327662
1327662
1258990
2129690
2184768
2074612
2203128
2001174
2056252
2001174
2148049
2092971
2056252
1964455
2148049
1927737
2056252
2037893
2148049
140326
157699
145671
149681
145671
140326
147008
156363
147008
153690
153690
140326
159036
156363
144335
152354
2064087
2045981
2027875
2064087
2082193
2100299
2172723
2027875
1991663
2154617
2118405
2172723
2027875
1901133
2172723
2027875
2791453
2643234
2742047
2692641
2890266
2593828
2914969
2791453
2593828
2618531
2766750
2643234
2667938
2593828
2643234
2964375
1501402
1568429
1447781
1420970
1501402
1420970
1595240
1568429
1541618
1581834
1420970
1461186
1474591
1420970
1514807
1595240
1320493
1357516
1406880
1357516
1394539
1406880
1369857
1468586
1295811
1332834
1308152
1295811
1406880
1382198
1468586
1320493
2397835
2397835
2465698
2646667
2488319
2397835
2375214
2465698
2465698
2601425
2397835
2510940
2624046
2510940
2714530
2443077
153119
162604
146344
150409
142279
157184
153119
151764
161249
147699
142279
150409
151764
146344
162604
153119
970772
920560
1004247
912191
903822
937297
987510
987510
1004247
995878
937297
945666
928929
995878
962403
912191
216887
226928
218895
220904
222912
224920
218895
240986
240986
232953
230945
228937
232953
224920
216887
226928
959284
1046492
1020330
924401
924401
950563
1002888
1020330
985447
933122
994167
1002888
994167
941843
1020330
1002888
2846748
2846748
2750248
2822623
2701998
2629623
2557248
2894998
2581373
2557248
2870873
2726123
2701998
2726123
2846748
2846748
72634
79486
73319
78116
78801
76060
78801
79486
78116
74004
82227
75375
78116
77430
74004
74690
946730
871988
938425
996558
996558
888597
896902
988253
963339
979948
938425
938425
971644
946730
938425
988253
1633225
1706793
1721507
1765648
1633225
1647938
1559656
1765648
1647938
1721507
1589083
1633225
1574370
1765648
1692080
1574370
1264461
1116941
1253924
1264461
1211775
1253924
1116941
1190701
1180164
1222312
1169626
1243387
1253924
1106403
1148552
1159089
2029869
2066443
2157878
1956720
2121304
1920146
2011582
1920146
1956720
2157878
1938433
2066443
1975007
2029869
2157878
1975007
1968195
2004309
2004309
1932081
1968195
1932081
2112650
2040422
2076536
2076536
1895968
2148763
2148763
1986252
1895968
1950138
1633744
1705399
1619413
1590750
1691068
1719730
1662406
1648075
1633744
1590750
1619413
1533426
1519095
1619413
1648075
1719730
2901185
3138554
2848436
3112180
2874810
2795687
2795687
2953933
2795687
2769313
2822061
3164929
3059431
3085805
2901185
3006682
2364774
2178082
2219569
2302544
2406262
2385518
2261056
2281800
2406262
2468493
2344031
2447749
2468493
2489236
2406262
2364774
1094098
998959
1017987
1113126
1046529
1075070
1075070
1132154
1075070
1037015
1037015
1037015
1046529
1037015
998959
1017987
2786924
2612741
2985990
2687391
2811807
2662507
2811807
2836690
2861573
2811807
2762040
2811807
2687391
2612741
2961106
2737157
1064927
1074608
1132695
1074608
1113333
1055246
1113333
1093971
1103652
1035884
1113333
1132695
1016521
1064927
1045565
1132695
1791517
1945075
1808579
1859765
1791517
1945075
2047448
2013324
1825641
1996262
1962138
2047448
1945075
1979200
1893889
2047448
1990356
2176370
1990356
2194972
2194972
2176370
2139167
2083363
2046160
2120566
2046160
2083363
1990356
2027559
2232175
2046160
2127359
1963716
2127359
2036446
1981899
2036446
2109176
1963716
2018264
2018264
1981899
2000081
2109176
1981899
1927351
2109176
1865707
1679136
1756874
1632493
1756874
1632493
1741326
1741326
1632493
1741326
1787969
1756874
1803516
1772421
1756874
1819064
878273
885844
900987
847987
900987
900987
810131
825273
908558
900987
878273
840416
870701
810131
840416
885844
280099
292831
303016
290285
277553
277553
303016
272460
305563
290285
300470
303016
272460
290285
275006
282645
1557418
1585229
1668662
1543512
1501796
1501796
1668662
1487890
1529607
1585229
1613040
1613040
1599134
1613040
1626945
1557418
1017232
1151583
1113197
1141987
1113197
1122794
1046021
1132390
1026828
1055618
1132390
1084407
1141987
1141987
1084407
1074811
1305338
1270987
1270987
1339689
1282438
1202285
1351140
1282438
1293888
1351140
1270987
1270987
1202285
1362590
1351140
1213736
1667048
1774106
1712930
1728224
1835282
1651754
1636460
1835282
1636460
1651754
1712930
1712930
1835282
1835282
1835282
1682342
307267
304499
315572
318340
290658
321108
307267
326645
310036
332181
332181
296195
329413
329413
296195
301731
725339
640005
682672
725339
646100
688767
682672
713148
646100
670481
682672
719244
640005
640005
658291
658291
2506387
2268712
2571208
2506387
2506387
2290319
2376746
2441567
2484780
2419960
2506387
2571208
2441567
2376746
2527994
2549601
1454065
1480503
1454065
1559816
1586253
1586253
1573034
1586253
1401190
1546597
1414409
1520159
1559816
1467284
1506940
1480503
2324888
2470193
2262614
2324888
2283372
2200340
2387161
2304130
2324888
2304130
2470193
2407919
2366404
2470193
2407919
2490951
665408
671745
747791
684419
709768
665408
678082
709768
754129
709768
671745
703431
735117
760466
728780
678082
611203
657331
657331
628501
668864
628501
668864
674630
651565
680396
605437
634267
674630
628501
663098
668864
551911
526824
587033
541877
602085
571981
541877
597068
526824
546894
536859
551911
561946
597068
551911
571981
1778853
1778853
1629370
1599473
1763905
1778853
1748956
1629370
1793802
1659266
1704111
1689163
1569576
1659266
1614421
1569576
2338799
2493248
2471184
2382928
2404992
2559441
2493248
2515313
2537377
2338799
2404992
2471184
2404992
2515313
2427056
2404992
466529
454359
486813
425961
442189
462472
438132
470586
450302
430018
474643
462472
458416
466529
450302
434075
2693875
2742413
2621068
2839490
2863759
2912298
2645337
2888028
2839490
2815221
2596799
2912298
2912298
2839490
2815221
2645337
1562609
1576561
1618416
1590513
1562609
1478898
1674224
1548657
1604465
1618416
1674224
1548657
1548657
1646320
1604465
1660272
1963990
1844443
1998147
1912756
2015225
1793208
1793208
2049381
1929834
2049381
1946912
1844443
2015225
2049381
1895677
1912756
2541751
2449323
2541751
2587964
2703499
2772819
2611071
2703499
2449323
2634178
2726605
2703499
2680392
2495537
2680392
2680392
643040
666213
654627
625661
608281
654627
654627
695179
695179
643040
683592
660420
631454
672006
683592
619868
197206
185606
188920
178977
197206
192235
188920
188920
185606
190577
195549
175663
197206
190577
197206
182292
6522
6129
6297
6016
5904
6016
6522
6410
5904
6578
6185
6297
6691
6747
6635
6691
1320803
1344817
1440876
1440876
1272773
1368832
1308795
1272773
1284781
1428868
1392846
1272773
1344817
1344817
1380839
1284781
1448220
1583568
1488824
1488824
1475289
1570033
1542963
1461755
1570033
1421150
1434685
1529429
1461755
1624172
1597102
1529429
2490011
2553858
2277190
2553858
2447447
2426165
2362318
2553858
2511293
2383600
2319754
2341036
2511293
2277190
2341036
2532575
1467556
1480777
1507220
1467556
1480777
1414671
1560105
1520441
1586547
1414671
1546883
1493998
1520441
1441114
1493998
1480777
1569983
1653345
1500515
1583877
1611664
1514408
1458834
1625558
1528302
1556089
1486621
1667239
1542196
1569983
1583877
1556089
48368
45424
45004
44163
44163
47527
50051
45424
47107
45424
45424
47948
45845
45004
47527
45424
817962
817962
810389
908847
833110
886126
795241
908847
833110
848257
886126
878552
886126
810389
863405
893700
50070
48297
50070
47411
51399
47854
50070
47411
47854
49627
48297
49627
46968
50513
50513
47411
2878828
2734887
2878828
2590945
2710897
2686906
2542965
2638926
2782867
2758877
2686906
2662916
2710897
2758877
2638926
2806858
2066938
2103521
1938897
2194978
2048646
2158395
1957189
2030355
2158395
2066938
1938897
2121812
1993772
1957189
2012063
2121812
2833627
2907548
2661145
2932188
2636505
2858267
2611865
2636505
2587225
2661145
2882908
2636505
2882908
2932188
2882908
2784347
786315
718529
799872
799872
799872
725308
793093
759200
738865
718529
711750
793093
752422
806651
718529
718529
2389474
2455239
2477161
2345630
2630613
2586770
2389474
2564848
2521004
2433317
2411395
2477161
2564848
2608691
2564848
2499082
293632
288526
301292
298739
298739
293632
268099
293632
291079
301292
280866
268099
291079
288526
293632
293632
54430
58462
54934
55942
58966
52918
58462
59470
59470
56446
60478
56446
54934
55438
57454
55438
2297835
2297835
2604213
2516677
2363488
2582329
2538561
2341604
2429140
2604213
2451024
2538561
2407256
2407256
2363488
2341604
1638396
1611089
1556476
1501863
1624742
1556476
1447249
1542822
1638396
1488209
1611089
1570129
1515516
1460903
1542822
1515516
2596595
2710480
2528263
2710480
2505486
2619372
2482709
2733258
2619372
2414377
2596595
2710480
2437155
2642149
2437155
2642149
395716
425581
414381
418115
395716
447980
429314
399449
421848
433047
421848
406915
399449
403182
433047
406915
1345236
1458386
1508676
1470959
1382953
1420669
1420669
1470959
1408097
1470959
1320091
1332663
1483531
1470959
1345236
1483531
1909964
1926014
1717362
1781563
1893914
1893914
1893914
1765513
1909964
1701312
1926014
1813663
1685262
1781563
1781563
1861813
2820290
2924745
3107542
2820290
2898631
2768062
2976973
3055314
3107542
3003087
2820290
2976973
3107542
2898631
3055314
2794176
1573842
1600518
1547167
1400453
1560505
1600518
1600518
1520492
1560505
1573842
1547167
1560505
1520492
1587180
1493816
1427128
2114171
2209404
2037985
2037985
2190357
2095124
2037985
2095124
1999891
1999891
2247497
2076078
2228451
2171311
2190357
1999891
555385
565483
560434
545287
585679
595777
550336
575581
555385
590728
555385
555385
565483
560434
550336
590728
2201841
2239804
2258785
2049990
2144897
2087952
2125915
2182859
2125915
2087952
2144897
2106934
2068971
2258785
2277766
2012027
2278213
2408396
2603672
2386699
2321607
2386699
2473488
2516883
2451791
2343305
2516883
2516883
2321607
2343305
2451791
2386699
1373791
1315579
1245726
1280653
1373791
1292295
1257368
1222441
1385433
1397076
1385433
1385433
1269010
1280653
1269010
1280653
449933
419685
442371
434809
449933
438590
419685
404561
438590
442371
412123
412123
423466
431028
446152
419685
2546993
2619764
2619764
2741050
2716792
2813821
2716792
2741050
2668278
2619764
2546993
2813821
2741050
2644021
2546993
2813821
2261767
2364574
2220644
2323451
2323451
2446820
2344013
2426259
2282328
2385136
2446820
2364574
2344013
2158959
2241205
2200082
985746
935623
877146
1002453
885500
1002453
885500
927269
918915
902208
994099
960684
877146
877146
952330
943977
18328
17846
17685
17685
17042
18489
17846
18650
18811
17685
17685
18168
18489
18168
18489
17364
2321309
2201241
2401354
2161219
2241264
2141208
2221253
2401354
2361332
2101185
2281287
2281287
2281287
2121196
2301298
2301298
906420
874893
882775
827601
867011
914302
827601
859129
937948
890656
882775
882775
914302
859129
922184
922184
185480
194312
189013
194312
199612
197845
196079
208444
203145
210211
206678
203145
192546
190779
185480
211977
148416
145789
157610
139222
144476
141849
151043
144476
140535
140535
143162
154983
145789
144476
137909
152356
101006
94272
89222
95114
100164
101006
98481
100164
91747
99322
90905
101006
100164
99322
97639
90905
2020255
2133540
2020255
2039136
2152421
2152421
2152421
2246825
2039136
2227945
2114659
2190183
1982493
2076897
2152421
2001374
906900
993272
1019183
975997
967360
1019183
906900
1027820
975997
1019183
958723
975997
958723
1001909
915537
1027820
1127267
1186597
1176708
1127267
1048160
1048160
1058049
1048160
1107490
1176708
1048160
1038272
1087714
1147043
1137155
1097602
1950662
1986454
2040142
2058038
2129622
2111726
2111726
1879078
2022246
1879078
2040142
1896974
1896974
1986454
1896974
2058038
78067
72774
75421
75421
76082
72774
78729
72774
79390
73436
72774
71451
70128
76082
72113
74098
1883113
2001868
1815253
1967938
1798288
1917043
1950973
1950973
2018833
2035798
1849183
1984903
2035798
1849183
2035798
1934008
2313040
2479745
2438069
2479745
2396393
2292202
2417231
2479745
2313040
2396393
2500584
2229687
2313040
2250525
2417231
2271363
2531164
2463365
2440765
2440765
2666762
2621562
2418165
2418165
2440765
2644162
2508564
2621562
2644162
2711961
2598963
2598963
334381
300662
303472
317522
295042
295042
337191
314712
309092
323141
297852
328761
295042
314712
320332
309092
2580915
2425170
2514167
2558666
2669912
2358422
2514167
2625413
2514167
2558666
2380671
2380671
2603164
2425170
2580915
2491918
552234
552234
487266
556875
556875
496547
491906
505828
491906
524391
556875
510469
538313
538313
538313
542953
1658687
1686800
1475950
1574347
1658687
1602460
1672743
1574347
1644630
1475950
1644630
1658687
1602460
1475950
1686800
1602460
517510
522010
526510
522010
540010
472509
531010
513010
490509
481509
495009
486009
481509
540010
531010
495009
2075173
2171246
2152031
2017529
2305748
2190460
2267319
2190460
2171246
2228890
2267319
2267319
2036744
2017529
2113602
2286533
1467433
1508195
1603307
1576132
1426671
1481021
1562545
1589719
1603307
1481021
1535370
1616894
1535370
1589719
1426671
1562545
708897
721669
734442
702510
670578
683351
702510
753602
708897
676964
702510
715283
689737
766375
740829
708897
2498827
2541180
2498827
2498827
2371768
2287062
2414121
2287062
2520003
2287062
2287062
2371768
2287062
2329415
2520003
2541180
188206
186430
200634
205961
211288
204185
213063
193532
198859
186430
205961
193532
197083
197083
200634
189981
1334819
1229438
1241147
1229438
1276274
1381654
1358237
1323110
1311401
1405072
1381654
1369945
1369945
1276274
1393363
1393363
695516
695516
630680
624786
671939
666045
683728
683728
707305
660151
689622
689622
695516
707305
618892
707305
851271
851271
805667
858872
874073
843671
858872
813268
866472
798067
805667
836070
896875
828469
866472
896875
157609
163447
167825
167825
175122
154691
167825
170743
173662
167825
160528
153231
169284
167825
169284
160528
2868936
3073860
2920167
2689627
3022629
3048244
2843320
2740858
3022629
2817705
2792089
2894551
2792089
2766474
2997013
2792089
1770117
1708008
1739063
1785645
1785645
1723535
1816699
1692481
1832227
1832227
1692481
1676953
1708008
1708008
1832227
1676953
2946424
2846545
2871515
2846545
2946424
2671757
2896485
2671757
2946424
2896485
2871515
2821576
2771636
2921454
2946424
2771636
2097715
2397388
2337454
2397388
2117693
2117693
2137671
2217584
2397388
2137671
2197606
2397388
2217584
2157649
2137671
2157649
959251
984495
959251
1009738
908764
1009738
959251
1001324
934008
900350
976080
984495
917179
1009738
1001324
891935
79638
76843
82432
83829
73350
82432
73350
77542
75446
73350
77542
73350
82432
78240
79638
78240
2519799
2225822
2519799
2225822
2519799
2372811
2330814
2330814
2498801
2498801
2309816
2372811
2225822
2498801
2519799
2246821
477314
535853
531350
472811
495326
472811
522344
481817
535853
486320
490823
508835
508835
526847
499829
531350
1986346
1880877
2056659
1951190
2021503
1880877
2039081
1968768
2091816
1933611
1951190
2021503
2091816
1880877
2003925
2109394
1439201
1439201
1490147
1362784
1515619
1439201
1413729
1502883
1413729
1502883
1375520
1400993
1490147
1464674
1388256
1375520
1540147
1569206
1670914
1729033
1525617
1685444
1743562
1699973
1612795
1525617
1656384
1641854
1540147
1743562
1569206
1583736
2431877
2279884
2475303
2388450
2540443
2279884
2345024
2388450
2453590
2410164
2583869
2388450
2301598
2431877
2583869
2475303
996586
987184
1071800
1109407
1118809
1034193
1118809
1118809
1109407
1071800
1071800
1043595
1015390
1071800
1024791
1034193
2196663
2235889
2118211
2333955
2275116
2177050
2059372
2098598
2098598
2275116
2333955
2275116
2098598
2059372
2255503
2294729
2760557
3016164
2939482
2837239
2734997
2760557
2913922
2683875
3067286
3016164
2939482
3041725
2734997
2683875
3016164
2913922
346191
374260
364904
355547
355547
346191
327478
330597
330597
339953
339953
364904
346191
352428
355547
364904
669456
681628
699886
639026
705972
681628
712058
712058
657284
645112
657284
645112
687714
730316
705972
675542
871312
934109
879161
941959
855612
902710
910560
863462
855612
832063
855612
941959
847763
910560
855612
863462
1331532
1229106
1297390
1297390
1286010
1217726
1297390
1206345
1274629
1342913
1229106
1194965
1206345
1308771
1263248
1194965
135859
134613
142091
130874
138352
144584
148323
137106
135859
139599
138352
148323
147077
138352
130874
138352
132577
136066
131414
129088
127925
123273
129088
126762
129088
132577
129088
139555
126762
136066
138392
131414
1700107
1845831
1829639
1732490
1926788
1845831
1926788
1926788
1910597
1878213
1797256
1732490
1813448
1926788
1926788
1781065
2177931
2375925
2237329
2217530
2316527
2197731
2177931
2217530
2375925
2138333
2316527
2257129
2375925
2336326
2138333
2237329
328245
336662
300190
336662
311412
305801
322634
331051
333856
322634
294579
328245
297385
311412
328245
305801
2618609
2570116
2691348
2545869
2836826
2885319
2691348
2545869
2885319
2764087
2545869
2691348
2861072
2642855
2812580
2715594
2057705
2271241
2271241
2251829
2310066
2174179
2135355
2213004
2193592
2077118
2135355
2135355
2077118
2193592
2310066
2232416
932813
985614
994414
959214
950414
1012014
1012014
1003214
968014
1003214
1012014
994414
968014
950414
985614
976814
1445234
1431975
1405457
1538047
1577824
1418716
1445234
1445234
1498270
1392198
1485011
1458493
1564565
1431975
1498270
1591083
2399720
2671386
2535553
2580831
2467636
2626108
2580831
2512914
2694025
2512914
2671386
2467636
2694025
2671386
2399720
2399720
3006840
2799472
2773551
2929077
2721709
2877235
3058682
3032761
2773551
2851314
2877235
2825393
2799472
2980919
2747630
2954998
1910692
1685905
1830411
1910692
1862523
1878580
1830411
1926748
1782242
1718017
1701961
1766186
1878580
1798298
1782242
1862523
2786477
2709785
2837605
2760913
2837605
2888733
2812041
3067681
2786477
2863169
2939861
2939861
3016553
2990989
3042117
2786477
1791768
1906835
1841082
1890397
1726015
1906835
1873959
1824644
1841082
1742453
1726015
1890397
1841082
1775329
1906835
1857521
2671893
2914792
2769053
2550443
2914792
2696183
2599023
2647603
2671893
2574733
2720473
2841922
2550443
2671893
2720473
2866212
2022463
1921340
1988755
1904486
1853924
1988755
1837070
1955047
1870778
2005609
1786509
1870778
2022463
1769655
2022463
1971901
1201059
1288408
1255652
1244734
1201059
1277490
1277490
1255652
1255652
1211977
1201059
1310246
1157384
1179221
1299327
1299327
2711715
2661029
2965147
2838431
2889117
2863774
2990490
2711715
2787745
2965147
3041176
3041176
3041176
2711715
3015833
2914461
2159199
2177654
2030017
2214564
2085381
2159199
2048471
1974652
1937743
2122290
2030017
2177654
2196109
1974652
2177654
2122290
1145710
1083780
1217962
1135389
1238606
1217962
1145710
1186997
1083780
1207641
1135389
1094102
1104424
1094102
1238606
1083780
1968959
1916686
1934110
1916686
1986383
1968959
2021232
2073505
2056081
1986383
1916686
1864412
1864412
1916686
1864412
1864412
356213
382846
349555
352884
399492
386175
396162
366201
372859
396162
349555
379517
372859
356213
356213
369530
2415713
2500475
2373332
2224999
2458094
2521665
2394523
2330951
2500475
2542856
2521665
2415713
2542856
2415713
2224999
2479284
1090270
1168147
1100005
1031863
1168147
1070801
1051332
1129208
1031863
1070801
1041597
1119474
1090270
1041597
1158412
1080536
230226
210549
222355
222355
232194
212517
228258
220388
226291
214484
220388
232194
206613
210549
236130
230226
1874733
1807175
1992959
1824064
1992959
1976070
1824064
1891622
1857843
1790285
1773396
1942291
1824064
1976070
1942291
1959180
2541818
2585643
2497994
2300784
2476081
2519906
2585643
2388433
2497994
2541818
2585643
2300784
2410345
2366520
2366520
2388433
1140228
1129670
1119113
1245805
1245805
1203574
1150786
1140228
1266920
1235247
1193016
1235247
1245805
1245805
1214132
1235247
955118
1026529
964044
1035455
1062234
981897
990823
937265
999750
946192
964044
964044
937265
1035455
981897
1026529
744519
765590
793686
772614
744519
800709
793686
779638
772614
737495
821781
814757
835828
835828
793686
821781
528034
551820
499492
537548
523277
566091
499492
537548
532791
547063
504249
528034
499492
523277
499492
523277
1398922
1425568
1585445
1398922
1412245
1465537
1478860
1412245
1532153
1558799
1465537
1478860
1438891
1438891
1412245
1518829
1500457
1500457
1406678
1594235
1473663
1527251
1420075
1433472
1433472
1487060
1540648
1487060
1420075
1473663
1580838
1433472
1661817
1707555
1600833
1600833
1768539
1692309
1768539
1768539
1616079
1600833
1753293
1829523
1692309
1783785
1646571
1677063
2687977
2545252
2711764
2806914
2711764
2497678
2759339
2545252
2569040
2759339
2592827
2592827
2735552
2569040
2569040
2783126
2059455
2078349
2248396
2229502
2191714
2021667
2229502
2267290
2097243
2135032
2191714
2248396
2248396
2059455
2097243
2002773
1849195
1984916
1934021
1900091
1967951
1832230
2035812
1900091
1967951
1815265
1934021
1849195
1849195
2018846
1950986
1849195
1704934
1827812
1612775
1720294
1720294
1827812
1766373
1812452
1797093
1812452
1689574
1689574
1628135
1674214
1689574
1704934
641691
671399
623866
712990
671399
689224
641691
689224
635750
659516
707049
683282
641691
659516
653574
677341
1039888
1039888
1147801
1108560
1118370
1147801
1030078
1069319
1177232
1167422
1177232
1137991
1128181
1128181
1030078
1118370
1990851
1904292
1956227
2042786
1852357
1869669
2042786
1886980
1921604
1904292
2008162
1921604
1973539
1852357
1938916
2077410
89916
90678
88392
89154
83058
87630
83058
89916
83820
83058
83820
82296
89154
83058
81534
89154
1981400
1947817
1947817
1830276
1998192
1847068
1863859
1796693
1998192
1863859
1813485
2014983
1796693
1863859
1880651
1964609
264429
269371
269371
271843
284199
296556
294084
279256
291613
279256
289142
266900
284199
274314
261957
284199
1687134
1673074
1644955
1476242
1687134
1659015
1504361
1504361
1532480
1588717
1560598
1490301
1476242
1560598
1532480
1659015
845459
809634
809634
788140
852624
859789
795305
752315
752315
831129
859789
809634
852624
823964
795305
859789
1715766
1544189
1687169
1587083
1501295
1629977
1544189
1629977
1587083
1558487
1629977
1544189
1572785
1701467
1701467
1544189
657494
613661
630098
580786
597224
641057
630098
580786
652015
613661
630098
641057
619140
657494
657494
630098
296661
271939
279356
279356
276884
264523
274411
276884
259578
291717
294189
271939
286772
296661
281828
259578
2499758
2433975
2477831
2412048
2543614
2324337
2499758
2390120
2390120
2346264
2412048
2390120
2543614
2609397
2324337
2455903
2838578
3050808
2838578
2971222
2785520
2891635
3183452
2997751
3183452
2838578
2838578
2865107
2865107
2812049
3024279
2944693
3009451
2849657
2929554
2849657
3089347
2849657
3142612
3115980
2876289
2956186
3089347
2876289
2876289
3062715
2796392
3036083
1028259
1047301
1047301
1066343
1066343
1123468
1094905
1018738
1132989
1094905
1047301
1142510
1066343
1066343
1104426
999696
650320
656455
711671
687131
644185
693266
687131
662590
693266
650320
717806
680996
723941
650320
693266
656455
776767
856622
871141
784027
849362
856622
791286
871141
856622
776767
820324
827584
871141
776767
769508
769508
1612276
1451049
1410742
1464484
1585405
1424177
1531662
1585405
1558534
1451049
1518227
1477920
1518227
1558534
1464484
1598841
2606822
2583547
2606822
2490446
2490446
2699923
2746473
2513721
2769748
2513721
2536996
2653372
2536996
2560272
2630097
2653372
1551732
1663568
1649589
1523773
1509793
1677548
1523773
1663568
1495813
1621630
1593670
1551732
1621630
1579691
1495813
1677548
722075
728143
716007
661396
643193
716007
673532
728143
667464
685668
661396
643193
643193
643193
691736
679600
955398
1018490
955398
1000464
1054543
1009477
955398
1045530
1045530
946384
1036516
991450
1018490
1063556
946384
1018490
655510
680482
742912
730426
736669
667996
661753
661753
667996
736669
692968
699211
699211
674239
661753
699211
2928963
2797028
2981737
2981737
3060898
2797028
2849802
2876189
2876189
2849802
2876189
3113673
2902576
2981737
3060898
2797028
870260
804442
841007
833694
833694
811755
855633
804442
819068
819068
870260
848320
848320
848320
826381
826381
1352343
1352343
1364103
1352343
1305305
1328824
1411141
1399381
1293546
1364103
1281786
1293546
1234748
1270027
1270027
1340584
1508477
1535176
1561875
1561875
1575224
1415032
1535176
1601923
1481778
1415032
1508477
1441730
1481778
1441730
1588573
1588573
1341015
1341015
1227370
1329651
1295557
1352380
1227370
1341015
1329651
1284193
1250099
1193276
1216005
1341015
1318286
1204641
476435
467850
480727
480727
497896
485019
450682
493604
480727
493604
497896
480727
467850
467850
450682
515065
838368
802844
802844
795739
795739
845473
802844
852578
824159
795739
795739
852578
845473
760215
845473
760215
637945
632445
582950
582950
637945
615947
615947
588449
599448
615947
599448
577450
659943
599448
648944
621446
790188
834087
863354
870670
804821
877987
826771
797505
848720
826771
856037
841404
877987
834087
870670
870670
2371240
2524931
2415152
2393196
2305372
2568843
2590799
2415152
2371240
2590799
2612755
2393196
2371240
2568843
2612755
2327328
595706
554623
570029
590571
611112
554623
575164
595706
616248
611112
590571
559758
559758
600841
611112
539217
771802
758608
712432
692643
758608
712432
778398
732222
699239
692643
699239
692643
758608
771802
784995
699239
1083727
1065665
975354
1074696
1038571
957292
975354
984385
1065665
975354
966323
957292
948261
957292
1020509
948261
1529181
1529181
1684931
1585818
1500863
1599977
1543340
1500863
1599977
1515022
1684931
1585818
1557499
1642454
1529181
1486704
872574
903190
880228
834303
872574
880228
818995
857265
872574
918499
857265
880228
849611
918499
864920
918499
1076092
1165766
1115947
1175730
1125911
1086056
1105984
1145839
1185694
1096020
1105984
1185694
1195658
1086056
1105984
1195658
2224257
2345580
2406241
2204036
2345580
2163595
2204036
2123154
2163595
2163595
2123154
2406241
2183816
2406241
2244477
2426462
1952120
1952120
2175219
2063669
2100853
2175219
2063669
2063669
1989303
2119444
2212402
2007894
2007894
1989303
2100853
2193811
560072
522420
513007
541246
541246
513007
541246
508300
498887
527126
550659
494181
531833
498887
564778
513007
409568
364825
375150
385476
406126
382034
385476
382034
371709
409568
395801
371709
402684
371709
361383
368267
1486047
1609884
1596125
1609884
1541086
1458528
1651164
1623644
1582365
1444768
1458528
1651164
1651164
1458528
1486047
1554846
1199679
1126014
1126014
1220726
1168108
1147061
1126014
1147061
1136538
1210202
1157585
1115491
1104967
1104967
1252296
1189155
2973632
2973632
3105208
2842055
2789424
2868370
3078893
2894686
2894686
3131524
3131524
2815740
2947316
3131524
2842055
3052578
1432940
1471668
1536215
1471668
1355483
1484577
1471668
1536215
1471668
1536215
1381302
1355483
1432940
1497486
1549124
1355483
2925275
2792308
2845494
2818901
2925275
3191209
2818901
3191209
3191209
2845494
2818901
2951868
3138022
3031648
2898681
3058242
2288503
2350355
2329737
2453440
2185417
2226652
2185417
2288503
2164800
2329737
2453440
2391589
2391589
2432823
2185417
2288503
2403060
2494605
2540378
2677695
2746354
2586150
2403060
2586150
2471719
2586150
2677695
2540378
2517491
2471719
2631923
2563264
2756546
2756546
3039930
2730784
2833833
2859595
2911119
3091454
2988405
2833833
2833833
2705022
2962643
2936881
3091454
2833833
1671882
1685931
1657832
1475190
1629733
1517338
1503289
1559486
1489239
1685931
1685931
1615684
1489239
1545437
1489239
1615684
1372467
1335036
1447329
1484760
1447329
1347513
1310082
1384944
1372467
1322559
1359990
1447329
1459806
1447329
1347513
1347513
2806826
2755792
2959925
2908892
2704759
2832342
2730276
2857859
2934409
2730276
3036475
2755792
2832342
2704759
2781309
2832342
1295855
1283856
1307853
1331851
1331851
1403843
1439839
1307853
1259859
1415841
1343849
1355848
1259859
1331851
1379845
1319852
881560
829264
806851
799380
859147
851676
889031
791910
784439
844206
784439
881560
799380
806851
806851
799380
865495
865495
865495
793370
829432
851070
807795
786158
843857
815007
778945
822220
836645
800583
836645
829432
596935
624830
591357
635987
602514
669460
658303
602514
652724
619251
647145
641566
630408
602514
635987
635987
1417081
1344410
1453417
1417081
1308075
1295963
1380746
1344410
1404969
1283851
1295963
1441305
1308075
1332299
1441305
1283851
271441
248821
257869
271441
237511
253345
242035
260131
255607
264655
239773
260131
237511
271441
271441
262393
880462
804560
850101
796969
910822
834920
903232
827330
903232
903232
880462
827330
796969
895642
819740
812150
344042
385842
340827
337611
347257
372980
350473
353688
385842
344042
369765
356903
385842
356903
340827
360119
1175895
1209492
1198293
1310283
1209492
1220691
1209492
1220691
1187094
1254288
1265486
1243089
1187094
1187094
1187094
1299084
1247730
1216008
1120842
1152564
1184286
1205434
1141990
1194860
1184286
1152564
1258304
1152564
1268878
1120842
1173712
1268878
2418834
2622287
2464046
2554470
2644893
2373622
2554470
2599681
2373622
2599681
2712711
2531864
2531864
2644893
2418834
2644893
514792
537774
510195
501003
514792
491810
501003
487214
482617
487214
482617
523985
528581
514792
551563
533177
348689
342407
342407
370679
329841
361255
332983
358113
370679
345548
358113
342407
332983
367537
332983
373820
2639276
2661834
2458813
2616718
2549044
2616718
2391139
2413697
2368581
2458813
2368581
2549044
2458813
2639276
2503929
2639276
2642230
2412471
2711158
2688182
2642230
2757110
2573303
2412471
2596278
2619254
2412471
2481399
2458423
2665206
2550327
2757110
1469883
1442913
1415942
1577764
1564279
1469883
1442913
1483368
1537309
1537309
1577764
1415942
1591250
1591250
1523824
1564279
478835
478835
430549
454692
470788
454692
422502
450668
470788
458716
478835
470788
478835
458716
442621
474811
1243356
1210637
1199730
1286983
1254263
1243356
1308796
1297890
1177917
1232450
1286983
1297890
1276076
1276076
1265170
1167010
2295899
2236006
2176113
2096255
2395720
2176113
2136184
2275934
2176113
2236006
2216041
2096255
2176113
2096255
2196077
2116220
1384860
1410039
1498167
1334501
1372270
1498167
1485577
1435218
1498167
1498167
1485577
1372270
1384860
1485577
1447808
1498167
213017
204066
200486
189746
205856
207646
187956
191536
187956
209437
187956
204066
195116
205856
205856
207646
1901838
1885857
1678093
1773984
1773984
1758002
1821929
1869875
1821929
1742020
1678093
1678093
1821929
1869875
1885857
1901838
2628450
2516123
2516123
2583519
2493658
2650916
2583519
2381331
2516123
2403796
2695846
2650916
2695846
2493658
2358865
2561054
3107381
2741807
2950706
2741807
3133494
3002931
3002931
3002931
2820144
2872369
2741807
3029044
3107381
2898481
3081269
3055156
950338
1010814
941698
950338
933059
933059
958977
1002175
1028093
1019453
933059
950338
1002175
1028093
950338
1028093
2579482
2579482
2535762
2492042
2535762
2382742
2492042
2295302
2382742
2535762
2382742
2513902
2470182
2601342
2601342
2360882
706605
745148
687334
757995
713029
706605
738724
687334
680911
674487
757995
745148
751571
738724
693758
764419
1282857
1304786
1304786
1293821
1304786
1217069
1293821
1217069
1271892
1162246
1228034
1206104
1293821
1315750
1228034
1162246
302332
321398
302332
324122
302332
313227
315951
318675
302332
291438
310504
326846
318675
313227
324122
296885
1983608
1818307
1983608
1934018
1884427
1752187
1851367
1934018
1867897
1917488
1950548
1851367
1967078
1851367
1785247
1735657
729516
797064
722761
797064
803818
716006
776799
722761
810573
783554
722761
803818
716006
716006
763290
783554
2787180
2665998
2690234
2617525
2544816
2738707
2835652
2884125
2665998
2617525
2787180
2859889
2762943
2665998
2569053
2690234
419970
443302
466634
439414
423859
408305
466634
419970
466634
423859
412193
466634
423859
454968
412193
431636
1287429
1228909
1275725
1392764
1240613
1228909
1240613
1228909
1252317
1334244
1357652
1334244
1334244
1404468
1287429
1345948
584345
568114
605988
605988
638451
568114
649273
589756
605988
627630
622220
589756
578935
584345
627630
643862
1802305
1883490
1932201
1899727
1769831
1867253
1899727
1867253
1867253
1704883
1932201
1704883
1704883
1932201
1834779
1753594
1311009
1240776
1404652
1369536
1334420
1311009
1275892
1369536
1229071
1252482
1229071
1264187
1346125
1334420
1240776
1275892
2835772
2666110
2860009
2908484
2884247
2569161
2738822
2593398
2714585
2835772
2811534
2811534
2884247
2641873
2690348
2738822
1837614
1853594
1821635
1901531
1773697
1885552
1837614
1853594
1725760
1837614
1869573
1725760
1757718
1773697
1741739
1837614
944998
912129
977868
895694
986085
862824
944998
961433
920346
928563
912129
920346
961433
862824
879259
961433
2691821
2623960
2669201
2375136
2375136
2601340
2601340
2510858
2488238
2533479
2714442
2442997
2714442
2397757
2375136
2510858
585876
575414
627724
564952
601569
622493
585876
627724
617262
601569
617262
617262
627724
575414
575414
612031
834936
842526
819755
880478
842526
850116
872887
834936
834936
857707
834936
865297
857707
850116
872887
850116
1540460
1760526
1657828
1613815
1540460
1731183
1569802
1716512
1584473
1555131
1613815
1672499
1584473
1569802
1555131
1687170
1662309
1662309
1646773
1724451
1708916
1646773
1693380
1646773
1802129
1755522
1724451
1646773
1833200
1693380
1662309
1786593
410871
418080
410871
410871
432496
428892
428892
414476
407267
378434
385642
410871
382038
378434
410871
432496
39591
40285
40632
40285
40285
38896
38896
36812
37160
36812
41327
38896
38896
37854
37507
41327
1903499
1870961
1708269
1740807
1952307
1822153
1757076
1773346
1757076
1740807
1805884
1887230
1740807
1854692
1757076
1854692
562359
577558
582624
592757
602889
572491
547160
562359
572491
592757
572491
572491
587690
531961
562359
587690
2843753
3104648
2922021
3000290
2869842
3052469
2765484
2895932
3104648
2843753
2843753
3104648
3104648
2869842
3130737
3130737
442733
423484
415784
423484
408085
438884
404235
408085
411935
415784
458133
431184
411935
415784
431184
423484
275550
250291
270957
270957
268661
241106
254883
261772
264068
241106
270957
257180
250291
245698
268661
270957
154358
168519
148693
155774
158606
152942
152942
168519
167103
155774
148693
152942
164271
157190
160022
154358
1284672
1241490
1165921
1155125
1144330
1219899
1187512
1198308
1241490
1133534
1155125
1176717
1209103
1155125
1133534
1295468
2317442
2532020
2553478
2532020
2403273
2446189
2489104
2532020
2446189
2274526
2553478
2489104
2338900
2510562
2338900
2317442
1114863
1146416
1262109
1167451
1220039
1135898
1199004
1188486
1262109
1104345
1146416
1156933
1104345
1230556
1230556
1125381
2233737
2195225
2252994
2021917
2041174
2060430
2098943
2175968
2156712
2214481
2175968
2118199
2098943
2214481
2021917
2137455
2730317
2540382
2801543
2659091
2849026
2659091
2492898
2540382
2801543
2611607
2754059
2564124
2849026
2635349
2659091
2706575
834076
799323
736767
820175
764570
750669
785422
792372
729817
799323
743718
757619
750669
806274
827126
736767
2686696
2831922
2589878
2904536
2735105
2541469
2807718
2735105
2710900
2735105
2759309
2783514
2807718
2880331
2541469
2856127
826089
750364
722828
784785
729712
798553
771016
819205
784785
722828
784785
812321
743480
743480
819205
722828
1887045
1808418
1714066
1761242
1855594
1839869
1808418
1761242
1698341
1714066
1792693
1666890
1666890
1698341
1839869
1792693
313822
282176
282176
316459
282176
305910
292724
290087
308547
295361
290087
311184
297999
313822
300636
290087
2004464
2021451
1851581
2004464
2021451
2004464
1817607
1800620
2021451
1783633
1919529
1800620
1987477
2038438
1851581
1902542
2986523
2778765
2778765
3012493
2778765
3038463
2726825
2726825
2726825
3012493
2882644
2830704
3116372
2752795
2830704
3064432
1268353
1221808
1268353
1279989
1373079
1245080
1233444
1233444
1291625
1326534
1221808
1233444
1384716
1373079
1221808
1303262
2166665
2130250
2148457
1984592
2148457
2112043
2148457
2057421
2184872
2002799
1984592
1911763
2112043
2166665
2057421
1911763
1779504
1764164
1840867
1672121
1641439
1656780
1687461
1733483
1748823
1672121
1764164
1641439
1825526
1610758
1748823
1641439
2020666
2003247
2003247
2003247
1898729
1933568
1881310
1933568
1881310
2072925
1898729
1881310
1881310
1846471
1968408
2072925
2342256
2264180
2205624
2049474
2049474
2342256
2244662
2322737
2283699
2068992
2166586
2068992
2147068
2283699
2283699
2303218
3131616
3131616
2870648
3131616
2792357
3105519
2922841
3105519
2792357
2844551
2740164
3105519
2766260
2975035
3105519
3079422
485458
448115
456414
435668
493757
460563
460563
485458
485458
477160
456414
473011
473011
473011
497906
485458
390050
364047
386799
370547
386799
377048
344544
390050
380299
373798
357546
383549
364047
364047
386799
386799
700208
706752
746016
687120
765648
739471
726384
713296
713296
732928
706752
719840
752560
765648
739471
746016
1461859
1529538
1502467
1461859
1448324
1488931
1597217
1529538
1461859
1624288
1570145
1556610
1543074
1610753
1624288
1421252
2593110
2505208
2373355
2439281
2593110
2439281
2571134
2615085
2483232
2307428
2395330
2329404
2439281
2549159
2483232
2439281
764285
750261
841414
820379
785320
771296
785320
771296
806355
785320
750261
792332
764285
834403
820379
792332
1317052
1437882
1292886
1449966
1425799
1401633
1449966
1329135
1377467
1449966
1280803
1329135
1280803
1401633
1449966
1268720
2116020
2170745
2097779
2097779
1988330
2006571
2170745
2152504
1988330
1970088
2116020
2170745
1970088
2188987
2170745
1915363
1816196
1831853
1706598
1643971
1753569
1675285
1847510
1690941
1769226
1659628
1831853
1690941
1816196
1863167
1690941
1659628
1245632
1203407
1182295
1256188
1256188
1161183
1118958
1224520
1171739
1235076
1245632
1224520
1129514
1118958
1256188
1203407
1650838
1606619
1577140
1591880
1754015
1754015
1739276
1739276
1636098
1577140
1754015
1621359
1680317
1724536
1577140
1591880
138892
140121
133976
136434
140121
137663
132747
129059
140121
135205
133976
138892
129059
136434
138892
141351
2621574
2556034
2556034
2446802
2315723
2577881
2556034
2359416
2359416
2577881
2359416
2490495
2424955
2512341
2446802
2577881
46531
48747
48747
51406
49190
47861
47861
47418
53179
46531
52292
52736
53179
50963
48747
51849
403888
386327
403888
417936
400375
393351
393351
382815
386327
372279
393351
421448
410912
421448
403888
375791
845529
814500
884315
884315
923100
830015
923100
930858
923100
915343
923100
892072
814500
822257
915343
845529
2852402
2801466
2826934
2725063
2699595
2877870
2877870
2954274
2674127
2826934
2903338
2801466
2979741
2725063
2903338
3030677
231027
237444
231027
246001
228887
248140
233166
235305
237444
231027
248140
224609
233166
243861
243861
228887
1253995
1199474
1155856
1232187
1188569
1232187
1232187
1221282
1308517
1232187
1264899
1166761
1177665
1166761
1188569
1253995
232894
207452
227023
234852
223109
217238
228980
205495
215281
230937
213323
205495
211366
219195
211366
205495
2986163
2961069
2935975
2810506
2634850
2986163
2885788
2860694
2860694
2986163
2710131
2935975
2835600
2986163
2659943
2634850
2957530
2808411
2833264
2708998
2708998
2808411
2609586
2957530
2684145
2808411
2982384
2882971
2634439
2957530
2659292
2708998
1250235
1217620
1217620
1304593
1206748
1239363
1206748
1271978
1282849
1293721
1293721
1152390
1217620
1185005
1261106
1206748
775517
789747
839551
803976
761287
832436
796862
796862
818206
796862
747058
811091
811091
846665
747058
818206
2582698
2496608
2496608
2582698
2539653
2388996
2259861
2561176
2281383
2302906
2388996
2518131
2367473
2475086
2259861
2539653
1135239
1104278
1145559
1176521
1176521
1228122
1166200
1228122
1145559
1176521
1145559
1083637
1155880
1238443
1114598
1176521
2629170
2792040
2512836
2792040
2698972
2675705
2652438
2745506
2629170
2629170
2443035
2745506
2466302
2629170
2652438
2792040
224582
226485
215066
226485
203646
209356
220775
203646
215066
216969
205549
213162
211259
203646
218872
203646
2972750
2814905
2841213
2788598
2814905
3077981
2841213
2788598
3077981
2999058
2867520
3104288
3130596
3051673
3077981
2814905
536301
522894
505017
536301
500548
478202
518424
469263
469263
527363
469263
527363
518424
478202
509486
531832
1305701
1374422
1351515
1236980
1202619
1328608
1305701
1340061
1236980
1271340
1351515
1282794
1248433
1282794
1328608
1271340
683189
646590
658790
713689
689289
664890
707589
670990
689289
731989
725889
719789
725889
719789
689289
695389
2552831
2552831
2769581
2745498
2576915
2697331
2576915
2528748
2528748
2625081
2600998
2745498
2841831
2649165
2841831
2889998
