1402502
1465678
1364597
1339326
1478313
1440408
1326691
1440408
1377232
1326691
1339326
1427773
1490948
1453043
1465678
1339326
2935815
2961123
3011741
2657418
2758653
3037050
2885197
2834580
2986432
2657418
2910506
2708036
2834580
2961123
2682727
3011741
1132626
1094232
1151823
1017444
1123028
1027042
1084633
1036641
1132626
1007845
1113429
1094232
1075035
1017444
1142225
1017444
2664836
2459849
2391519
2573730
2733165
2528178
2550954
2505401
2664836
2414296
2550954
2391519
2710389
2642060
2619283
2482625
1398709
1449113
1474315
1499517
1411310
1360906
1474315
1436512
1411310
1411310
1423911
1512118
1360906
1335704
1499517
1373507
2077723
2354752
2117298
2137086
2196450
2374540
2334965
2275601
2077723
2196450
2077723
2374540
2196450
2236025
2097511
2156874
642317
715032
702913
654436
648377
690794
727152
727152
636258
654436
684734
678675
684734
721092
648377
654436
2723855
2629929
2606447
2512521
2559484
2465558
2606447
2817781
2770818
2747336
2512521
2794299
2700373
2606447
2747336
2817781
971098
1025552
1016477
1080007
1034628
971098
1080007
1034628
1070931
998325
1080007
1061855
1070931
952947
1052780
1052780
783001
789931
783001
727568
783001
769143
748355
796860
789931
831506
817647
824577
796860
783001
748355
789931
529543
534230
552975
506112
492054
520171
562347
529543
548288
524857
510799
515485
510799
492054
552975
524857
894606
918569
958507
942532
846681
862656
878631
958507
878631
878631
958507
918569
870644
918569
910581
862656
270313
279715
260911
253859
272663
279715
249158
258560
253859
253859
282066
279715
277364
272663
267962
260911
1167411
1167411
1108051
1078371
1147625
1058585
1078371
1157518
1157518
1048691
1058585
1108051
1137731
1187198
1157518
1088265
2503953
2549069
2616744
2549069
2549069
2436279
2391162
2594186
2526511
2458837
2549069
2684418
2413720
2594186
2684418
2684418
1222372
1189630
1233286
1309684
1233286
1200544
1309684
1189630
1189630
1298770
1233286
1211458
1233286
1178716
1222372
1145974
2570417
2372693
2416631
2636325
2636325
2416631
2592386
2526478
2614356
2614356
2350723
2460570
2350723
2636325
2570417
2636325
2718782
2465336
2741823
2465336
2695742
2557498
2488377
2557498
2534458
2511417
2534458
2442296
2419255
2580539
2465336
2419255
2503591
2737571
2667377
2784367
2550387
2503591
2526989
2807766
2573785
2526989
2643979
2550387
2807766
2503591
2456795
2714173
344486
370004
373193
354055
334917
360434
379573
344486
344486
334917
338107
350865
354055
357245
382762
376383
2424228
2424228
2532453
2489163
2337649
2489163
2597388
2445873
2575743
2316004
2532453
2272714
2359294
2597388
2510808
2402583
605720
600407
573840
557900
595094
637600
637600
621660
600407
557900
563214
584467
637600
637600
616347
595094
1226215
1205606
1143780
1195302
1226215
1226215
1102563
1174693
1143780
1226215
1205606
1215910
1164389
1112867
1236519
1236519
2475801
2321063
2586328
2630539
2564222
2497906
2630539
2608433
2497906
2652644
2630539
2630539
2431590
2608433
2387379
2453696
214620
229950
206955
226117
224201
203122
206955
201206
201206
220368
229950
205038
214620
220368
210787
205038
2584398
2562496
2409184
2474889
2431086
2452988
2452988
2321578
2387283
2628201
2540594
2562496
2518693
2452988
2387283
2452988
571487
571487
591365
596335
571487
536701
546640
596335
521793
546640
556579
546640
526762
561548
546640
596335
941593
877757
845838
949573
837859
941593
917655
901695
901695
861797
869777
933614
909675
925634
853818
861797
1615531
1659194
1542760
1586423
1630086
1586423
1731966
1717412
1557314
1717412
1571868
1542760
1557314
1688303
1615531
1688303
635082
635082
663183
623842
595741
635082
606981
674424
629462
635082
668803
590121
657563
663183
590121
663183
1085602
1018942
1133216
1028465
1114171
1095125
1057034
999897
999897
1114171
1018942
1123693
1133216
1133216
1066556
1076079
2918044
2795437
2819958
2869001
2795437
2819958
2942565
2819958
2599266
2574744
2795437
2844480
2672830
2623787
2697351
2721873
888044
888044
819144
903356
895700
803833
819144
865078
819144
834456
895700
911011
872733
849767
880389
819144
1135197
1067279
1057576
1076981
1164304
1154602
1144899
1028469
1047874
1076981
1106089
1086684
1125494
1038171
1106089
1076981
881172
913808
962762
962762
864854
921966
979080
856695
913808
889331
962762
881172
905649
897490
881172
946443
727527
753983
760597
780439
793666
787052
707686
773825
787052
734141
734141
734141
760597
787052
760597
701072
241456
261765
236943
259508
270792
236943
245969
257252
266278
236943
266278
254995
248226
245969
243712
264022
2521934
2372328
2308211
2244094
2436445
2479190
2308211
2415073
2286839
2244094
2244094
2350956
2436445
2521934
2415073
2564679
2794915
3005852
2794915
3084954
2794915
3111321
2979485
3137688
3032219
2847650
3084954
3058587
2794915
3084954
2979485
3164055
1457392
1391147
1470641
1563384
1391147
1457392
1510388
1576633
1589882
1444143
1523637
1550135
1457392
1483890
1523637
1563384
1656824
1656824
1596576
1702010
1656824
1792382
1762258
1611638
1656824
1626700
1656824
1792382
1747196
1686948
1581514
1762258
2200679
2163380
2237979
1976881
2182030
2237979
2163380
2144730
2200679
2144730
2237979
1958232
2200679
2237979
2144730
2200679
343069
352599
346246
349422
368482
355775
374835
336716
368482
374835
336716
371658
339892
339892
333539
336716
1085914
950175
950175
959224
959224
995421
1085914
1058766
959224
959224
977323
1031619
1067816
1031619
1040668
1085914
3055169
2898494
2950719
2741818
3081282
2794043
3107394
2898494
2794043
2846269
3055169
3055169
2767931
2767931
2846269
2976831
110368
106689
107609
97492
101171
104850
100251
100251
100251
97492
104850
110368
107609
98412
110368
98412
1134428
1237558
1124115
1237558
1155054
1124115
1113802
1093176
1237558
1134428
1237558
1134428
1237558
1144741
1196306
1185993
127109
142698
131906
128309
143898
131906
142698
125910
129508
129508
133105
137902
125910
141499
135503
140300
94569
103575
100873
96370
105377
95469
108079
94569
100873
107178
106277
99973
100873
105377
103575
105377
1010498
1093175
1001312
1102362
982939
1093175
973753
1083989
1065616
1001312
1074802
1010498
992125
964566
1019684
1019684
69661
65384
71495
72106
64162
73328
73328
67217
72106
65384
64773
70884
73328
67217
72717
68439
37409
37755
37062
37755
41219
40872
36369
38794
36716
41565
39140
41219
38101
38101
41565
40180
593582
614593
625099
567317
614593
562064
630352
572570
583076
619846
556811
630352
562064
588329
562064
593582
2738467
2567313
2714016
2934072
2860720
2860720
2689566
2640664
2714016
2762917
2640664
2640664
2811819
2762917
2738467
2567313
2383013
2282886
2403038
2322937
2403038
2282886
2142709
2403038
2322937
2222810
2322937
2122683
2122683
2102658
2342962
2342962
2152833
2266140
2058410
2058410
1982872
2039526
2171717
2266140
2152833
2077295
2209486
2077295
2039526
1982872
2020641
2039526
1270865
1401515
1306497
1401515
1258988
1354006
1389638
1270865
1413392
1425270
1306497
1354006
1318374
1342129
1377761
1425270
1156421
1187675
1114748
1250185
1156421
1218930
1218930
1093912
1166839
1146003
1166839
1218930
1146003
1239766
1135584
1093912
1732940
1688122
1613427
1718001
1583548
1673183
1598487
1777757
1643305
1613427
1568609
1747879
1718001
1747879
1643305
1568609
2479396
2734287
2687943
2734287
2734287
2734287
2572084
2525740
2502568
2757459
2618428
2548912
2687943
2595256
2525740
2664771
605427
595165
564381
579773
569512
538727
595165
579773
559250
610558
538727
600296
574642
610558
569512
590035
2144192
2262221
2163863
2360578
2262221
2124520
2183535
2222878
2360578
2124520
2281892
2124520
2085177
2242549
2340907
2124520
1705860
1720565
1558803
1588214
1544097
1749977
1558803
1602920
1558803
1764682
1647037
1588214
1705860
1735271
1705860
1602920
1235323
1224581
1127903
1289032
1213839
1181613
1246065
1170871
1267548
1127903
1235323
1170871
1170871
1213839
1235323
1267548
63558
69554
66556
66556
67755
64158
65957
70154
67755
65357
64158
65957
65957
67156
69554
71353
226058
238061
222057
222057
220057
222057
218056
240062
226058
210054
216056
236061
218056
230059
220057
218056
2480036
2636435
2681120
2413008
2368323
2390665
2368323
2413008
2457693
2368323
2681120
2614092
2368323
2524721
2480036
2681120
501642
549418
544640
544640
554195
501642
511197
539863
515975
563750
549418
506420
511197
501642
511197
563750
1855387
1803848
2027182
1975643
1992823
1803848
1889746
1906925
1855387
1906925
1855387
1872566
1906925
1941284
1872566
1906925
1009112
1018455
990424
1018455
1083861
1083861
1074517
1074517
1055830
1083861
999768
1027799
990424
1046486
1037142
1018455
2360070
2183064
2360070
2261733
2143730
2065061
2065061
2360070
2261733
2202732
2281401
2301068
2340402
2104395
2222399
2183064
1379142
1402920
1319696
1426699
1248361
1355364
1379142
1391031
1414810
1343475
1284029
1367253
1367253
1391031
1367253
1426699
702443
702443
689786
715100
696115
721428
715100
759398
721428
721428
746741
677130
677130
670801
696115
721428
1428578
1295406
1404365
1392259
1380152
1380152
1271193
1355939
1331726
1307512
1404365
1380152
1331726
1283299
1355939
1271193
85323
84562
90656
86085
87609
85323
86847
84562
89894
88371
89894
88371
83038
84562
81514
88371
1198981
1253480
1144482
1209881
1198981
1231680
1297079
1307979
1297079
1242580
1166281
1275280
1198981
1307979
1253480
1188081
1292827
1257568
1234062
1398604
1386851
1281074
1351592
1363345
1328086
1257568
1281074
1351592
1234062
1245815
1281074
1398604
2844471
2995504
2819298
2919987
2970332
2668264
2995504
2743781
2995504
2768954
2768954
3020677
2869643
2894815
3020677
2718609
2217449
2339510
2136074
2339510
2197105
2339510
2156418
2156418
2237792
2217449
2400541
2176761
2237792
2136074
2217449
2136074
147942
137560
144049
149240
145346
138858
146644
147942
147942
154431
147942
151835
137560
149240
147942
150537
760957
713818
720552
754223
734021
787894
801362
734021
720552
720552
781160
747489
727287
781160
707084
808096
2799153
2984003
3010410
2825560
2851967
2851967
3063224
3089631
3168853
2904782
2957596
2851967
3010410
2772746
3142446
3142446
197781
180583
180583
201221
189182
199501
189182
189182
197781
197781
194341
194341
206380
201221
197781
190902
1956071
2159059
2029885
2140606
2195966
2159059
2066792
1956071
1992978
2048338
2103699
1956071
2029885
2159059
2029885
2085245
1667815
1744320
1606611
1606611
1790224
1836127
1790224
1774922
1698417
1683116
1698417
1667815
1652514
1790224
1652514
1621912
2926733
2822207
2743812
2796075
2769944
2978996
2822207
3109654
2926733
2743812
2743812
2926733
3083522
2796075
2874470
2822207
168710
155507
165776
156974
161375
154040
165776
171644
164309
174578
159908
171644
159908
164309
164309
168710
43669
39936
40683
41429
41429
41802
42922
39936
39190
39936
39936
41056
44042
39190
44415
40683
2381001
2423901
2466802
2531154
2252298
2359550
2273748
2338100
2488253
2316649
2574055
2445352
2509703
2402451
2531154
2273748
115222
110032
120412
110032
123526
119374
118336
117298
120412
123526
120412
118336
111070
111070
124564
110032
880893
840852
872885
904917
960974
888901
888901
840852
920933
888901
888901
856868
912925
920933
848860
960974
1057298
986219
950680
995104
959564
959564
959564
1021758
941795
968449
1021758
1030643
959564
1066183
1057298
1003989
1537968
1445160
1511451
1498193
1551226
1511451
1392126
1392126
1564485
1458418
1511451
1551226
1418643
1431901
1445160
1484935
284943
314236
287606
295595
292932
306247
300921
306247
316899
314236
298258
311573
306247
295595
290269
284943
2083621
2237963
2025742
2257256
2180085
2083621
2160792
2237963
2102914
2025742
2064328
2237963
2102914
2315134
2064328
2218670
490586
507951
473220
455854
464537
473220
494927
455854
499269
486244
503610
477561
455854
460195
481903
494927
2597252
2400821
2619078
2444472
2422647
2488124
2575426
2553601
2378995
2378995
2357170
2378995
2400821
2444472
2400821
2422647
1357647
1409367
1499877
1357647
1551597
1396437
1551597
1551597
1409367
1357647
1383507
1512807
1551597
1383507
1448157
1486947
1479553
1690918
1634554
1578190
1493644
1493644
1620463
1535917
1634554
1578190
1479553
1634554
1507735
1493644
1620463
1493644
2384473
2185767
2324861
2185767
2324861
2146025
2185767
2165896
2285120
2165896
2146025
2165896
2344731
2225508
2106284
2106284
1435467
1529376
1489129
1609869
1556207
1542791
1515960
1448882
1542791
1596454
1583038
1515960
1462298
1556207
1448882
1462298
2194165
2331300
2292118
2311709
2311709
2331300
2154983
2057029
2233346
2174574
2115802
2331300
2311709
2311709
2135392
2135392
514472
538739
543593
567860
543593
572714
538739
509618
567860
553300
558153
519325
519325
543593
509618
533886
272038
272038
276940
284292
267137
262235
279391
284292
257334
276940
274489
284292
264686
281842
291645
291645
1202150
1349583
1202150
1281537
1213491
1247514
1236173
1213491
1236173
1349583
1213491
1349583
1270196
1326901
1190809
1236173
2620235
2371765
2416941
2710588
2371765
2484706
2688000
2575059
2710588
2394353
2710588
2597647
2597647
2665412
2642824
2710588
642476
688781
613536
607748
682993
625112
665629
688781
619324
682993
613536
665629
613536
682993
636688
654053
302977
285155
285155
290247
285155
290247
269879
272425
287701
300431
269879
295339
302977
285155
305523
269879
1202161
1171598
1222537
1222537
1161410
1151222
1069720
1161410
1100283
1120659
1069720
1130846
1141034
1202161
1120659
1130846
768067
729013
748540
755049
768067
781086
689959
696468
755049
702977
689959
748540
715995
755049
709486
781086
1651487
1785392
1696122
1681244
1666366
1770514
1740757
1681244
1725879
1740757
1740757
1651487
1740757
1785392
1562218
1725879
1523168
1392982
1419019
1392982
1536186
1510149
1497130
1536186
1392982
1523168
1392982
1366945
1458075
1523168
1366945
1406001
2168073
2246912
2345461
2345461
2069524
2286332
2345461
2286332
2108944
2069524
2365171
2306041
2246912
2266622
2345461
2286332
2117808
1988898
2062561
1988898
1933651
1988898
2154640
2007314
2136224
2099393
2007314
2136224
2209887
2062561
1988898
2136224
2368506
2410058
2181518
2368506
2368506
2223071
2223071
2223071
2306177
2326953
2202295
2306177
2389282
2264624
2181518
2181518
1189909
1160161
1110581
1090750
1120497
1160161
1041170
1110581
1110581
1070918
1051086
1051086
1061002
1080834
1110581
1120497
2045606
2141195
2102960
2007371
2102960
2217667
2275020
2255902
2026488
2294138
2217667
2275020
2083842
2083842
2141195
2026488
780393
859878
859878
852652
787619
802071
794845
780393
838200
852652
765942
816523
816523
809297
852652
773168
208411
210239
208411
197442
193786
212067
199270
212067
204755
210239
204755
213895
204755
193786
197442
199270
1966596
1817862
1966596
1801336
1751758
1834388
1966596
1751758
1983122
1883966
1784810
1751758
1900492
1850914
1917018
1801336
2395183
2333238
2374534
2477775
2395183
2415831
2312590
2229998
2333238
2188701
2374534
2333238
2436479
2250646
2333238
2168053
2308310
2166572
2126075
2186820
2166572
2348807
2166572
2308310
2166572
2308310
2267814
2389304
2267814
2369055
2227317
2227317
101090
104766
97414
109361
96495
99252
110280
99252
104766
101090
104766
98333
103846
104766
105684
106603
14469
15424
14469
15561
14878
15833
14605
14469
15970
14878
14742
15833
14742
14605
15561
16107
1851494
2024531
1903405
2041835
1886102
1834191
1903405
2041835
1868798
1834191
1903405
2041835
1903405
1816887
2059139
1868798
137819
148320
139132
156195
149632
154883
154883
149632
153570
137819
147007
140444
139132
140444
144382
144382
2468866
2655195
2655195
2678486
2631904
2748360
2748360
2492157
2631904
2678486
2585322
2608613
2445574
2562030
2655195
2794942
1195166
1227468
1249003
1173632
1162865
1152097
1173632
1205934
1259770
1184399
1227468
1281305
1130563
1162865
1216701
1152097
2208194
2000586
2000586
2113827
2132700
2151574
2208194
2000586
2113827
2000586
2132700
2000586
2227068
1981713
2132700
2000586
1742445
1727553
1712660
1742445
1578626
1623304
1608411
1608411
1623304
1682875
1727553
1638197
1682875
1653089
1727553
1593518
204802
221408
219563
202957
195577
204802
214028
197422
199267
217718
199267
201112
195577
217718
214028
202957
2821092
2797385
2489199
2631439
2749972
2749972
2821092
2749972
2607732
2702559
2655145
2584025
2702559
2536612
2678852
2536612
2171930
2133146
2327068
2055577
2036185
2074969
2210715
2055577
2113754
2307676
2327068
2171930
2113754
2113754
2191323
2171930
88303
89923
89113
94784
92353
85872
88303
93163
97214
88303
89113
95594
85872
88303
89923
92353
801348
801348
884507
869387
899626
907186
892067
831587
907186
876947
876947
876947
808908
876947
824028
846707
69793
66183
68590
65582
66183
67387
66785
67988
67988
68590
64378
72200
70395
67988
64980
68590
188598
185200
188598
180103
186899
191997
181802
190298
183501
178404
178404
188598
186899
202191
195395
197094
228472
213113
207353
213113
211193
203513
211193
215033
203513
222713
216953
201593
205433
224632
209273
205433
1958833
1828244
1828244
1860891
1893538
1779273
1909862
1926185
1795597
1746626
1779273
1795597
1762949
1828244
1828244
1762949
2941127
3073610
2941127
3153100
2914630
2994120
2835140
2941127
2888133
2835140
3179596
2782147
3047113
3126603
2994120
3047113
2868592
2717613
2969244
2969244
2944081
3019570
2969244
2843429
2969244
2692450
2692450
2667287
2893755
2969244
2944081
2843429
1072899
1134207
1123989
1134207
1226170
1205734
1215952
1215952
1072899
1226170
1113771
1175080
1093335
1144426
1226170
1083117
2401300
2580836
2603278
2670605
2468626
2625721
2446184
2491068
2423742
2446184
2535952
2491068
2693047
2491068
2670605
2423742
2730950
2526129
2662676
2617160
2617160
2480613
2685434
2548887
2617160
2594402
2685434
2662676
2503371
2639918
2617160
2594402
2680810
2806081
2881244
2956407
2680810
2881244
2931353
2906298
2730918
2781027
2831135
2755973
2881244
2831135
2831135
2931353
2180343
1907800
2144004
2180343
1998648
2053156
2089495
2089495
1944139
1980478
1925970
2034987
2144004
2180343
1998648
2162174
821722
883159
844761
829402
913878
844761
883159
867800
821722
806363
860120
814042
829402
883159
814042
867800
1285625
1184129
1274348
1251793
1274348
1206683
1274348
1274348
1330735
1285625
1274348
1229238
1184129
1251793
1263071
1342012
757768
706394
725660
687129
712816
738503
770612
712816
732081
738503
732081
693551
719238
725660
706394
674285
787395
707994
727844
707994
727844
794012
714611
707994
701377
734461
774162
694760
767545
727844
694760
701377
2611502
2431398
2408885
2656528
2453911
2679041
2543963
2588989
2476424
2431398
2611502
2431398
2566476
2498937
2521450
2679041
2593528
2571916
2355788
2593528
2355788
2528690
2269337
2550303
2463852
2485465
2334175
2442239
2355788
2420626
2550303
2399014
1458468
1540252
1581143
1526621
1444838
1458468
1458468
1553882
1458468
1540252
1608404
1485729
1485729
1499360
1581143
1540252
1110550
1129697
1120124
1100976
1081829
1139271
1120124
1014813
1081829
1120124
1024386
1139271
1033960
1014813
1014813
1091402
1788346
1754919
1938768
1754919
1788346
1838487
1938768
1905341
1771633
1838487
1838487
1821773
1754919
1855200
1788346
2005622
1666755
1581280
1709492
1652509
1595526
1695246
1524297
1695246
1581280
1495805
1681000
1524297
1567034
1666755
1510051
1552788
832371
916372
901099
878190
878190
832371
870554
809462
817099
862917
908736
893463
801826
893463
885827
832371
2252214
2377337
2231360
2273068
2231360
2398191
2439899
2439899
2439899
2460753
2439899
2481606
2460753
2481606
2356483
2252214
742886
742886
777600
812314
763714
805371
826200
756771
742886
819257
784543
729000
777600
742886
770657
763714
2834762
2756019
2756019
3044744
3123488
3149736
3044744
3018496
2966001
2782266
2939753
2782266
3070992
3149736
2939753
3018496
2375559
2152216
2253736
2253736
2355255
2436471
2294344
2233432
2213128
2253736
2334951
2233432
2152216
2416167
2314648
2314648
2811990
2736669
2987740
2761776
2862204
2937526
2912418
2811990
2862204
3012847
2987740
2837097
2912418
2862204
2811990
2887311
551745
536833
546774
556716
531862
531862
566657
556716
536833
531862
551745
581569
566657
521921
526892
531862
1666546
1713713
1886656
1792323
1745157
1808046
1776601
1697991
1823768
1839490
1760879
1776601
1650824
1682268
1839490
1713713
804758
834291
789992
775226
789992
856440
804758
856440
834291
863823
826908
878590
871206
871206
819525
885973
3034497
2906997
2932497
3034497
3008997
2779497
2779497
2932497
2957997
2957997
3059997
2677497
2702997
2804997
2983497
2855997
1305710
1366159
1317800
1414519
1414519
1378249
1354069
1329890
1414519
1341980
1378249
1269440
1293620
1305710
1402429
1390339
3021756
2837823
2837823
2942927
3021756
2811546
2916651
2942927
2942927
2916651
2811546
2811546
3048032
2969203
3021756
2811546
2459915
2333766
2459915
2501965
2459915
2459915
2354791
2249666
2396840
2480940
2333766
2270691
2417865
2291716
2291716
2270691
961557
1025661
961557
1080607
1025661
1080607
989030
1080607
1007345
998188
998188
989030
1034818
961557
1062292
1062292
641035
596441
629886
607589
585293
624312
635461
624312
657757
641035
629886
635461
596441
629886
629886
657757
2401240
2577478
2423270
2599508
2555448
2423270
2621537
2489359
2599508
2357181
2313121
2621537
2555448
2401240
2313121
2511389
2070214
2088698
2218087
2051730
1996278
1940826
1959310
1977794
1959310
2070214
2088698
2181119
2218087
2070214
1959310
1959310
1852280
1852280
1868818
1918433
1885357
1835742
1819204
1984586
1852280
1984586
1736513
1786127
1984586
1918433
1753051
1736513
1729716
1836867
1622566
1637873
1806253
1714409
1821560
1714409
1790945
1745024
1622566
1775638
1714409
1806253
1729716
1760331
1522013
1404935
1509004
1391926
1522013
1365909
1443961
1469978
1509004
1509004
1391926
1417943
1365909
1417943
1522013
1378917
1802887
1938954
2023996
1955962
1938954
2041004
2006987
1819895
1921945
1887929
1870920
2023996
1887929
1955962
2041004
1819895
1829512
1960191
1862182
1960191
1845847
1878516
1845847
1845847
1813177
1731502
1927521
1943856
1764172
1747837
1845847
1764172
31932
32220
31932
31357
31644
30494
33946
33370
30206
34233
30494
34233
31069
32795
32795
31932
1240865
1287690
1252571
1264278
1264278
1240865
1229159
1346222
1334515
1299397
1229159
1299397
1404753
1369634
1311103
1252571
1366382
1304833
1452550
1415621
1329453
1477170
1391001
1366382
1304833
1391001
1403311
1354072
1366382
1341762
1415621
1464860
1515685
1587180
1558582
1615777
1501386
1715870
1701571
1601479
1572881
1601479
1572881
1501386
1658674
1515685
1558582
1515685
714673
761427
714673
741390
781465
701314
768106
788144
748069
707994
788144
728031
801502
721352
701314
741390
1978482
2014454
2086399
2014454
1888551
2032440
1996468
1906537
2050426
2104385
1960495
2158344
2014454
2050426
2122371
1906537
2382631
2262498
2102321
2342586
2382631
2202432
2362608
2242476
2162387
2182409
2202432
2182409
2162387
2342586
2142365
2162387
212679
220705
234749
210673
232743
214685
212679
238762
226724
238762
228730
236756
236756
212679
234749
226724
2104430
1962956
2104430
2086746
2016009
2033693
2033693
1980640
2122114
2104430
1909903
2033693
2104430
1874534
1945271
1909903
640243
618901
634907
618901
597560
576218
581554
560212
586889
624237
602895
634907
597560
608231
602895
570883
2472038
2427092
2427092
2472038
2606877
2494511
2427092
2494511
2696769
2606877
2696769
2629350
2427092
2516984
2629350
2584404
3107166
2921267
3186837
2894710
3054052
2894710
2868153
2868153
2947824
3027495
2974381
2894710
2841596
2788482
3160280
3133723
1781040
1704271
1704271
1750333
1658210
1781040
1612149
1704271
1627502
1658210
1765686
1827102
1673564
1750333
1827102
1688918
2170094
2170094
2227708
2074073
2170094
2131686
2208503
2189299
2304525
2170094
2246912
2304525
2304525
2246912
2208503
2246912
1910265
1910265
1996313
2030732
1944684
1875846
1841427
1961894
1927475
1944684
1858636
1944684
1893056
1875846
1893056
1910265
1188360
1321634
1321634
1299421
1166147
1299421
1188360
1210572
1266103
1221678
1254997
1288315
1177254
1321634
1299421
1166147
1513069
1526824
1554335
1513069
1471804
1650621
1499314
1499314
1513069
1636866
1595600
1636866
1444293
1609356
1554335
1636866
1447362
1336026
1410250
1385509
1447362
1397880
1447362
1459733
1311285
1323656
1484474
1373138
1459733
1360768
1311285
1434991
2102178
2175938
2102178
2194379
2194379
2009977
2009977
2120618
2212819
2102178
1973097
2212819
1991537
2083738
2212819
2083738
2309931
2288739
2415891
2352315
2543043
2331123
2479467
2394699
2500659
2415891
2521851
2352315
2246355
2225163
2267547
2267547
1935779
2173186
2191448
1972303
2173186
1972303
2173186
1917517
2191448
1935779
2063613
2118400
2118400
2063613
1954041
2100138
1030193
1021077
1048427
1021077
1048427
993726
1011960
1057544
1084894
1011960
1075777
1048427
1057544
1002843
957259
1048427
2718342
2595894
2644873
2767321
2914258
2889769
2840790
2595894
2644873
2595894
2718342
2791810
2889769
2889769
2571404
2767321
1913911
2055682
1878468
2091125
1896189
2037960
2037960
1931632
1878468
1878468
2055682
2126568
1860747
1878468
1931632
2126568
1208599
1319480
1286216
1164247
1186423
1230775
1230775
1264039
1275128
1330568
1319480
1297304
1208599
1208599
1275128
1330568
572947
619824
625033
625033
557321
598990
593781
567738
614615
562529
562529
567738
614615
552112
562529
578155
425787
379660
397401
383208
425787
415142
393853
400949
393853
390305
415142
404498
418691
408046
408046
418691
2703222
2632085
2821785
2632085
2584660
2560947
2584660
2608372
2726935
2679510
2821785
2608372
2774360
2489810
2584660
2560947
879861
799207
835868
799207
821204
850532
857865
857865
843200
806539
791875
872529
821204
813871
799207
769878
2548932
2548932
2442726
2506449
2463967
2442726
2272797
2357762
2421485
2230315
2527690
2251556
2463967
2506449
2357762
2463967
1085720
966107
1021313
1012112
1104122
975308
984509
1094921
1085720
1002911
1030514
975308
1021313
1067318
1094921
1067318
1829644
1719235
1892736
1782326
1687689
1861190
1671916
1703462
1656144
1766553
1735008
1719235
1892736
1735008
1735008
1750780
1825165
1825165
1973151
1742950
1874494
1874494
1858051
1940265
1759393
1808722
1923822
1956708
1726507
1742950
1907379
1775836
1502338
1530159
1627533
1669264
1460606
1474517
1488427
1474517
1613622
1571891
1655354
1530159
1460606
1530159
1641443
1641443
834701
873706
889308
873706
928313
858104
897109
873706
826900
920512
904910
881507
865905
819099
865905
920512
1289043
1177918
1222368
1222368
1333492
1255705
1211255
1311267
1200143
1300155
1189031
1289043
1255705
1189031
1311267
1244593
568636
573668
533411
588765
578700
573668
578700
583732
548507
573668
603861
553539
548507
538443
533411
598829
256126
258497
270355
258497
282213
284584
275098
275098
277470
272727
282213
267984
270355
263240
253754
279841
1469922
1664062
1580859
1483789
1580859
1622461
1650195
1469922
1483789
1650195
1622461
1511523
1539258
1636328
1622461
1594726
770148
842803
864600
864600
777413
770148
850069
835538
813741
777413
762882
850069
821007
864600
813741
835538
3075837
2922045
3050205
2922045
2973309
3024573
2870781
2845149
2768253
2819517
2691357
2819517
2870781
2998941
3075837
2998941
95230
93498
95230
98693
99558
98693
93498
92633
101290
102156
97827
96096
102156
91767
91767
92633
2103165
2084218
2216850
2103165
2178955
2008428
2197903
2216850
2216850
2084218
2160008
2235797
2160008
2178955
2160008
2141060
365188
352486
333432
342959
377890
336608
365188
374714
381066
346134
374714
339783
346134
346134
365188
342959
1297110
1297110
1286117
1297110
1209170
1231155
1286117
1187185
1220163
1209170
1297110
1165200
1264132
1308102
1319095
1264132
359768
369235
366079
375547
347144
340832
366079
353456
340832
375547
369235
378703
369235
337677
353456
340832
36216
32896
34707
34707
36216
33198
36216
35008
34405
31689
34103
31689
32594
35310
32594
32594
2583695
2673563
2381493
2493828
2516295
2381493
2561228
2673563
2673563
2471361
2561228
2426427
2493828
2673563
2673563
2606162
2486523
2463065
2580354
2580354
2721101
2768016
2744559
2556896
2486523
2627270
2814932
2814932
2580354
2674185
2697643
2627270
2518425
2346225
2518425
2389275
2281650
2432325
2561475
2518425
2561475
2389275
2518425
2518425
2346225
2324700
2389275
2453850
2516025
2492511
2586568
2821711
2704139
2774682
2563054
2774682
2610082
2633597
2727654
2468997
2821711
2704139
2610082
2821711
662279
656418
685722
697444
650557
685722
703305
656418
679862
638835
644696
679862
638835
650557
674001
615392
3093954
3068171
2990822
2887690
3016605
3042388
2707209
3042388
2784558
2887690
2810341
3016605
2707209
2965039
2732992
3093954
1368051
1403432
1403432
1344464
1344464
1332671
1273703
1238322
1415226
1379845
1309084
1320877
1332671
1368051
1356258
1391638
1571199
1474722
1502287
1571199
1571199
1447157
1543634
1557416
1543634
1640111
1584981
1543634
1584981
1516069
1571199
1626329
294849
297554
284029
292144
297554
284029
294849
308374
294849
286734
305669
319194
311079
321899
308374
316489
2644357
2694251
2818985
2694251
2744144
2719197
2719197
2744144
2868878
2769091
2619410
2619410
2744144
2694251
2843931
2918772
2090286
2109288
2109288
2014275
2033278
2014275
2280312
2109288
2128291
2280312
2147293
2014275
2242306
2166296
2014275
2204301
2082703
2102168
2277348
2277348
2199490
2082703
2277348
2043774
2121632
2063239
2257884
2063239
2199490
2316277
2199490
2121632
1987422
2117440
2173162
2173162
2061718
2228884
2191736
2043144
2191736
2228884
1987422
2061718
2136014
1987422
1950274
2080292
585711
591289
624758
663805
652649
641493
591289
652649
658227
647071
669384
602445
658227
635914
658227
635914
1143106
1218594
1197026
1283298
1229378
1132322
1229378
1153890
1218594
1175458
1294082
1153890
1272514
1229378
1240162
1207810
2807674
2781915
2987983
2962225
2936466
2730398
3039500
2910708
2936466
2807674
2987983
2781915
2756157
2987983
3091017
2833432
2605266
2534853
2793033
2652208
2628737
2793033
2511383
2558324
2581795
2628737
2746091
2511383
2652208
2628737
2511383
2746091
32212
32212
31400
31941
30046
28963
30317
32482
31670
30858
30046
28422
28963
29234
28422
29234
49639
47834
53701
50993
49639
47834
50542
49639
50090
47834
49188
53701
54152
53249
48285
51896
1569675
1671413
1540607
1555141
1685947
1613277
1700481
1526073
1729549
1700481
1526073
1598743
1744083
1526073
1627811
1540607
256140
249090
256140
277289
258490
246740
272589
253790
260840
265539
256140
265539
267889
260840
256140
263189
1942089
1923768
2015376
2161948
2106984
2161948
2143627
2125305
2088662
2125305
1923768
2143627
2033697
2198592
2088662
2052019
2268637
2186141
2268637
2289261
2309885
2413005
2186141
2474877
2206765
2186141
2206765
2165517
2351133
2330509
2268637
2248013
665879
643114
620349
677262
603275
597584
654497
648805
603275
614658
671571
671571
677262
654497
682953
637423
475990
475990
444258
452191
464091
432358
475990
432358
436324
428391
420458
475990
460124
475990
424425
468057
377398
377398
360398
401198
404598
407998
390998
384198
397798
394398
407998
384198
373998
377398
401198
367198
481921
490527
503435
473315
481921
456104
516344
456104
460407
473315
499132
473315
464709
503435
451801
469012
501930
464285
455919
451737
472650
472650
468468
481016
489381
443371
460102
501930
439188
497747
485198
501930
749877
797166
709343
790411
770144
776899
709343
783655
709343
790411
716098
722854
749877
743121
743121
736365
1129918
1171006
1232638
1181278
1140190
1088830
1109374
1150462
1119646
1109374
1129918
1222366
1078558
1222366
1150462
1201822
1406260
1418279
1442318
1262028
1430299
1370202
1286067
1346163
1262028
1298086
1310105
1394241
1286067
1394241
1442318
1358183
1520113
1563545
1621454
1549067
1606976
1549067
1578022
1737272
1520113
1563545
1578022
1563545
1635931
1708317
1563545
1708317
506465
534090
483444
501861
538694
534090
524882
497256
497256
538694
543299
524882
520277
506465
552507
520277
212060
187320
210293
190854
201457
203224
185552
196155
185552
192621
204991
189087
208526
206758
189087
187320
2142277
2427914
2203485
2448316
2448316
2448316
2448316
2427914
2366706
2264693
2264693
2223887
2387108
2387108
2264693
2183082
434855
408838
408838
419988
431138
442288
405121
408838
397687
438571
434855
431138
412554
397687
412554
438571
113908
116880
116880
105984
109946
110937
109946
117870
104003
113908
104994
107965
104003
109946
110937
106975
2600594
2972108
2749200
2699665
2773967
2773967
2600594
2724432
2947340
2897805
2724432
2873038
2823502
2972108
2699665
2848270
132251
138051
124130
122970
136891
129931
126450
133411
133411
134571
129931
138051
133411
135731
124130
127611
2415664
2349783
2415664
2569389
2393704
2503507
2393704
2547428
2525467
2327822
2393704
2635270
2503507
2591349
2591349
2437625
1182257
1279875
1214796
1269028
1279875
1171411
1214796
1160564
1236489
1236489
1301568
1182257
1290721
1279875
1160564
1269028
1529227
1476946
1450805
1476946
1463875
1490016
1503086
1490016
1555368
1490016
1411594
1450805
1424664
1398524
1476946
1568438
1834492
1756095
1818812
1724736
1677697
1771774
1850171
1803133
1646339
1881530
1693377
1677697
1771774
1646339
1693377
1881530
1840799
1939413
1906542
1775056
1824363
1890106
1857235
1873670
1906542
1807928
1758620
1873670
1758620
1725749
1972285
1742185
713481
765846
687298
785484
772392
733118
765846
720027
739664
726572
765846
713481
733118
785484
700389
687298
728208
647982
691181
697352
691181
678838
691181
722037
709694
703523
734379
672667
715866
697352
666496
697352
1202737
1282163
1361589
1293510
1282163
1350243
1293510
1202737
1293510
1350243
1282163
1225430
1327549
1214084
1259470
1270816
2125860
2319120
2164512
2164512
2280468
2067882
2145186
2183838
2261142
2222490
2261142
2203164
2299794
2087208
2164512
2261142
2940888
2866119
2915965
2990733
2891042
2641814
2716583
2741505
2915965
2940888
2666737
2766428
2716583
2716583
2990733
2616891
1386810
1479264
1439641
1518887
1426433
1558510
1452849
1466056
1558510
1413226
1584926
1413226
1400018
1413226
1400018
1558510
2349634
2306913
2541876
2477795
2541876
2349634
2435075
2349634
2328273
2328273
2306913
2477795
2306913
2477795
2456435
2541876
2369173
2286044
2389955
2244479
2431519
2431519
2327608
2182133
2369173
2348390
2223697
2182133
2306826
2306826
2244479
2431519
1349884
1291194
1267718
1361623
1385099
1291194
1349884
1244241
1314670
1255979
1396837
1361623
1314670
1396837
1349884
1373361
186272
180063
173854
184720
181615
169197
170749
176958
167645
175406
183167
184720
172301
183167
176958
167645
2734230
2709373
2783943
2858513
2734230
2634803
2634803
2883370
2759087
2808800
2659660
2709373
2908226
2734230
2684517
2933083
788499
734120
740917
795296
802094
713728
747715
761309
740917
815689
781702
754512
713728
713728
761309
802094
452675
468699
444663
468699
456681
444663
456681
420627
428639
452675
428639
448669
452675
480717
472705
480717
707521
700909
700909
727358
793482
780257
773644
700909
720746
720746
767032
793482
733970
793482
733970
720746
1182201
1088869
1099240
1099240
1161461
1130350
1182201
1119980
1099240
1151091
1234052
1088869
1213312
1119980
1171831
1182201
1728324
1835389
1774209
1774209
1789504
1758914
1774209
1820094
1682440
1728324
1621260
1728324
1636555
1835389
1667145
1682440
316371
322071
333472
322071
310670
330622
313520
327771
319221
342022
299269
302120
322071
319221
339172
316371
893841
837976
893841
853938
885861
933745
837976
853938
933745
869899
885861
853938
909803
869899
933745
853938
50596
56743
55324
50596
53433
56270
56743
51068
50596
50596
51068
56270
49650
55797
55797
51068
973819
917013
884552
933243
949473
941358
908897
876437
933243
933243
892667
941358
892667
973819
900782
973819
246971
226217
224142
230368
217915
249046
232443
249046
230368
234519
222066
236594
226217
244896
246971
246971
678651
667050
649649
632247
690252
696052
684451
609046
638048
649649
614846
667050
696052
626447
667050
678651
336932
385065
369021
372230
372230
362603
349767
372230
365812
381856
343350
369021
346559
359394
365812
336932
431438
427551
427551
466419
419777
435324
427551
431438
408117
412003
408117
431438
439211
443098
446985
439211
2247188
2325351
2227647
2305810
2227647
2227647
2090862
2247188
2129943
2305810
2266729
2090862
2286270
2110403
2266729
2344892
2085804
2140216
2176491
2158354
1922567
2085804
1976979
2049529
2049529
2176491
1995117
1922567
2122079
1922567
1958842
1958842
2265631
2089850
2304694
2226569
2128912
2187506
2324225
2109381
2167975
2343757
2285163
2050787
2167975
2285163
2285163
2304694
1599841
1585297
1672561
1541665
1658017
1599841
1527121
1628929
1541665
1628929
1716193
1527121
1730737
1614385
1570753
1585297
909034
861190
909034
853216
885112
917008
861190
869164
924982
932956
917008
932956
924982
845242
861190
948904
955890
923487
866782
915387
858681
858681
907286
891084
915387
891084
850580
866782
931588
931588
972092
907286
321053
295927
323845
326637
307094
312678
332220
295927
312678
315470
326637
329428
326637
321053
329428
326637
2790480
2941316
2790480
2840758
2991595
2790480
2891037
3016735
2966456
2941316
2715061
2891037
2991595
2740201
2715061
2689922
918892
871363
887206
926814
918892
855520
879285
926814
950578
887206
934735
871363
942657
831756
918892
910971
338940
319002
336092
316154
330395
338940
321851
316154
301913
304761
304761
338940
321851
327547
304761
310458
1673586
1801097
1864853
1705464
1721403
1769220
1912670
1817036
1689525
1721403
1880792
1689525
1880792
1817036
1785159
1817036
2466159
2694507
2603168
2420489
2740177
2534663
2534663
2397655
2466159
2648837
2694507
2717342
2466159
2488994
2717342
2671672
2452986
2497184
2364590
2519283
2320392
2342491
2607679
2651877
2386689
2563481
2475085
2563481
2585580
2408788
2475085
2408788
318730
330535
330535
354145
318730
321681
312828
339389
339389
324633
327584
327584
354145
330535
330535
336437
1712127
1804674
1850948
1789250
1650428
1681278
1712127
1727551
1650428
1835523
1789250
1850948
1727551
1650428
1758400
1758400
2716717
2787588
2480481
2598599
2811211
2480481
2645846
2622222
2480481
2645846
2598599
2740341
2598599
2480481
2645846
2693093
620975
626471
659443
648452
582508
631966
615480
648452
582508
642957
609984
588003
626471
609984
637461
604489
1351924
1340369
1375034
1247930
1305704
1340369
1247930
1375034
1351924
1305704
1259485
1340369
1259485
1317259
1294149
1294149
2199654
2361097
2219835
2280376
2421638
2240015
2159294
2159294
2199654
2381277
2401458
2280376
2219835
2320736
2340917
2361097
2464250
2441848
2688273
2374641
2464250
2397043
2352239
2509055
2688273
2688273
2643469
2688273
2531457
2643469
2486653
2509055
566036
523227
542253
566036
513713
566036
551766
566036
527983
518470
556523
566036
556523
499444
561279
542253
1265604
1301088
1301088
1372057
1301088
1301088
1277432
1336573
1301088
1419369
1241948
1253776
1372057
1265604
1407541
1336573
673816
680113
686411
730492
680113
749384
661221
724195
692708
699005
673816
743087
661221
711600
661221
743087
698872
711026
704949
704949
656332
668486
686717
692795
668486
711026
644177
717103
674563
644177
711026
662409
2144502
2182458
2163480
2011657
2220414
1992679
2258370
2106546
2144502
2087569
2125524
2144502
1992679
2125524
2144502
2144502
2105807
2324334
2185272
2364067
2264736
2085941
2185272
2284602
2085941
2364067
2304468
2205138
2344200
2383933
2364067
2364067
2555207
2701219
2895901
2579542
2579542
2822895
2701219
2628213
2676884
2676884
2920237
2847231
2579542
2603878
2774225
2652548
1199015
1104356
1167462
1156944
1156944
1156944
1177980
1209533
1199015
1167462
1177980
1220050
1167462
1241086
1251603
1230568
2591017
2519044
2567026
2710971
2543035
2710971
2638999
2830926
2686980
2854917
2878908
2686980
2830926
2734962
2806935
2878908
2925585
2605983
2802661
2901000
2728907
2753492
2581398
2753492
2827246
2679737
2605983
2655153
2851831
2630568
2778076
2655153
1464611
1543073
1543073
1412304
1477688
1425381
1399227
1477688
1438457
1386150
1386150
1451534
1477688
1503842
1373073
1477688
105153
94638
102524
105153
101648
95514
99019
93761
98143
104277
105153
102524
98143
97267
93761
92009
231453
227320
219054
235586
221120
223187
245919
235586
241786
235586
243852
216987
225253
239719
239719
233520
1916209
2019788
1864420
1898946
1985262
1985262
1985262
2054314
2054314
1812630
1847157
1829893
1864420
2054314
1985262
2002525
2118856
2079618
2275808
2177713
2059999
2275808
2354284
2216951
2177713
2079618
2099237
2177713
2315046
2315046
2216951
2079618
677444
739030
671286
695920
720555
732872
646651
677444
677444
739030
732872
665127
671286
646651
658969
695920
2853294
2699062
2750473
3007527
3033232
2750473
3058937
2776178
2827589
2981821
2724768
2750473
2827589
3007527
3007527
3058937
111427
107617
111427
100951
103808
112379
99998
100951
103808
105713
112379
110474
105713
114284
103808
106665
1071669
1071669
963602
1053658
972608
999624
1026641
1026641
1026641
1053658
1071669
954596
963602
963602
1080675
1017636
618654
602654
618654
591988
602654
575988
629321
565322
639987
634654
586655
586655
581322
591988
570655
613321
600138
645862
674440
651578
617284
668725
623000
628716
634431
623000
617284
605853
634431
651578
645862
611569
402862
413281
368132
392443
413281
416754
399389
382024
368132
385497
385497
409808
375078
382024
378551
395916
1758182
1790149
1838100
1790149
1838100
1838100
1790149
1886050
1710232
1886050
1886050
1854083
1806133
1710232
1758182
1774166
533264
501630
506149
497110
510668
519706
506149
515187
497110
528745
533264
483553
488072
488072
515187
474514
1724594
1661881
1865697
1724594
1802984
1881375
1865697
1740272
1661881
1740272
1818663
1850019
1677559
1693238
1661881
1661881
667470
655223
685840
649099
655223
673593
679717
734829
728706
704211
661346
691964
710335
655223
655223
698088
2023636
1821273
1821273
1871864
1838136
1905591
1838136
1956182
1922454
1871864
1905591
1804409
1804409
1821273
2023636
1905591
1117058
1076065
1096561
1209292
1127306
1199044
1117058
1147802
1096561
1096561
1199044
1229788
1147802
1178547
1168299
1209292
1482865
1580790
1622758
1510844
1510844
1594780
1594780
1678716
1482865
1608769
1538823
1594780
1524833
1594780
1650737
1608769
2134148
2192352
2153549
2134148
2075944
2114747
2095345
2211753
2269957
2075944
2211753
2075944
2328162
2172951
2134148
2095345
900256
908293
852028
924369
948484
892218
900256
900256
852028
964560
843990
940446
908293
843990
860066
964560
1050014
1079454
1040201
1138333
1050014
1099080
1099080
1079454
1069640
1069640
1069640
1079454
1030388
1079454
1030388
1089267
1767209
1861043
1642097
1767209
1657736
1689014
1876682
1845404
1829765
1767209
1673375
1782848
1861043
1657736
1735931
1767209
1697327
1726341
1740848
1668313
1610284
1726341
1537749
1668313
1566763
1668313
1595777
1639298
1682820
1740848
1595777
1595777
498087
524534
506902
484863
471639
528942
520126
524534
498087
511310
480455
484863
484863
489271
515718
462824
1839154
1774051
1741499
1920532
1806602
1741499
1757775
1953084
1708948
1871705
1936808
1806602
1741499
1920532
1806602
1822878
417527
445362
461268
469221
421503
425480
453315
421503
457291
473197
477174
457291
441385
465244
445362
433433
2102460
2011837
2102460
2029961
1957463
2011837
1975587
1957463
2084335
1939338
2138709
2102460
2156834
1957463
1975587
2011837
801591
847396
816859
855030
900835
908469
885567
832127
847396
877932
908469
809225
877932
893201
916104
801591
1973307
2233933
2103620
2159468
2010539
1954691
2178084
2159468
1954691
2029155
2085004
2029155
2233933
2010539
2196700
1991923
1189371
1129403
1189371
1189371
1199366
1159387
1199366
1159387
1079429
1149392
1099419
1129403
1159387
1059440
1149392
1099419
703728
741428
697445
716295
728861
722578
666028
691161
735144
728861
672312
703728
735144
672312
703728
666028
1418457
1320632
1296176
1455141
1332860
1308404
1283948
1308404
1406229
1430685
1418457
1406229
1381773
1308404
1430685
1357316
2026901
2101972
2120739
2101972
2195810
2008134
2158275
1989366
1970599
2101972
2158275
2252113
2252113
2008134
2045669
2177042
131380
129075
130227
138295
134837
122160
122160
138295
138295
126770
132532
124465
137142
121008
133685
122160
548362
493065
502281
529930
493065
493065
502281
483849
483849
488457
506889
506889
497673
493065
483849
511497
1739511
1646323
1786105
1723979
1708448
1863762
1801636
1848230
1661854
1630791
1739511
1661854
1630791
1817167
1661854
1770573
2613133
2588481
2933611
2687089
2785698
2687089
2761046
2613133
2687089
2785698
2687089
2835003
2761046
2711742
2958264
2859655
732334
798910
752307
732334
778938
725677
752307
765622
719019
778938
798910
732334
792253
765622
785595
705704
2026544
2062733
2026544
2098921
1917979
2062733
2062733
2044638
2044638
2044638
1936074
2080827
1917979
2080827
2026544
2044638
3052240
2950499
2975934
2848758
2874193
2925064
3001370
2721581
2747016
2721581
2747016
2925064
2670710
2950499
2874193
2670710
945448
872094
880245
912847
920997
961749
929147
912847
945448
863944
978050
896546
953599
904696
904696
945448
377830
377830
394698
357589
381204
391324
374457
354216
357589
398071
398071
404818
384577
381204
401445
387951
2427447
2318103
2318103
2602399
2580530
2449316
2536792
2383710
2449316
2558661
2361841
2602399
2339972
2602399
2536792
2383710
648602
673311
667134
741260
704197
685665
722728
685665
648602
716551
704197
691843
685665
667134
735083
704197
2216362
2364119
2343011
2279686
2343011
2216362
2427444
2300794
2216362
2427444
2237470
2427444
2532985
2300794
2343011
2258578
1395643
1372187
1407372
1325275
1231450
1337003
1407372
1243178
1243178
1266634
1231450
1254906
1278362
1348731
1266634
1278362
978216
951292
987190
969241
1067960
1076935
1067960
942318
1014113
1005139
1005139
996165
1076935
1067960
987190
1067960
1220860
1077229
1159304
1159304
1210600
1108007
1149044
1087488
1087488
1190082
1200341
1149044
1190082
1108007
1210600
1179822
1236336
1280889
1202922
1191784
1303165
1236336
1336580
1247475
1325442
1325442
1225198
1191784
1325442
1191784
1169507
1258613
1659922
1707349
1691540
1833819
1770584
1818010
1786393
1865437
1659922
1691540
1802202
1675731
1754775
1802202
1770584
1738966
4068
3726
3863
3692
3795
3726
3589
3726
3863
4000
3863
4068
3931
3692
3658
4102
2459433
2348648
2658847
2415119
2481590
2370805
2481590
2658847
2503747
2614533
2481590
2437276
2437276
2326491
2548061
2459433
500991
527359
474623
479017
509780
483412
527359
496596
487807
522964
487807
470228
474623
505385
505385
465833
1081736
1023786
1062419
1043102
1033444
1101053
1062419
1043102
1043102
1101053
1062419
1023786
1052761
1159003
1072077
1081736
901235
885561
877724
916909
869888
862051
830703
924745
869888
901235
909072
854214
909072
893398
846377
854214
2063384
1891435
1822656
2063384
2063384
1822656
1960215
2063384
2028994
1822656
1943020
1908630
2011799
1857045
1891435
1977410
2401465
2276171
2380583
2192642
2484994
2192642
2338818
2380583
2317936
2484994
2401465
2464112
2401465
2317936
2234407
2276171
1507400
1456302
1456302
1430752
1481851
1417978
1443527
1494625
1354105
1366880
1405203
1494625
1379654
1494625
1392429
1366880
438844
424216
427873
391303
402274
424216
409588
405931
420559
424216
394960
427873
394960
431530
424216
405931
1986764
1784720
1902579
1885742
1801557
1953090
1784720
1986764
2020438
1835231
2020438
1969927
1969927
1936253
1936253
1868905
1367115
1454911
1467453
1454911
1404742
1492538
1316945
1479996
1479996
1392199
1354572
1342030
1505080
1379657
1404742
1316945
2064642
2029349
1994056
1976410
2099935
2011703
2099935
2082289
1905824
2029349
2117582
1888177
2082289
2046996
1923470
2064642
28454
27736
28214
27497
26062
25345
26780
25345
26062
26302
27258
28693
27975
25823
26062
28693
1789930
1823703
1857475
1992564
1891247
1857475
2009450
2009450
1840589
1992564
1806816
1806816
1941906
1789930
2009450
1823703
2029614
2065222
2118633
1904989
1940596
2118633
1922793
2011811
1940596
2100829
2047418
1976204
1940596
2029614
2029614
2136436
58079
62919
60230
59692
59692
58079
56465
64532
56465
60768
58616
63456
60230
62381
57541
63456
1959412
2218202
2199717
2144262
2125777
2144262
2218202
2014867
2014867
2125777
1940927
1996382
1996382
2125777
2088807
2125777
1968324
1986720
2207467
2060302
2152280
2060302
2023511
2207467
2170676
2060302
2060302
2060302
2152280
2115489
2023511
2133884
1882649
1900409
1900409
2024735
1953692
1935931
2078018
2095779
1918170
1989214
1971453
1918170
2095779
2006974
1935931
1971453
640951
658431
675912
652604
675912
623470
681739
681739
664258
681739
623470
675912
664258
664258
658431
635124
2097773
2009631
2062516
2115402
1903861
2027260
1903861
1903861
1886233
2062516
2009631
1992003
1850976
1868605
1850976
1992003
750735
792442
806345
792442
813296
778540
806345
799393
820247
757686
757686
771588
813296
813296
771588
736832
134780
132330
147033
132330
139681
139681
136006
142132
131104
145808
144583
133555
143357
140907
144583
136006
876382
844222
900503
876382
844222
860302
900503
964825
868342
860302
852262
844222
940704
900503
916583
884423
13803
12538
12193
12193
12308
13113
12998
12538
13688
12653
13688
13113
12538
13113
12653
13803
1683042
1746553
1857697
1857697
1667164
1825942
1778309
1778309
1778309
1857697
1746553
1714798
1667164
1889453
1873575
1841820
1768186
1964652
1784558
1931907
1915535
1931907
1817303
1735442
1948279
1800931
1850047
1735442
1931907
1833675
1719070
1931907
707188
744409
688578
688578
744409
676171
657561
663764
688578
713392
669968
682375
744409
682375
694781
713392
1140348
1201988
1201988
1099254
1130075
1160895
1109528
1088981
1212262
1232809
1171168
1191715
1078708
1222535
1212262
1119801
762614
667287
724483
743549
737193
730838
667287
737193
743549
686352
762614
762614
718128
692708
737193
724483
244991
253664
242823
255832
255832
247159
253664
260168
231983
242823
236319
240655
242823
229815
238487
249328
2012878
2046994
1995819
1859353
1808178
1876411
1910528
1859353
2012878
1910528
1825237
2046994
1927586
1859353
1893470
1910528
1634036
1798939
1723983
1589062
1589062
1574071
1738974
1768956
1664018
1753965
1723983
1604054
1783948
1738974
1619045
1708992
737816
712374
763258
744177
750537
699653
750537
712374
699653
712374
731456
737816
725095
686932
667851
744177
2111705
2205977
2243686
2055141
1979723
2073996
1998578
1979723
2168268
1998578
1979723
1998578
2205977
2130559
2262541
2036287
2660470
2776143
2729874
2660470
2729874
2614201
2452260
2521663
2614201
2567932
2683605
2753009
2544798
2637336
2753009
2776143
297507
311540
322767
331187
303120
294700
308733
331187
305927
294700
300313
325573
305927
328380
311540
319960
291473
321437
291473
302369
318713
288749
318713
291473
310541
310541
305093
305093
321437
305093
302369
324161
1327617
1374200
1222805
1339263
1246097
1362555
1222805
1339263
1397492
1269388
1222805
1362555
1327617
1281034
1269388
1315972
2957891
2832557
2882691
2807490
2707223
2982958
2907758
2757356
2732289
2632022
2957891
3008025
2682156
2657089
2707223
2932824
2951979
2849302
2797963
2926310
2797963
3028988
2823632
2746624
2746624
2874971
2746624
3003318
2772294
2695285
2823632
3054657
2680444
2754217
2655852
2778808
2754217
2754217
2754217
2827991
2705035
2631261
2705035
2655852
2803400
2877173
2582079
2631261
3099179
2940246
2807803
3019712
2940246
3046201
3019712
2993224
3178645
2966735
2887269
2913758
2966735
2781314
2860780
2860780
808055
859948
800641
882188
800641
800641
867361
793228
845121
778401
889602
889602
808055
785815
882188
882188
2285311
2432074
2453040
2369176
2453040
2327243
2515939
2453040
2432074
2494973
2201446
2285311
2285311
2515939
2369176
2306277
2883590
2657918
2883590
3008964
2632843
3008964
2682992
2657918
2808366
3008964
2808366
2908665
2733142
3008964
2883590
2783291
2785865
2835173
2859826
2637943
2761212
2662597
2637943
2909134
2736558
2711904
2933787
2662597
2884480
2761212
2909134
2884480
754086
716065
754086
722402
697054
735075
697054
684380
716065
671707
760423
665370
709728
684380
735075
747749
1016463
1042526
920898
946961
946961
1025150
955649
999087
955649
973024
938273
999087
1042526
955649
1007775
999087
1675304
1660985
1503478
1632347
1560753
1517797
1589391
1646666
1618028
1532115
1703941
1646666
1589391
1632347
1546434
1632347
2638987
2708434
2453795
2430646
2523242
2592689
2476944
2638987
2546391
2777881
2430646
2569540
2453795
2592689
2708434
2708434
33018
31619
31619
32738
33298
32459
29940
33018
30780
32459
30500
33578
33298
31339
33578
29940
789372
855767
885277
781994
826258
848390
870522
796749
774617
833636
855767
811504
877899
826258
885277
811504
147227
135604
138187
148519
152393
149810
154976
148519
144644
143353
139478
135604
153684
151101
154976
139478
2051716
1977108
1995760
2033064
2163628
2014412
2144976
2089020
2014412
1977108
2182280
1977108
2238236
2163628
2051716
1995760
2151890
2094760
2132847
2189977
2247107
2151890
2132847
2151890
2056674
2247107
2075717
2247107
2189977
2189977
2056674
2037630
873667
972573
989058
956089
964331
931362
956089
947847
956089
931362
947847
873667
881910
980815
939605
939605
1186700
1106245
1156529
1066018
1126359
1076075
1096189
1116302
1116302
1156529
1116302
1196756
1106245
1156529
1086132
1096189
1813890
1766979
1845164
1829527
1704431
1704431
1720068
1673157
1798253
1860801
1813890
1688794
1641883
1829527
1735705
1798253
790138
742457
722023
749269
790138
756080
803761
715211
749269
796950
776515
756080
742457
817384
756080
783327
1754347
1919852
1754347
1886751
1737797
1886751
1754347
1936402
1919852
1903301
1853650
1969503
1986054
1919852
1853650
1837099
2495232
2630109
2517711
2562670
2450273
2382834
2675068
2652589
2675068
2607630
2427793
2405313
2360354
2517711
2607630
2675068
2399664
2468226
2719620
2536788
2605350
2491080
2559642
2673912
2673912
2468226
2445372
2582496
2742474
2582496
2559642
2719620
1217029
1260886
1206065
1260886
1227993
1304743
1315707
1271850
1151244
1304743
1173172
1315707
1206065
1304743
1304743
1217029
29686
30189
29938
28176
29183
27925
27925
29686
29938
27422
29183
29434
29938
28931
26415
29938
843889
851850
875734
835928
939423
883695
875734
859811
955346
883695
867772
835928
883695
939423
955346
931462
2007735
1957542
1873886
2007735
2007735
1806962
1857155
1790230
1890617
1907348
1890617
1940811
1756768
1957542
1773499
1924079
1907648
2081071
2046386
1959675
1872964
1838279
1924990
1838279
1907648
1855621
1942333
1820937
1942333
1924990
1924990
2011702
19278
18571
18925
20870
19809
18571
19986
19809
20163
20870
20163
19986
20870
19278
18925
20516
2695309
2969831
2770179
2845048
2645396
2745222
2620439
2770179
2620439
2620439
2870005
2969831
2720266
2745222
2620439
2944875
453948
397204
442599
435033
397204
442599
416119
435033
435033
435033
438816
442599
397204
412336
450165
438816
1410911
1350096
1350096
1337933
1423074
1313607
1386585
1350096
1350096
1325770
1337933
1325770
1289281
1289281
1362259
1374422
689437
665457
635481
647471
719413
635481
647471
701427
677447
701427
647471
647471
695432
671452
719413
659462
1756826
1650811
1665956
1620521
1665956
1741681
1650811
1605376
1787117
1726536
1802262
1802262
1787117
1756826
1650811
1620521
1397631
1246221
1397631
1222927
1269515
1292809
1351043
1327750
1222927
1339396
1222927
1385984
1234574
1222927
1292809
1362690
1784663
1800456
1879424
1689902
1689902
1658315
1800456
1768869
1721489
1674108
1784663
1658315
1863630
1816250
1753076
1784663
973811
914016
973811
999438
922558
973811
948185
896932
948185
948185
956727
982354
905474
965269
1016522
948185
393223
375349
407522
396798
396798
414672
400373
378924
393223
396798
418246
411097
393223
407522
428971
393223
2974756
3080057
2922106
3159033
2974756
3159033
3132708
3080057
2895780
2843130
3001081
2843130
3159033
2816804
2948431
2764154
1207864
1197175
1239932
1154419
1133041
1250621
1229243
1250621
1175797
1175797
1143730
1197175
1207864
1122352
1165108
1207864
426608
403957
422833
445485
445485
396406
419058
396406
430384
403957
437934
422833
437934
437934
419058
415283
209555
190184
200750
198989
204272
193706
195467
186662
202511
211316
207794
195467
206033
202511
207794
202511
1744444
1698131
1713569
1651818
1837069
1713569
1837069
1636381
1744444
1620943
1636381
1667256
1775319
1744444
1729006
1620943
1062381
1082617
1193914
1173678
1072499
1072499
1112971
1062381
1153442
1082617
1102853
1143324
1102853
1143324
1072499
1082617
573035
567729
631399
636705
604870
626093
583646
615482
604870
604870
583646
620787
594258
567729
620787
567729
120876
134560
124297
122016
136840
133419
125437
133419
135700
124297
125437
132279
122016
125437
128858
127718
2826280
2877667
2800587
2826280
2980441
3031828
2903360
2929054
3083215
3057521
2723506
3006134
2929054
3006134
3006134
2723506
2687815
2595924
2549978
2549978
2481060
2595924
2733760
2412141
2641869
2618896
2641869
2733760
2527005
2549978
2687815
2710788
2750651
3143601
3012618
2750651
2934028
2803044
2986421
2960224
3117404
2960224
3038814
2907831
2881634
3065011
2776848
3065011
216565
201500
224098
216565
224098
203383
205266
207149
224098
224098
218448
222215
199617
225981
218448
218448
897391
851371
820691
828361
836031
836031
889721
920401
912731
882051
920401
805351
912731
866711
843701
905061
860221
831547
781367
831547
824378
845884
838715
767030
845884
853052
788536
774199
767030
831547
774199
781367
1608060
1693443
1664982
1693443
1593829
1508445
1622290
1536906
1494215
1494215
1650751
1579598
1679213
1636521
1522676
1508445
2748020
2576269
2625341
2674413
2600805
2625341
2649877
2600805
2649877
2600805
2821628
2625341
2600805
2895236
2772556
2772556
36815
38106
36169
34231
37138
34554
35846
36492
36815
35846
36169
37138
35200
36169
33908
37461
1197532
1155513
1187027
1113495
1102990
1102990
1145009
1123999
1187027
1123999
1197532
1113495
1260560
1260560
1123999
1134504
780599
787760
845052
802083
816406
787760
816406
816406
751953
766276
852213
766276
794922
766276
830729
787760
98910
96284
103286
93658
102411
105037
100660
94533
95408
97159
99785
96284
101535
97159
105037
102411
1188968
1222618
1267484
1200184
1211401
1323568
1245051
1301134
1177751
1289918
1177751
1256268
1211401
1177751
1334784
1200184
2713191
2621219
2437273
2552239
2552239
2506253
2667205
2713191
2437273
2529246
2621219
2529246
2460267
2736184
2759178
2552239
1165632
1155224
1176039
1134409
1238484
1134409
1238484
1134409
1217669
1092780
1207261
1186447
1228076
1228076
1238484
1217669
2207474
2375663
2480781
2354639
2522828
2396686
2312592
2438734
2417710
2417710
2480781
2438734
2501804
2501804
2228498
2480781
1013794
1041955
1051342
1107664
1117051
1107664
1107664
985633
1032568
995020
1013794
1013794
1013794
1079503
1032568
1004407
1777418
1701460
1747035
1716651
1747035
1822993
1610310
1595119
1595119
1625502
1595119
1640693
1701460
1807801
1777418
1686268
1072310
1141174
1151012
1062472
1141174
1062472
1091985
1101823
1111661
1032959
1062472
1091985
1151012
1151012
1052634
1151012
774936
774936
781503
742100
702696
689562
728965
689562
709264
768369
781503
728965
761802
742100
748667
722398
2035749
2016724
2035749
2111852
2283084
2092827
1997698
2226006
2035749
2111852
2035749
2283084
2149904
2206981
2283084
2035749
1164960
1153969
1186940
1241891
1197930
1186940
1307832
1318822
1164960
1263871
1208920
1307832
1241891
1307832
1252881
1307832
1371371
1359749
1348127
1324884
1290018
1255153
1255153
1243531
1371371
1266775
1266775
1313262
1220287
1324884
1394614
1301640
2871102
2560065
2751472
2703621
2679695
2655769
2583991
2703621
2607917
2512214
2727546
2583991
2727546
2847176
2823250
2512214
1391002
1367019
1355028
1271088
1402993
1414985
1391002
1402993
1295071
1367019
1426976
1379011
1379011
1331045
1283079
1331045
414477
441341
406801
429828
429828
425990
460530
437503
433665
422152
445178
422152
449016
410639
456692
460530
2864327
2864327
2964830
2864327
2964830
2738699
2889453
3015081
2763824
2638196
2889453
2814076
2864327
2939704
2889453
2889453
2451378
2451378
2451378
2451378
2542170
2701056
2496774
2678358
2519472
2587566
2474076
2542170
2655660
2632962
2428680
2701056
2809738
2886368
2682023
2962997
2886368
2682023
2962997
2962997
2860824
3014083
2860824
3065169
2886368
2835281
3014083
2937454
690307
733840
690307
696526
746278
696526
659212
727621
690307
684088
733840
665431
721402
696526
684088
659212
1040088
1022608
1005127
1013867
961426
952686
987647
917725
987647
1040088
987647
996387
1013867
1048828
970166
1005127
1323075
1357590
1242540
1369095
1231035
1334580
1357590
1323075
1300064
1219530
1334580
1265550
1219530
1254045
1300064
1334580
1854372
2026074
1802862
1837202
1957393
1905883
1871543
1923053
1802862
1820032
1905883
1923053
1974563
1957393
1957393
1957393
1553952
1612044
1568475
1539429
1612044
1641089
1626567
1742750
1713704
1568475
1539429
1641089
1582998
1699181
1684658
1655612
41205
39734
43781
43781
43413
40838
39734
43781
39734
38998
41573
41573
43045
43781
41941
41205
613602
646770
602546
597018
580434
630186
585962
630186
646770
624658
580434
646770
619130
646770
646770
585962
508449
531561
531561
536183
499205
508449
536183
526938
554672
489960
499205
554672
517694
540805
494582
517694
2346351
2366933
2366933
2161113
2325769
2222859
2428679
2305187
2428679
2181695
2202277
2161113
2181695
2387515
2428679
2408097
2740752
2836082
2812250
2859915
2788417
2716919
2573924
2693087
2740752
2645421
2550091
2740752
2597756
2836082
2740752
2788417
351935
339586
364283
351935
358109
324150
339586
355022
336499
370458
370458
330325
348847
339586
348847
348847
739932
788339
774509
809085
795254
829831
733017
746848
726102
829831
802170
802170
739932
746848
746848
788339
39976
41001
40318
41001
38951
37926
39976
39634
40659
40318
37926
38609
36901
39293
36901
39293
1658434
1586328
1615171
1644013
1615171
1644013
1716119
1514222
1730540
1600749
1615171
1543065
1687276
1701698
1571907
1716119
119762
113459
117661
113459
113459
110307
115560
112408
113459
115560
114509
118712
117661
118712
113459
116611
2080733
2233448
2099823
2290716
2195269
2061644
2118912
2214358
2138001
2290716
2118912
2252537
2233448
2271626
2138001
2290716
272429
289765
274905
289765
274905
282335
284812
289765
279859
284812
274905
294718
264999
279859
284812
292242
1232483
1158745
1169279
1211415
1179813
1158745
1148211
1190347
1148211
1169279
1106075
1243017
1127143
1264086
1137677
1243017
131766
122679
128358
134038
122679
126087
124951
127223
124951
121543
131766
121543
119271
124951
120407
127223
891188
831775
854055
883761
876335
861482
809496
846628
846628
787216
876335
794642
846628
824349
831775
831775
758846
701454
758846
675947
675947
675947
758846
733338
688700
714208
746092
707831
707831
714208
688700
746092
641003
635175
652657
687621
675966
635175
646830
664312
641003
629348
670139
652657
623521
617693
623521
611866
2392294
2476977
2392294
2519319
2476977
2476977
2371124
2455807
2413465
2476977
2307611
2286441
2286441
2392294
2307611
2286441
