887309
1129303
1097037
1072837
927641
1088970
879243
863110
911508
1064771
1040572
1121236
919575
863110
1097037
903442
1379026
1172172
1053970
1319925
1250974
1319925
1379026
1408577
1191872
1113071
1250974
1290374
1113071
1122921
1329775
1241123
2720835
2310550
2958368
3066338
2569677
2915180
2807210
2310550
2958368
2332144
2591271
2375332
2742429
2656053
2461708
3131119
1747595
1403178
1569008
1454203
1466959
1734839
1505228
1581765
1479715
1441447
1543496
1849644
1824132
1696570
1747595
1492471
785070
914714
914714
1044359
799475
806677
849892
1001144
1008347
993942
1015549
828285
821082
785070
957929
871500
2173841
2294610
2395251
2314738
2354994
2898455
2717301
2656917
2596532
2737429
2777686
2878326
2556276
2173841
2536148
2415379
2082964
2063497
2258167
2472303
2764308
2647506
2102431
2102431
2413903
2297101
2316568
2491770
2550171
2472303
2102431
2764308
893463
885626
1073723
940488
1026699
1003187
1042374
1128585
924813
909138
885626
1065886
862114
932650
1058049
1065886
2574697
2782334
2367060
2761570
2865389
2284005
2699279
2304769
2491642
2408588
2616224
3010735
2678516
3010735
2906916
2803098
2698387
2648417
2923253
3123133
3298029
3522894
3173103
3622835
2973223
2848297
3397969
3422954
2898268
2973223
3173103
2998208
2283168
2322533
2657136
2578406
2696501
2755548
2381581
2598088
2676818
2125708
2775231
2479993
2499676
2735866
2243803
2775231
1526695
1474051
1908369
1750435
1882047
1579340
1842563
1763596
1566179
1789919
1829402
1763596
1658307
1513534
1395084
1447728
1059775
1079043
1252461
1377707
1233192
1377707
1310267
1281364
1088678
1290998
1223558
1069409
1040506
1310267
1011603
1348804
2433912
2264597
2391583
2560899
2709050
2941859
3068846
2370419
2412748
2836037
2264597
2751379
2920695
2624393
3047682
2941859
171669
154234
191787
174352
152893
167646
178375
168987
191787
154234
156916
156916
166305
168987
148869
168987
1924976
1601698
1675170
1880893
1880893
1792726
1880893
1792726
1836810
1866198
1719254
1616392
1895587
1645781
2086616
1704559
1261706
1430685
1633459
1520807
1340563
1430685
1453215
1363094
1261706
1261706
1430685
1441950
1318033
1216645
1543337
1599664
1208769
1472870
1350978
1218927
1422082
1279873
1127508
1330662
1432239
1269716
1269716
1249400
1340820
1422082
1208769
1391609
1489432
1373235
1172531
1172531
1204221
1225348
1447178
1309855
1499995
1383798
1499995
1140841
1267602
1278165
1415488
1457742
1297211
1178383
1049652
1109066
1326918
1178383
1386333
1059554
1069457
1168480
1247699
1366528
1128871
1099164
1317016
1336821
2713978
2417137
2480746
2353528
2713978
3032023
3010820
2671572
2926008
2417137
2289919
2671572
2841196
2480746
2226310
2459543
709747
919291
790861
919291
892254
959849
723266
763823
750304
953089
743545
804380
797621
784102
885494
770583
2885652
3467845
3543783
3265343
3290656
3012216
3214717
3164092
3391907
3594409
3088154
3366594
2759088
2936277
2784401
2986903
867591
913599
769001
854445
933317
709847
808437
913599
933317
939890
893881
762428
722992
854445
933317
953035
1117641
881060
1036062
1085010
1101325
1125799
995272
1133957
881060
930008
1068694
864744
1060536
987114
962640
954482
693694
710893
687961
779689
630631
728092
802621
630631
728092
665029
762490
687961
716626
693694
716626
819820
2455285
2351247
2829819
2184787
2455285
2309632
2663360
2704975
2330440
2351247
2746590
2892242
2247210
2642552
2871435
2413670
2915487
2941991
3154027
3021505
3233540
3604602
3737124
3339558
3074513
3498584
3313053
3684115
2862478
2809469
3843142
3260044
1655282
2092526
1873904
2092526
2045678
2092526
1639666
2139374
1639666
2061294
1780209
1811440
1655282
1967599
1670898
1842672
1855822
1802417
1815768
1789066
1481987
1615500
1615500
1668905
1522041
1789066
1829119
1495338
1735661
1775714
1749012
1909227
1414467
1258542
1548118
1269679
1403330
1592668
1403330
1503567
1191716
1381054
1403330
1447880
1470155
1180579
1603805
1603805
3033757
2439735
2376090
3012542
3033757
2270014
2588240
2757961
2927682
2821606
2482165
2630671
2736746
2736746
2609456
2842822
2692518
2999559
3330219
3117652
3188508
3377456
2668899
2503569
2810611
2645280
2834229
2881466
2786992
2503569
3259364
3424694
441042
378923
397559
437936
350970
378923
332334
326122
403770
372711
335440
341652
447253
406876
369605
419300
103335
84806
76254
91220
101910
84806
76254
85519
76254
84806
81955
94783
81955
80530
103335
88369
1264768
1015647
1140208
1101881
1226442
1121044
1274350
1379747
1236023
1255186
1312676
1255186
1245605
1274350
1111463
1063555
868914
868914
662625
806402
762643
875165
725136
768895
743890
856411
687629
756392
812653
906421
868914
906421
996393
862549
959214
914599
1041007
907163
840242
855113
974085
803063
914599
832806
795627
817934
877420
825370
3013908
3035284
2479527
2971158
2885657
2949783
2778781
2244400
2671905
2992533
2287150
2351276
2287150
2308525
2971158
3056659
2569709
2341750
2238133
2797667
2590432
2631879
2279580
3004901
2880560
2631879
2984178
2445368
2424644
2175963
2528262
2238133
2965397
3292292
3035446
2568454
2475056
2942048
2615154
2988747
3245593
3198893
3385690
3035446
2451706
2988747
3315641
3152194
1780483
1955613
2116148
1751295
1561571
1751295
1999395
1853454
2086960
1576166
1546977
1999395
2057772
1707513
1838860
1751295
3264727
3011826
2735933
3149772
3287718
3310709
2712942
2483032
2506023
2574996
3241736
3333700
2988835
2689951
2529014
2896871
2958489
3126858
2693909
2573645
3367386
2597698
3487650
3199017
2621750
2717961
3102806
2669856
3415491
2597698
2958489
2742014
434255
385644
411570
349996
369440
346755
434255
463421
463421
424533
398607
447217
388885
469902
456940
343515
1775230
1658821
1615168
1731577
1687924
1964394
1746128
1527862
1746128
1935292
2022598
1556964
1949843
2080803
1906190
1702475
395765
453331
446135
413755
482114
482114
410157
503701
514495
453331
384972
456929
460527
399363
467723
402961
15841
19980
16555
20551
16127
20408
17982
16698
15841
15271
19267
15841
16412
19695
16698
18125
473728
366216
352776
369575
362856
433411
423332
396454
460289
443490
399813
446850
473728
366216
406533
383014
172437
158824
189076
201177
173950
195126
192101
208740
219328
176975
189076
173950
196639
184538
181513
187563
65453
67103
67653
73704
58303
67103
59953
67653
78104
62703
58303
75904
78654
65453
71503
72053
1736004
2095178
1885660
1571383
1810832
2065247
2140075
1586349
1736004
1750970
1601314
2080212
1810832
1586349
1721039
1676142
334350
257377
334350
276621
329539
341566
343972
310296
279026
276621
293458
291053
288648
312702
339161
307891
2298657
2639199
3001025
2362509
2362509
2383793
2341225
2979741
2745619
2362509
2681767
2405077
3086161
2298657
2362509
2256090
2542815
3150390
2655329
3240401
3262904
2385295
3195396
2385295
2497809
3150390
3217898
2970368
3195396
2475306
3105385
3037876
1071120
1032028
946026
938208
1055484
836568
1047665
930389
1086757
1102394
1039847
946026
914752
961663
1078939
969481
2107067
2156069
2009064
2319408
1747723
1796724
1927395
2009064
2139735
2319408
1992730
2319408
2270406
2058066
2123401
2352075
3058887
2930542
2695243
2716634
2652461
2502725
2267426
2887760
3080278
2246036
2545507
2459944
2673852
2759415
2417162
2866369
1028388
1110295
982884
1110295
1265008
1046589
1028388
1046589
1055690
1101194
1146698
1210403
1082992
1265008
1001085
991985
1900253
1576179
1590910
2121213
1973907
1679294
1767678
1620371
1826600
1811869
1767678
1929715
1914984
1841331
1797139
1856061
366229
422828
382876
422828
352912
349582
459451
482757
419499
469439
449463
466110
382876
362900
372888
466110
2073345
2297491
2615030
2652388
2166739
2596351
2484279
2521636
2558994
1961272
2446921
2129382
2035988
2035988
2615030
2708424
1085731
1126702
1136945
1075488
1177916
1372528
1413499
1464713
1433985
1403256
1085731
1290586
1341800
1485198
1454470
1218887
3042178
2753696
3304435
2806147
3488015
3776497
3435564
2989727
3671595
3015953
3619143
3251984
3330661
3461789
3540466
3540466
652515
686265
691890
804393
601888
731266
787518
776267
793143
607514
669390
765017
641264
815643
590638
798768
358093
415388
406794
383876
401065
389605
306528
412524
412524
403929
409659
381011
360958
329446
335175
366688
390532
387743
331952
365427
362637
312426
337531
404480
331952
326373
371006
329163
337531
393322
390532
371006
2322206
2560937
2300503
2691154
2821371
2278800
2951588
2821371
2843074
2560937
2452423
2951588
2734560
2799668
2387314
2474126
775538
1043714
797282
1014722
913250
906002
1036466
797282
906002
1000226
782786
811778
942242
1050962
920498
1036466
2595466
3386466
3534778
3361747
2743779
3337028
3262872
3386466
2941528
3460622
2644904
3337028
2892091
3485340
3188716
3163997
2348127
3109094
3000384
2587288
3000384
2565546
2739481
2956901
3152578
2782965
2500320
2348127
2652514
2369869
2304643
2369869
1157888
907984
1066256
1041266
1166218
1099577
1099577
1166218
899654
1174548
916314
1016275
957964
1132897
1191208
1057926
1905824
1583300
1700582
1641941
1993785
1993785
1700582
1627281
1729902
2008446
1641941
1935145
1817863
1949805
1597960
1964465
187237
152670
154111
154111
181476
181476
175715
187237
171394
165633
208842
154111
159872
185797
207401
182916
452856
446245
475994
376829
426412
380134
413190
479300
393356
360301
406578
423106
380134
446245
423106
426412
1168417
1201801
1279695
1290823
1479996
1580146
1479996
1313079
1224056
1379845
1235184
1535635
1402101
1324207
1569018
1368718
3366829
2919488
3390373
3178475
3413917
3296196
3296196
3202019
3084298
2943032
2613412
3037209
3249107
3013665
3296196
3154930
3090639
3495969
2989306
3521302
3318637
3546635
2761308
3318637
3267971
3546635
2786642
2963973
2862641
2913307
3470636
3622634
1454898
1314101
1396232
1419699
1372766
1384499
1278902
1396232
1314101
1255436
1642627
1607427
1525296
1290635
1689559
1525296
1005817
1114136
982606
1005817
1036766
920710
827865
912973
1013554
967132
943921
1114136
889761
1121873
912973
1090925
1914520
1743303
1945651
1789999
1758868
1836694
1961216
1665477
2179129
2194694
2085738
1945651
2039042
2023477
2241390
2194694
1957401
1769490
1957401
1706853
1816468
1738172
1957401
2004378
1753831
2051356
2082674
2020038
1644217
1894764
2098334
1816468
1291057
1032846
1134286
1226504
1051289
1281835
1005180
1318723
1198839
1088177
968293
1337166
1088177
1300279
1014402
1014402
121290
140336
136326
138331
127304
106254
140336
128307
114273
129309
125300
140336
127304
109261
134321
108259
191472
197503
214087
182426
215595
205041
203534
186949
209564
197503
197503
192980
203534
167350
206549
217103
1683672
1587462
1479226
1274780
1527331
1515304
1503278
1455173
1346937
1611514
1611514
1467200
1587462
1623541
1527331
1551383
766623
727736
711070
788844
661073
783288
772178
649963
699960
627742
711070
794399
799954
588855
627742
649963
2056723
1975749
2040528
1765219
1991944
1813803
2186280
2332032
1959555
1975749
2348227
1781413
1927165
2008139
1862387
2040528
2543231
2260650
2154682
2366618
1854439
2013391
2560892
2472586
2543231
1907423
2295972
2366618
2031052
2454924
2401940
2490247
2396039
2979423
2666896
2208523
2854412
2771072
2666896
3021093
2479380
2854412
2375204
2437710
2500215
2604391
2208523
2458545
2469442
2567436
2449843
2293053
2410646
2273455
2587035
2234257
2528238
2234257
2567436
2822220
2410646
2626232
2332251
2528238
788097
860845
715350
691101
848720
642602
818409
782035
642602
666851
775973
636540
775973
636540
812346
812346
63811
73589
74618
54548
64326
67928
63811
56092
60723
56092
54034
59694
68957
55063
56607
55063
1242453
1315005
1033866
1278729
1151763
1033866
1233384
1224315
1088280
1115487
1315005
1142694
1251522
961314
1197108
1124556
763491
909248
881485
930071
992538
999479
902307
923130
902307
853722
763491
728787
853722
853722
930071
923130
1416916
1368057
1260567
1143305
1192164
1348513
1201936
1319198
1143305
1133533
1074902
1074902
1045586
1397373
1133533
1299654
1862956
1877859
1564883
1862956
1937474
1952378
2071607
2086510
1833148
1684112
2056703
1937474
2116318
2161029
1937474
1579786
2406846
2475125
2167868
2440985
1843541
2031309
1792332
2304427
2082519
2287357
1826471
2475125
2355636
2304427
1980100
2440985
255985
240670
317246
253797
306307
273488
262549
280052
295367
236294
286616
315059
304119
297555
253797
297555
1185808
1116055
1335280
1275491
1385104
1205738
1444893
1375139
1414998
1135984
1175844
1405033
1046301
1325315
1305386
1185808
1392959
1392959
1629265
1766073
1517331
1355648
1517331
1654139
1343211
1405396
1604391
1691451
1790948
1330773
1517331
1442708
2027293
2057779
1646223
1981565
1813894
1859622
2179721
2027293
2149236
2012050
2194964
2012050
2027293
1859622
1783408
2118750
2748552
2786994
2210374
2133492
2633229
2095050
2671670
2748552
2133492
2152712
2748552
2421801
2229595
2594787
2229595
2652449
1396124
1512468
1383197
1719301
1719301
1357343
1680520
1745155
1654666
1783937
1396124
1835645
1499541
1874426
1602957
1732228
2923295
2659719
3210832
2779527
3426485
3402524
2683681
3138948
3426485
3091025
2755565
3330640
3234794
3330640
2611796
2995180
2345112
2739249
2167751
2325405
2581594
2088923
2561887
2601301
2384526
2226871
2818076
2364819
2739249
2148044
2522474
2305699
26744
26534
24639
28008
24849
26323
22322
24849
22111
23375
28850
22743
30324
25060
28640
24639
2056582
2334499
1963943
2056582
2445665
2093638
2186276
2056582
2000999
2501248
2260387
1963943
2667998
2575360
2427137
2408610
2540658
3048789
2894141
3115067
2805770
2452287
2651121
2452287
3159253
2629028
3115067
2341824
2960419
2408102
2319731
3137160
2201883
2453527
2726141
2369646
3019726
2935844
2810022
2390616
2306735
2453527
2537408
2222853
2621290
2893904
2558379
2201883
499708
463233
415816
510651
404873
444996
521593
393931
430406
485118
525241
415816
444996
517946
452291
510651
538176
555678
573180
573180
616934
577555
520674
490047
595057
463794
476920
494422
472545
472545
538176
577555
917158
1023275
1046015
1046015
1015695
1076334
985376
886838
1068754
1023275
909578
1023275
1061174
826200
1008116
856519
2045849
1805991
1721335
1636679
1862428
1608461
1580242
1805991
1636679
2017631
1495586
1495586
1932975
1862428
1820100
1495586
2119977
2002201
2170453
2406006
2422831
2086327
2119977
2002201
2119977
2035851
2321880
1985375
2406006
2355530
2153628
2305055
3015132
3167156
3116481
3395191
3065807
2964458
2837772
3597889
3521877
2812434
3040470
2863109
3395191
3521877
3116481
3167156
1924185
2284970
2216249
1821104
2113168
2113168
2422412
2388051
2233429
2113168
2181889
2284970
2405232
2078807
2044447
2113168
1909910
1658217
1880299
2087576
2072771
1821077
1865494
1939521
2102382
2057965
2102382
1702633
1673022
1850688
1673022
1717439
2061240
1878019
1801677
2000166
2091777
1603187
1832214
1725334
2152851
1664261
2213925
1633724
1679529
2107046
1603187
1801677
2169109
2382734
1939052
2317003
2201975
1824024
2103379
2152677
1906187
2300571
1725428
2021215
1807591
1988350
2004783
1774726
2682674
2592500
3201174
3156087
3133543
2547413
3065913
2524869
2975739
2637587
2998282
3088456
2795391
2434695
2479782
2637587
1625924
1625924
1275898
1479139
1637215
1445265
1185569
1422683
1592050
1456557
1287189
1445265
1479139
1332354
1377519
1467848
1219598
1385907
1430256
1175249
1330471
1341558
1252860
1474605
1596565
1574390
1485692
1419169
1518954
1496780
1396994
1452431
941255
919862
805771
805771
862817
905601
984039
884209
919862
905601
934124
862817
962647
912732
770117
1026823
4941
5291
4854
5641
4810
5641
6122
6340
6340
5028
5684
5553
4985
6253
6122
5335
3335921
2965263
3187658
2915842
2965263
2742868
2940553
3410053
3583026
3335921
3434763
3286500
2792289
3434763
2668737
3014684
1503304
1610683
1383994
1539097
1264684
1610683
1264684
1419787
1503304
1622614
1598752
1598752
1598752
1312408
1407856
1598752
2967650
2655266
2878397
3168468
2967650
3235408
2766831
3034589
2365194
2655266
2432134
2856084
2543700
2677579
2409821
2632952
750577
764739
870953
1005490
743496
842629
913438
800143
842629
750577
856791
991328
750577
913438
793063
913438
2187005
1850543
2035597
2405706
2304767
2220651
2086066
2254298
2203828
2422529
2422529
2388883
1833720
1800073
2203828
1934658
314112
272667
257398
257398
287936
307568
294480
290118
279211
250854
281392
270486
229040
229040
298843
287936
2925929
3496237
2628377
3049909
2677969
3322665
2801949
3372257
2925929
3347461
3322665
3397053
3322665
2752357
3446645
3521033
28658
32373
34762
33170
31312
34496
29720
31047
31047
32639
36088
31577
32108
31047
37415
29720
625134
556842
598868
751211
703932
651400
656653
630387
677666
709186
635640
719692
604121
688173
709186
667160
1761796
2136993
1843361
2316436
2202245
2218558
2104367
1745483
1843361
2300123
2006490
2088055
1973864
1957551
1827048
2218558
2765198
2300968
2280784
2300968
2563359
2179864
2280784
2684462
2785382
2805566
2563359
2159680
2220232
2462439
2623910
2280784
2695379
2989833
2582128
2604778
2423576
2582128
2514177
3012483
3171035
2944532
2604778
3103084
2514177
3080433
2989833
2672729
967774
974997
830552
967774
888330
938886
852219
852219
1025552
888330
779997
772775
765553
1025552
946108
1032774
2294346
2072823
2246877
1724715
1819654
2167761
2215231
2278523
1772184
1867123
1661423
2278523
1914592
1677246
1835477
1898769
428302
354687
378110
438340
388148
448378
458417
364725
354687
411571
481839
458417
455070
371418
378110
388148
217159
200015
268592
262877
226684
257162
249543
268592
224779
266687
224779
228589
241923
274307
219064
274307
748277
690271
614863
759878
788881
638066
678670
748277
678670
806283
609063
620664
684470
771479
800482
707673
746420
853051
853051
752344
651636
734572
710876
669408
746420
681256
633864
805659
853051
781964
710876
835279
3656857
2768763
3003847
3317292
3082208
3317292
2873245
3029967
3656857
3056087
2847124
2925485
3134449
2951606
3761339
3212810
1349145
1111061
1091220
1210263
1190422
1200342
1150742
1319385
1240023
1190422
1101141
1388826
1359066
1339225
1309465
1269784
3015472
3199023
3172801
3461238
3513681
3566123
3644788
3435016
3041694
3592345
3041694
3671009
3435016
3671009
2831922
3303909
2058615
1978824
1899032
1675617
2250114
2026699
1819241
2297989
2074573
1755408
1962865
1914991
2026699
1707533
1787325
2026699
466643
476715
443143
402858
359215
392786
392786
433072
379357
402858
369286
389429
389429
466643
396143
382715
3039236
2687589
3139707
2712707
3240178
2662471
3516472
2913648
2938766
3290413
2813177
3340648
2989001
3616943
2963883
3340648
1846708
1902249
1916134
1985559
1888364
1471813
1485698
1846708
1763398
1735628
1610663
1527353
1860594
1791168
1624548
1818938
1900688
1626989
2098360
1703017
1885483
1718222
1763839
1763839
1703017
1885483
1839866
1991921
1900688
2098360
2128771
1915894
3124813
2316295
2709628
3015553
2731480
2840739
2862591
2731480
2687776
2775183
2381850
2294443
2338146
2491109
2600368
2731480
3342368
3212818
3731015
2798261
2746441
3756925
3601466
3031450
3471917
2927810
3420097
3083269
2824171
3342368
3160999
3212818
985361
1115656
871352
1009791
1017935
1172661
1001648
1115656
1107513
1026078
1156374
936500
1131943
1123800
1058652
1107513
1545485
1462691
1835264
1476490
1973254
1849063
1724872
1724872
1531686
1600681
1448892
1821465
1931857
1931857
1931857
1835264
1133354
1317403
1191475
1181788
1191475
1346463
1075233
1026799
1123667
1298029
1259282
1220535
1365837
1104294
1017112
1133354
2540673
3123396
2820380
3239941
2983543
2797071
2913616
2750453
3006851
3263250
3333176
2750453
2820380
2633909
2563982
2866998
1624215
1285350
1261980
1402200
1332090
1519050
1297035
1238610
1378830
1273665
1226925
1460625
1378830
1285350
1495680
1402200
6816
8569
9348
8699
7660
7725
9283
9283
9283
9218
7855
7465
7206
8569
8244
7920
1550865
1240692
1321107
1344083
1596816
1585328
1240692
1378546
1573840
1321107
1275155
1332595
1504913
1298131
1229204
1539377
387419
434176
407458
357360
447535
390758
424157
477594
440856
384079
474254
384079
450875
447535
357360
437516
260951
311226
318408
301650
272921
313620
287286
270527
268133
342349
292074
287286
282497
268133
347137
311226
3349059
2860655
3256030
2907170
3139743
2628081
2907170
3325802
2767625
2535052
2558309
3023456
3163000
3186258
2465280
2883912
924544
803292
1038217
803292
916965
818448
977591
1015482
1015482
977591
1015482
1068530
932122
916965
841183
1030639
1214375
1126235
1145821
1302515
1282928
1106648
1233962
1322102
1361275
1263342
1184995
1184995
1312308
1243755
1067475
1390655
1477062
1808128
1515262
1604395
1718995
1387929
1362463
1375196
1336996
1782662
1426129
1578929
1693528
1820861
1629862
1744462
618273
546737
664261
572286
725577
720467
572286
623383
643822
618273
689809
659151
541628
725577
730687
613164
3118491
2561618
3163041
2851192
2806642
3229866
2539343
3229866
2717542
3029391
2494793
2895742
2672992
2561618
2383418
3229866
2805973
2889113
2826758
2203208
2639693
2930683
2556553
2307133
2598123
2743618
2473413
2805973
2909898
2223993
2473413
2702048
2267796
1704867
2074792
1704867
1833537
1817453
2235628
2283879
1881788
2010457
2026541
1688784
1801369
1688784
1913955
1978290
1479725
1638704
1748767
1748767
1675392
1687621
1748767
1296288
1418580
1528642
1724308
1638704
1320747
1320747
1296288
1748767
2670478
2242386
2181230
2833560
2201615
2731634
2344312
2160844
2160844
2323927
2629707
2405468
2833560
2752019
2242386
2160844
1573531
1587214
1559848
1546165
1641945
1984017
1929286
1532482
1724042
1600896
1669311
1874554
1819823
1696677
1655628
1559848
1196360
1047974
1159263
1020152
983055
1029426
1149989
1344745
1038700
1252004
1205634
1261278
1214908
1224182
1085070
1307649
1916517
2185502
1765213
1849271
1798836
2151879
2286372
2118256
2303183
1798836
1849271
2135068
1899706
2319995
1983764
1765213
756446
947203
769602
835380
953781
848536
822225
901158
763024
710402
749869
769602
920891
841958
855114
769602
629128
797645
769559
792028
629128
640363
595425
645980
645980
702152
707769
612276
752707
601042
741473
617894
1087693
1117357
1374448
1354672
1117357
1216238
1156910
1137133
1265679
1414001
1216238
1245903
1245903
1206350
1295343
1433777
574404
648181
642911
569135
579674
743037
748307
690339
700879
732498
753577
632372
563865
690339
758846
595484
638994
624581
643798
619776
677430
643798
624581
571731
552514
586145
687039
504469
677430
566927
619776
667821
290572
254846
333443
331061
259609
264373
261991
319153
342970
314389
257227
309626
321534
290572
261991
342970
1766515
1871978
1542405
1753332
1845612
1436941
1516039
1476490
1384209
1819247
1687417
1608319
1436941
1423758
1410575
1595136
1858001
1588520
1985650
1928917
1531787
1858001
1503421
2056566
1772902
1971467
1659436
1545970
1687803
1971467
1928917
1574337
391353
391353
385880
287357
396827
353039
309251
385880
309251
369459
391353
361249
322935
353039
350302
394090
247161
329548
258603
276912
286066
299797
302085
286066
242584
297508
276912
318105
324971
240295
327259
263180
1710131
2156922
2141516
2095296
1633098
2233955
1756351
2126109
1987450
2018263
1941230
1633098
1817977
2203142
1710131
2218548
2081392
2273520
2257510
1809210
1857242
1713145
1777188
2225488
1825220
2257510
2097403
1921285
2257510
2049370
1889263
1905274
2263895
2492187
2682430
2130724
2206822
2149749
2530235
2301943
2206822
2530235
2168773
2073651
2511211
1997554
2530235
2016578
2504925
2610173
2378626
2525974
2652273
2757522
2315476
2273377
2610173
3052219
2441775
2273377
2315476
2273377
3010119
2504925
186611
193422
172990
155282
181163
147110
182525
164817
172990
193422
156644
167541
181163
159369
164817
158007
2577914
2577914
2666808
2911265
2577914
2644584
2466797
2533467
2511244
3133499
2577914
2622361
2955712
2800148
2622361
3155722
3080234
2515916
3197800
3150774
2727535
2798075
3268340
2633482
2939155
2539429
3033207
2586456
2586456
2609969
2515916
3291853
2316605
2140863
1981097
2188792
1885237
2029026
1997073
1773401
2188792
1933167
2220746
2076956
1869261
1677541
2284652
2060980
1635795
1355373
1308636
1624110
1694216
1448847
1413794
1367057
1460531
1355373
1694216
1577373
1659163
1250214
1378741
1659163
2191361
2323599
2210252
2569182
2569182
2210252
2550291
2342490
2229143
2059124
2248034
2606964
2021342
2455836
2380272
2021342
1153437
1311172
1419615
1114003
1321030
1044994
1114003
1192871
1183012
1202729
1350606
1192871
1321030
1084428
1311172
1173154
152254
169726
180958
132286
158494
148510
179710
144766
164734
158494
146014
147262
134782
136030
160990
157246
1741478
1363955
1656231
1351776
1704943
1741478
1315242
1363955
1485736
1303064
1339598
1680587
1607518
1619696
1668409
1412667
1803244
2128153
2176890
1868226
2176890
1754508
2339344
2095663
1933208
1786999
2046926
1916963
2160644
1916963
1965699
1981944
376398
428766
432039
464770
445132
445132
350214
428766
366579
458224
356760
474589
422220
418947
432039
366579
1143620
1374442
1175096
1238047
1227555
1500345
1248539
1342967
1217063
1489854
1217063
1290507
1196080
1447886
1500345
1164604
1228373
1046391
982698
973599
1219274
991797
1255670
1155580
1228373
1028193
1073689
1009995
1155580
1110085
1037292
1255670
1263782
1205453
1390160
1351274
1215175
1069354
1341553
1059632
1263782
1098518
1127682
1059632
1399881
1215175
1079075
1409603
2126808
2586659
2395055
2184290
2778263
2586659
2203450
2165129
2529178
2126808
2567498
2759103
2222611
2184290
2663301
2414215
1972968
2489259
2618332
2083602
2286431
2194236
2341747
2286431
2526137
2304870
2194236
2120480
1954529
2323308
1991407
2120480
21985
29176
23218
26094
27327
22601
26711
24861
27122
25478
26916
28765
26711
27122
29587
21779
2970060
2851257
3421509
3326467
3065101
2851257
3112622
3302706
2637413
3445269
2684934
2898778
2756215
2684934
2970060
2779976
2150608
1843378
2235949
2082335
2389564
2150608
2167676
2253018
2201813
1996993
2270086
2457838
2423701
1945788
1826310
2423701
2635047
3440201
3025425
2635047
2757040
3391404
3269411
3245012
2879033
2976627
3171816
3318208
3245012
2708243
3391404
3098620
1407343
1323857
1276150
1347710
1359636
1681656
1538536
1264223
1681656
1693582
1264223
1610096
1264223
1681656
1693582
1705509
3261622
3612873
3412158
2835102
2734744
3111085
3136175
2985638
3010728
3161264
2734744
3060906
2985638
2985638
3286711
2910370
2752418
2731246
2498349
3027660
2710073
2583038
2540694
2815935
2265452
2434831
2328969
2879453
3027660
2964143
3070005
2477176
198407
201686
221363
185289
190208
213164
211525
175451
178730
203326
226282
204966
178730
175451
231201
198407
635441
566868
653727
644584
576011
594297
608012
512010
562296
594297
585154
557725
630869
521153
544010
585154
1391270
1531475
1240279
1315774
1132429
1240279
1520690
1240279
1391270
1520690
1358915
1207924
1283419
1175569
1542260
1283419
1743923
2140269
2219539
2061000
1775631
1934169
1870754
2187831
1902462
1981731
1759777
1712215
2267100
2171977
2282954
2298808
1645399
1676155
1722287
2183614
2060594
2106727
1645399
1768420
2198992
1876063
1952951
1876063
1999084
1753042
1614644
1706910
1519824
1601035
1682247
1357400
1392205
1577832
1531425
1287789
1577832
1508222
1670646
1635841
1229781
1647442
1635841
1392205
2669682
2131904
2343174
2592857
2227936
2170317
2266349
2439206
2112698
2055079
2439206
2016666
2093492
2688889
2688889
2708095
194382
189176
227358
185704
203060
194382
210002
182233
244713
236036
246449
249920
232565
183969
225622
241242
1766832
1783500
2150201
1950182
1933514
2200206
2116865
2150201
2133533
2316883
2400225
1816837
1766832
1883509
2016855
2250211
3310001
2470846
2634015
2657325
2820494
3240071
2960353
3076902
3333311
3310001
2983663
2587395
2843804
3053592
3240071
3076902
1531955
1780735
1741454
1466487
1571236
1440300
1702173
1453394
1662892
1859296
1505768
1859296
1505768
1793828
1846203
1728360
572860
726683
758509
556947
758509
763813
737292
620598
631206
668336
625902
763813
599381
599381
678945
594077
335594
383536
380873
378209
386200
348911
300969
316950
324940
306296
354238
367556
303633
290316
386200
295642
2781414
2805392
2661525
2565614
2757436
2565614
2901302
3093124
2541637
3045169
2709481
2541637
3476767
3213013
2973236
2733458
786653
664777
742334
770033
592759
598299
725715
714635
720175
642617
725715
653697
614918
775573
614918
648157
2980282
2598806
3337916
3218705
3171020
3099493
2694175
2527279
3099493
3314074
2503437
3051809
2956440
3433285
3027967
3027967
2288353
2288353
2139517
2437189
2009286
2493003
2437189
2251144
1990681
2511607
2604630
2102308
2530212
2399980
2381376
1953472
765993
868126
795174
809764
897307
1035915
882716
977554
773289
999439
897307
919192
904602
890011
1035915
970258
2867602
2472787
2784483
2846823
2244210
2410448
2452008
2784483
2867602
2244210
2576686
2348109
2971501
2389668
2618245
2202651
1727924
2035436
1801141
2064723
1683994
1698637
2094010
2064723
1654707
2006149
1552203
1640064
2108653
1903645
1683994
2108653
1172979
1009107
1017732
1069481
1181604
905609
1121230
1207479
1043606
1086731
1190229
1121230
1017732
1034982
1138480
1198854
1897624
1749114
2277149
2211144
2079136
2343153
1815118
2095637
2095637
1897624
1963628
1930626
1947127
1765615
1930626
1881123
1101199
1062897
1158653
1311864
1062897
1244834
1024594
1015018
1350166
1254410
1015018
1283137
1158653
1350166
1331015
1311864
1083549
1119075
1287824
1216772
994733
1003615
1207890
1101312
1278943
1216772
1030259
1092430
1101312
932562
1119075
1181246
2999831
2928407
3095064
3166489
2856982
2856982
2761750
2499859
2976023
2666517
3023640
2547476
3118872
2666517
2880790
2666517
2202335
2370132
2286233
2747675
2915472
2852548
2328182
2349157
2307208
2663776
2852548
2202335
2999370
2831573
2621827
2516954
71081
83217
71081
67614
75127
64146
83217
63569
67036
68770
72237
83795
71659
79750
64724
69348
2611754
3240509
3361424
2611754
2950315
3022863
3167961
2877766
3313058
3047046
2587571
2635937
3506521
2611754
3313058
2950315
1196553
1287815
1176272
1429779
1064729
1155991
1389218
1085009
1409498
1145851
1429779
1470340
1237114
1439919
1145851
1287815
2123292
1992914
2346796
2384047
2700678
2384047
2365421
1974289
2197793
2607551
2197793
2682053
2160542
2551675
2514424
2402672
2356905
2252617
2273475
2294332
2982632
2628053
2857487
2607196
2648911
2774056
2482050
2732341
2794914
3024347
2961774
2231759
2671715
3089897
3089897
2532321
2462624
2439392
2578786
3252523
2764644
3113129
3089897
3368684
3345452
2462624
2834341
2648483
2540728
2503087
2408986
2691290
2314885
2616009
2540728
2653649
2691290
2333706
2145503
2446627
2427807
2013762
2333706
2691290
445256
511654
503843
527277
437445
421822
421822
496031
507748
476502
554617
558523
496031
535089
476502
417916
389468
437720
379128
461847
403254
368788
434274
389468
437720
485973
472186
375681
472186
492866
448060
386021
263441
243846
241669
300453
230783
248200
239492
306985
230783
241669
232960
246023
287390
302630
261264
228606
29930
37202
30489
34685
37482
35804
40559
34965
36083
29370
39160
34125
34125
33566
30209
40279
3128273
2574809
3272655
2598873
2935764
2983891
2983891
2839509
3272655
3441100
2622936
3056082
3104209
3176400
3296718
2767318
364529
330619
339097
333445
389961
313664
330619
406916
350400
344748
353226
364529
333445
330619
358877
313664
2757606
2423351
2674042
2486024
2862061
2820279
2506915
2674042
2423351
2423351
2841170
2277114
2653151
2444242
2694933
2569588
1594568
1607856
1421823
1448399
1448399
1581280
1567992
1421823
1700872
1687584
1488263
1554704
1913482
1873617
1661008
1900194
3454806
2803900
3504876
2954109
2778866
2778866
3254527
2803900
3304597
3579980
3129353
2904040
3379702
3054249
3279562
2954109
1192631
1493576
1415553
1437845
1181485
1348676
1582744
1326384
1370969
1471283
1538160
1415553
1471283
1170339
1527014
1571598
910132
706466
782840
814663
808299
725559
827392
922861
878309
808299
801934
725559
840121
903767
922861
681007
504475
624588
605370
538107
610175
682243
566934
614979
538107
595761
547716
629393
518889
614979
557325
576543
2512792
2389212
2492195
2759952
2677565
2162649
2595179
2677565
2904129
2203842
2203842
2492195
2739355
2924725
2533389
2389212
1428239
1275603
1242895
1526362
1384628
1537265
1362823
1341018
1548167
1166577
1428239
1210187
1297408
1559070
1144771
1548167
1356513
1061619
1297534
1169747
1327024
1317194
1415492
1130428
1071449
1130428
1287705
1159917
1258215
1228726
1218896
1425322
1958264
2211488
2127080
2245251
2329659
2414067
2143961
2160843
2076435
2076435
1840093
1856974
2127080
2312777
2279014
2228369
633751
793669
817361
841053
811438
734440
728517
775901
651520
817361
852899
681134
841053
675211
811438
633751
2615083
2814708
2655008
2874595
2635046
2096059
2455383
2794745
2595121
2315646
2155946
2555196
2714895
2714895
2335608
2395496
901071
1070504
931877
854863
1101310
901071
954982
854863
893370
854863
816355
1109011
1001191
1055101
901071
901071
2727539
2843113
2796883
2427047
3028030
2427047
2935571
2958686
2473277
3143604
2819998
2889342
2588850
2588850
3212948
2542621
705537
820989
827403
750435
731193
814575
897957
872301
917199
930027
885129
859473
865887
859473
795333
744021
723284
728564
702166
649372
596577
686328
739123
718005
696887
638813
638813
559621
728564
591298
733843
570180
1896126
2013585
2231724
1996805
2114264
2181384
2080705
2198164
2013585
2433082
2298843
2030365
1862566
2097485
2399522
2315623
457292
457292
552727
481151
433434
552727
548751
421504
417528
489104
429457
441387
516939
461269
520916
556704
54675
60750
62485
50335
47298
55976
62919
56844
54675
56844
52939
59014
49034
51203
46430
60316
2629368
2607816
2931099
2586264
2672472
2543159
2629368
2823338
2995755
2650920
2650920
2306085
2607816
2909547
2995755
2349189
209976
199816
233683
218443
191349
231990
240457
182882
231990
235377
231990
242150
198123
204896
201509
237070
88945
105251
93392
105993
101545
105993
103769
89686
88203
90427
83756
101545
101545
107475
90427
95616
330301
268214
315400
317884
350169
295532
283115
273181
357619
355136
260764
268214
332784
283115
305466
357619
2900273
3115996
2660581
2540735
3355688
3259811
3020119
2612642
3092026
2540735
2564704
2540735
2684550
2852334
3427595
3044088
157716
163601
147123
142415
141238
141238
157716
168309
142415
123583
134176
158893
144769
153008
142415
125937
90632
93017
106532
107327
84272
104147
108122
105737
99377
104147
108122
84272
89042
115277
97787
108122
2757494
2886349
3247143
3221372
3195601
2963662
3118288
3169830
2705952
3221372
3298685
3066746
2937891
3659479
3066746
2937891
1704219
1305359
1341619
1462485
1728392
1329532
1414139
1740479
1607525
1353705
1269099
1414139
1595439
1607525
1353705
1474572
238381
270544
272436
259193
230814
234598
208111
238381
249733
213786
268652
228922
255409
219462
217570
257301
3169265
2776381
3614534
3274035
3116881
3614534
3038304
3090689
3797880
3745496
2959727
3614534
3693111
2750189
2907343
2985919
978760
986175
949100
1045493
889782
971345
1008419
889782
1052908
971345
1030664
867537
912026
778559
1067738
941685
1299391
1323679
1445118
1469405
1554412
1724426
1481549
1372255
1651563
1372255
1457262
1469405
1457262
1675851
1384398
1530125
22411
18873
17693
22243
20389
20052
21569
24096
19210
22074
20052
22243
17693
23422
20726
19378
3049746
2690953
3206719
2466707
2915199
2735802
2780651
3094596
2489131
2825500
2354584
2444282
3049746
2758227
3094596
3094596
2875274
2926164
3206058
3613177
3511397
2722605
2671715
3409617
3231503
3129723
3053389
3689511
2722605
2748050
2900719
3536842
2672620
2473830
2385479
3158551
2672620
2716795
3158551
2540093
2694707
3003936
2606356
2584269
2849322
3070200
3180638
2518005
455661
599110
464099
476757
459880
510509
459880
489414
464099
552700
523167
556919
556919
586453
556919
556919
2946230
2815286
2880758
3098998
2924406
2771639
2902582
2640695
2422456
2618871
2793463
3164469
2880758
2793463
2837110
2749815
2121958
2481322
1848157
2190408
2378647
2070620
1916607
1865270
2070620
2481322
2121958
2275971
2036395
2087733
2429984
1882382
2267578
2354127
1938693
2509915
2267578
2423366
2475295
1938693
2111790
2509915
2457985
1869454
2440676
2284888
2077171
2440676
2848026
2459659
2308627
2610691
3063786
2524387
2394931
3042210
2330203
2459659
3042210
3020634
2416507
2351779
2265475
2524387
836221
716761
685324
785922
710473
911670
735623
792209
886520
697899
823646
660174
829934
855083
848796
842508
2590780
2911762
2659562
2499071
3301525
2865907
2567853
2453216
2499071
3324452
3095180
2980543
2934689
2590780
2934689
2705416
2613328
3160882
2961771
3335104
2613328
3434659
2961771
2837327
3086216
3310215
3509326
2687994
3409771
3210660
2986660
3434659
2575233
2946241
2597057
2968065
2487937
2989889
2422465
2858945
3099009
2531585
2728001
2902593
2989889
2793473
3120833
3099009
892280
1150791
1009027
1167469
917297
1100757
925636
1075740
992349
1134113
1017366
1050722
1159130
1175808
967332
1167469
3141854
3311031
2803500
3359367
2900173
3141854
2827668
2779332
3383535
2585987
2610155
3069349
3286862
2996845
3431871
2948509
159610
164204
141238
126310
130903
124014
132052
126310
132052
120569
155017
163055
156166
126310
137793
152721
683021
553151
620491
620491
673401
601251
514671
538721
668591
654161
654161
697451
591631
562771
697451
654161
1779819
1497503
1313384
1607975
1497503
1350208
1546602
1730721
1644799
1387032
1325658
1301109
1399306
1362482
1472954
1767545
2156709
1957349
2156709
2446687
2573552
2464810
2627923
2066091
2555429
2102338
2156709
2337945
2301698
2029844
2011720
2084215
2725089
2572636
2286788
2305844
2305844
2382071
2019996
2553580
2324901
2667919
2039052
2191505
2115279
2191505
2096222
2477354
1062608
961777
829920
1023827
876458
1054852
1039340
822164
985046
1109146
1116902
822164
853189
922996
1047096
1000558
1286027
1503998
1166143
1493099
1155245
1460404
1166143
1329621
1144346
1362317
1242433
1460404
1231535
1416810
1460404
1547592
1020438
889822
995948
987784
1118400
914313
963294
1175545
1126564
1069419
857168
1044929
938803
1151054
971457
1142891
2978976
3240289
2769925
3318683
2743793
2796056
3188027
3344815
3632260
3684523
3710654
3710654
3684523
3240289
3344815
2900582
2280218
2394229
2052196
2204211
2204211
2375227
2261216
2603249
2242214
2451234
2413231
1995191
2546243
2204211
1995191
2489238
1303920
1483771
1539974
1461289
1191513
1382604
1225235
1348882
1483771
1596177
1213994
1348882
1292679
1326401
1517493
1450049
301600
296309
320120
291018
373032
288372
362449
328056
309537
288372
349221
301600
293663
314828
328056
349221
780772
661092
689587
775073
649693
626897
752277
661092
740879
792170
769374
723781
649693
666791
746578
695286
1727005
2003977
2248365
2362412
2118025
1792175
1710712
2329827
2036562
1743297
2232072
2232072
1955100
1841052
2069147
2101732
92218
94733
90541
114015
119884
96410
103117
98925
118207
97248
117368
108985
108147
98086
111500
93895
1769071
2250134
1629407
2141507
2188061
1800107
2063916
2110471
1939771
2188061
1924253
2219098
1722516
1846662
2079434
1784589
3237898
2990730
2743562
2619978
2619978
3262614
2990730
3139031
2916580
3015447
3114314
2941296
2644695
2595261
2619978
3064880
913616
982137
1103953
807027
982137
1004978
799414
807027
829868
906002
799414
1035431
837481
944070
921229
1065885
2380649
2397654
2414658
1921524
2074566
2125580
2346640
2414658
2278621
2193598
1785487
2210603
2108575
1887515
1785487
2125580
2576165
2539624
2356917
2064586
2557895
1918421
2283835
2430000
2064586
2265564
2557895
2229022
2630977
2557895
2064586
2119398
1339968
1428456
1567510
1542227
1592792
1403174
1504303
1655998
1630716
1782410
1441097
1630716
1580151
1630716
1428456
1403174
1575186
1461772
1802013
1713802
1360960
1802013
1751607
1436569
1600389
1739005
1360960
1802013
1423968
1600389
1537381
1360960
414230
439919
388541
459185
443130
465608
382119
362853
346797
401386
391752
350008
446341
433497
414230
337164
3345143
3392930
2986735
2700008
2915053
2676114
2604432
2891159
2556645
2986735
3177886
3177886
3416824
3130098
2962841
3034522
1126857
1064254
1040778
1126857
860794
1126857
1103381
1048603
899920
970349
993825
860794
1056429
923397
845143
978175
710980
593336
680291
700750
705865
588221
736555
685405
583106
695635
644486
716095
629141
654716
608681
537071
1848977
1994566
1601476
2096478
2038243
1965448
1892654
1616035
1921772
1616035
1936331
1819860
2038243
1805301
1616035
1717947
1790099
1851826
2145032
2129600
2114168
2206760
1697507
1728371
1959850
1682076
1774667
1712939
1728371
1697507
2067873
2052441
1560664
1884045
1982465
1771565
1729384
1926225
1884045
1490364
1968405
1996525
1771565
1729384
1715324
1743444
1968405
1659084
1965121
2529184
2456401
2019708
2638357
1910534
2474597
2547379
2438206
2547379
1983317
2292641
2401815
2037903
2001512
2001512
98776
93244
103517
93244
100356
94825
89293
110629
109048
109839
97195
93244
86132
98776
92454
105097
20443
20611
21951
21281
22454
18265
23794
22621
21784
20946
20108
22119
19773
17762
22119
19270
150277
133840
170235
132666
144406
160843
159669
138536
144406
160843
127970
124448
147929
157321
165539
125622
41277
44782
44003
49844
54906
52570
54127
42835
48676
43224
53738
51791
42056
42056
48286
55685
2707045
2269141
2249236
2786665
2129808
2806569
2707045
2209427
2408474
2507998
2109903
2786665
2507998
2388570
2587617
2746855
3272161
3272161
2848428
3248620
3272161
3366324
2589480
2495317
2660102
2518858
2660102
2683643
2589480
2777806
2966131
3366324
1078463
1062833
961238
836199
984683
984683
984683
984683
1101907
1133167
1078463
922164
1125352
1023758
1133167
883089
2385461
2834009
2854398
2548570
2324295
2201964
2650512
2365072
2752455
2242741
2568958
2956341
2915564
2467015
2446627
2426238
56438
46063
45233
58513
50628
51458
56853
53118
54363
59343
43573
45233
45233
45233
56023
54363
2716543
2192638
2561312
2056811
2134426
2270253
2270253
2638927
2367273
2600119
2619523
2406081
2735947
2250850
2309061
2347869
537216
537216
587580
499443
541413
608565
444882
491048
600171
491048
558201
444882
541413
533019
440685
470064
1829228
1750382
1908074
1876535
1892305
1986920
2018458
1860766
1971151
1750382
1703074
1718843
2113074
2223458
2018458
1923843
899068
754943
823574
981426
775532
878479
960836
734353
837300
947110
967699
796121
892205
857890
926521
864753
145840
159840
154007
142339
133006
168007
151673
165674
137672
154007
165674
169174
154007
143506
134172
127172
1785901
2086333
2119715
2203168
1952808
2386765
2269931
1952808
1852664
2236549
2403456
2386765
1886045
1835973
2286621
2002880
1638018
1626062
1303241
1339110
1339110
1398891
1482586
1590193
1291284
1721712
1315197
1566280
1386935
1649974
1518455
1327153
3655317
3655317
3734781
3443415
3522878
3496390
2913659
3575854
3337464
3469903
3469903
2913659
2834195
3178537
3337464
2834195
914795
948182
701120
714475
934827
921472
914795
901440
941504
821312
868054
848022
794603
707798
821312
874731
2029121
2230485
1812269
1765800
2044611
1827758
2230485
2106569
2029121
2214995
1688353
2245974
2106569
1920695
1750311
1688353
3017192
3278523
3302281
3231009
2993434
2732103
3183494
3183494
2850890
3349796
3112222
2755860
3397311
3135979
3183494
3421068
3205425
2574054
3132575
2549770
3496828
3084008
2865456
2768322
3011157
3302560
2768322
3326843
2986874
3253993
3375410
2841173
446398
377238
342657
408674
342657
443254
355232
358376
352088
418105
386668
424392
392956
436967
364663
414961
691152
741725
741725
634961
803535
797916
651819
775439
781059
764201
803535
730486
775439
730486
708010
646199
1859534
1844776
1992358
1800501
1564370
2036632
1800501
2021874
1741468
2110424
2021874
1711952
1756226
1977600
1933325
1770985
551292
546846
489050
564630
613535
586860
466820
595751
533509
586860
609089
577968
635765
555738
524617
551292
380922
357326
485424
461827
380922
404520
387664
374181
407891
444972
444972
367439
397778
485424
353955
428117
220976
205079
170104
189181
216207
184412
193950
228925
227335
166924
190771
211438
201899
222566
181232
170104
2133087
1990881
1659068
2196290
2133087
1753872
2212091
1848676
1880277
2212091
2148888
1722270
1848676
1817074
2212091
1911878
233015
221461
209906
206055
238793
233015
269605
279233
233015
242644
277308
265753
223386
233015
213758
227238
3131089
2386634
2474217
2977819
3174880
2408530
2868340
2539904
3152985
2649383
3109193
2715070
2736966
2736966
2342843
2912132
2287545
2707279
2686292
2455439
2287545
2581359
2854185
2266559
2497412
2812212
2560372
2938132
2476425
2749252
2896159
2812212
1165112
1184212
1021860
1146012
1212862
1117361
1117361
1203312
1060061
1260613
1298813
1060061
1012310
1356114
1251063
1346564
572537
523462
564357
547999
527551
507104
539820
466208
535731
592984
482566
560268
580716
523462
503014
552089
131313
133317
135322
130310
134320
110262
118282
139332
126301
127303
140334
122291
112267
133317
133317
120286
2830984
3013628
2990798
3287594
3310425
2945137
3287594
2853815
2945137
2967967
2420035
2442865
3287594
2511357
2876645
2899476
1161381
1133729
1216684
1198250
1050773
1216684
1142946
977034
1152163
1023121
1115294
1050773
1179815
1253554
1308858
1041556
679566
822633
828594
703410
649760
625916
727255
834555
757060
721294
721294
768983
763022
685527
655722
637838
637841
559337
647654
598589
652560
608402
608402
623121
588776
623121
549524
618215
583869
588776
667279
583869
3181461
2336037
3114717
3003477
2491773
2558517
2892237
2469525
3114717
3203709
2580765
2447277
3136965
2625261
2336037
2358285
34065
41834
31973
34065
39444
42432
43328
42731
36157
37651
36157
33467
36754
35260
36754
31973
1368907
1423663
1390810
1478420
1160833
1456517
1489371
1292248
1412712
1500322
1215589
1215589
1467468
1226541
1555078
1193687
2137754
2193522
2658251
2490948
2546716
2026219
2137754
2081987
2639662
2658251
2342235
1989041
2323646
2565305
2249289
2026219
628256
735650
649734
687322
569189
596037
762498
724910
719541
741019
724910
692692
676583
746389
628256
569189
1077474
1192287
1130465
1183455
1280605
1271773
1121633
1156960
1192287
1042147
1165792
1130465
1156960
1006820
971493
1033315
1173118
979005
953686
1063402
1173118
1139359
1173118
1038083
1080281
1156238
1097161
894608
1071841
1122480
894608
1063402
2311187
2431770
2391576
2532257
2612646
2773424
2612646
2612646
2713132
2733230
2632743
2592549
2753327
2190603
2190603
2391576
264256
299647
325601
276053
290209
276053
280772
309085
294928
290209
285491
318523
247740
247740
278412
316163
1836338
1822634
1863746
1452626
1945970
1932266
1877450
1603370
1644482
1904858
1987082
1671890
1808930
1617074
1973378
1617074
1652995
1866285
1666326
1399714
1626334
1732979
1866285
1786301
1692987
1839624
1506358
1666326
1679656
1626334
1586342
1799632
608110
535817
506049
455019
595352
561332
450767
552827
455019
608110
467777
476282
574090
591100
569837
603857
2786366
3495178
2639715
3006342
3079668
3006342
2590831
2884133
2908575
3079668
2566390
2639715
2737482
3079668
2688599
2810808
1772291
2401703
1855108
1838545
1805418
1987616
2153251
1755727
1805418
2219504
1838545
1855108
2186378
2269195
1904799
1971052
527348
432188
436153
507523
428223
531314
539244
566999
436153
551139
539244
503558
455978
519418
483733
444083
1105535
1259348
1317028
1201668
1355482
1307415
1201668
1326642
1067081
1288188
1240122
1153602
1105535
1067081
1076695
1220895
2645379
2438709
2438709
2542044
2872717
2314707
2769382
2418042
2438709
2624712
2252706
2459376
2397375
2666046
2170038
2831383
1011767
833220
1041525
803462
818341
967131
892736
810902
937373
1063844
840660
900175
1011767
907615
900175
1056404
3212310
3093335
2902976
2831591
2807797
2688822
2712617
3378874
2593643
3450259
2712617
3117130
2926771
3402669
3331284
3045745
656352
506975
538661
547714
484342
633719
647299
579400
556768
479816
606560
529608
615613
588454
642772
570347
3005694
3053404
2814856
3244241
2838711
3005694
2957985
2957985
2862566
3172677
2957985
2957985
2791002
2910275
3053404
3005694
1806549
1607297
1554163
1886249
1740131
1912816
1394762
1686998
1833116
1673714
1872966
1686998
1912816
1819832
1527596
1580730
648642
592238
688125
710686
744528
812213
778371
648642
659923
643002
597879
795292
665563
744528
817853
738888
2187245
2154842
2171043
2009025
2235851
2235851
2252052
1782200
2041429
1701191
2073832
2203447
1847007
1863209
2284456
2187245
2650419
3154217
2913270
2518993
3088504
2759940
2365663
2803749
3176122
2431376
2978983
2891366
3044696
3154217
2978983
2978983
110499
112226
119132
92370
105320
100140
96687
111363
109636
103593
114816
110499
119132
94960
101867
125175
3351675
3187607
2695403
2695403
3070415
2554773
3351675
2718841
2953224
3375113
3046977
2531335
2929786
3164169
3398552
2648526
1457340
1400412
1639507
1195474
1320714
1332099
1275172
1571194
1309329
1423183
1354870
1559809
1480111
1241016
1309329
1457340
182311
167345
189113
142855
163263
152379
155100
176868
156460
168705
156460
179589
156460
174147
142855
159182
2587477
2587477
2225991
2092812
2378196
2739682
2720656
2073787
2225991
2378196
2130863
2359170
2435272
2283068
2587477
2054761
2844553
2292625
3078061
2653501
2441221
2504905
2759641
2228941
2695957
2865781
2674729
2504905
2759641
2823325
2313853
2398765
1904846
1872004
1855583
1904846
2167583
1986951
2118320
1888425
2167583
1789898
1773477
1954109
1855583
1773477
2364636
2266110
459940
371866
358818
358818
417534
414272
424058
443630
420796
430582
433844
404486
407748
394700
466464
424058
776010
644685
835703
758102
859580
841672
853611
829734
734225
835703
853611
835703
704378
865549
698409
752133
123473
122329
162344
152054
163487
124616
162344
140622
124616
131476
141765
122329
156627
134905
126902
154341
775017
725548
687072
687072
681575
615616
632106
643099
681575
753031
780514
731045
577140
665086
648596
709058
711004
634277
634277
731465
588241
583125
583125
705889
583125
700774
675198
624047
726349
557550
639392
644507
1578454
1590412
1638244
1375168
1626286
1686076
1698034
1709992
1638244
1387126
1650202
1315378
1590412
1411042
1351252
1494748
1458937
1564086
1892675
1642947
1380075
1905819
1616660
1458937
1472080
1445793
1813814
1380075
1458937
1590373
1892675
1761239
1238538
1531283
1317354
1339873
1306095
1520024
1294835
1418689
1249797
1216019
1306095
1238538
1565062
1621359
1351132
1261057
2427999
2313291
2351527
2045637
2179464
2427999
2026519
2466236
2198582
2619181
2160346
2313291
2676535
2733889
2600062
2389763
1616694
1845606
1917142
1731150
1559466
1874220
1988677
1502238
1917142
1874220
1573773
1745457
1845606
1745457
1502238
1731150
2661109
2273031
2550230
2402390
2605670
2106712
1940392
2125191
2531750
2457830
2309991
2568710
2014312
2605670
2402390
2346951
1319564
1561484
1165615
1506502
1517499
1286575
1308568
1473513
1484509
1407535
1407535
1275578
1363549
1473513
1264582
1429528
3139399
2631555
3116315
3277902
2931645
3185567
3162483
2608471
2954728
2493052
2677723
3231734
2608471
3047064
2585387
2770058
275028
325492
310353
320446
282598
343155
358294
348201
335585
338108
282598
320446
287644
348201
330539
285121
239073
237353
230473
221873
204674
230473
189194
214993
199514
185754
225313
204674
199514
230473
189194
233913
1321563
1535531
1661394
1749498
1359322
1384495
1787257
1560703
1472599
1724325
1334149
1460013
1434840
1699153
1636221
1485185
1815567
1880992
2126339
1717428
2011844
2011844
1831923
1848279
1733784
1848279
1799210
2060913
1962775
1815567
1766497
1733784
2996282
2231274
2996282
2656278
2805030
2571277
2316275
2847530
2847530
2847530
3017532
2741279
2486276
2635028
2422526
2443776
3506574
3137461
2821078
3585669
3242922
3796591
3612035
2794713
3691130
3506574
3374748
3322017
3822956
3242922
3322017
2979269
1035546
1082616
1082616
917870
1035546
1051236
847265
925715
1043391
1090461
917870
996321
831575
862955
964941
1012011
699221
875660
784173
758034
699221
764569
823382
712291
686151
829917
941008
914869
777638
842986
790708
705756
1394463
1467856
1383979
1163800
1195254
1499310
1478341
1111377
1404948
1457371
1373494
1404948
1174285
1111377
1258162
1509795
2754404
2431473
2450469
2659424
2469465
2412478
2260510
2602436
2336494
2602436
2203523
2697416
2051556
2754404
2146535
2279506
1059380
984380
1256256
1078130
1340632
1115630
1153131
1059380
1031255
1171881
1228131
1246881
1162506
1068755
1078130
1096880
2492814
2062400
2546616
2277607
2600418
2492814
2546616
2205872
1990665
2080334
2474880
2528682
2026532
2439013
2385211
2421079
1635465
2118316
1915830
2133892
2040437
1900254
2211772
2056013
2056013
2211772
1837951
2009285
2102741
2180620
1962558
2102741
196835
227534
227534
240175
247398
202252
252816
256427
195029
243787
191417
258233
243787
202252
202252
213087
2721022
3240490
3141544
2894178
3364173
2795232
3562066
3042598
3265227
2696286
2844705
2671549
3463119
2696286
2671549
3586802
1727730
1553618
1834876
1687550
1727730
1567011
1526831
1767910
1741123
1915236
1727730
1473258
1580404
1915236
1513438
1861663
761888
701739
755204
888869
928968
882186
728472
902236
922285
922285
735155
775254
915602
801987
935652
741838
1074465
1321687
1131516
1064956
1340704
1026922
1331195
1264635
1026922
1160041
1350212
998396
1207584
1122007
1207584
1236110
636980
655179
586931
582382
482285
509584
564182
523233
586931
514134
577832
655179
596031
477735
600581
573282
2813632
2697206
2503162
2173288
2522566
2580779
2736014
2794227
2561375
2037457
2212097
2425545
2794227
2444949
2541971
2367331
2809561
2565251
2956147
3078302
3395904
2785130
3005009
3029440
3395904
3176026
3078302
2662975
3298180
3005009
3322611
2809561
2292578
2542677
2855301
2334261
2417627
2292578
2855301
2313419
2938668
3022034
2459311
2896985
2188370
2521836
2917826
2396786
251159
288027
301852
278810
324895
281114
285723
246551
327199
253464
258072
278810
288027
317982
285723
260376
142435
136957
128192
129287
140244
117235
117235
120522
129287
124905
143531
153392
139148
116139
149009
127096
956130
965150
1118492
1118492
1262814
1046331
1298894
1172613
1136532
1037311
1082412
1109472
1280854
965150
1172613
1127512
788360
971372
865788
964333
823554
992489
851710
1013605
922099
767243
823554
739087
886905
823554
767243
900983
2044318
2225231
2170957
2351870
2460418
2098591
2333778
2261413
2478509
2134774
2315687
2026226
1899587
2424235
2388052
2261413
1811016
2414688
1794247
2146389
2129621
1811016
2330845
1760710
2045777
2330845
2230233
2045777
2414688
1878091
2347613
1961934
1398608
1699244
1477035
1699244
1490106
1882239
1503177
1803813
1411679
1450893
1895310
1764599
1503177
1424750
1843026
1790742
1514687
1587392
1684332
1454100
1454100
1611627
1672214
1466217
1575275
1490452
1526805
1332925
1369277
1502570
1575275
1575275
640491
655621
655621
716140
695967
650577
660664
695967
605188
650577
620318
711096
650577
731269
630405
726226
15127
15596
15479
12782
14189
13720
13955
15245
13368
13134
15596
13016
16652
13955
16065
13016
1569066
1628954
1700820
1365447
1664887
1628954
1449290
1413357
1377425
1628954
1341492
1628954
1664887
1473246
1676865
1688843
2238336
2099404
1898726
1898726
1945036
2192025
1682611
1991347
1929600
1806105
1806105
2022220
2022220
1698048
2192025
1713484
1250438
1384414
1205780
1395578
1529554
1417908
1272767
1239273
1306261
1239273
1607706
1529554
1384414
1250438
1295097
1328590
66541
63157
65413
62594
80075
62594
74436
68797
65977
63157
75000
59210
60902
73308
67669
59774
278242
219771
280258
241950
270177
241950
286307
264128
215738
231868
237917
231868
252031
282275
280258
237917
97375
103055
92506
116850
103055
94940
90072
112792
112792
87637
99809
96563
86826
107112
103866
95752
2528954
3459418
2552812
2719818
3363986
3196980
2505096
2600528
3149263
3125405
3340128
3340128
3411702
3387844
2528954
3316270
2598570
2822585
2956994
3158607
2912191
2934592
3113804
3001796
2755380
2486563
2688176
2844986
2553767
2486563
2576169
2576169
1562048
1726474
1726474
1822389
1452431
1452431
1534644
1712772
1603155
1740176
1794985
1863496
1945709
1904603
1479835
1438728
2306950
2709079
2687914
2899561
2645585
2243456
2878396
2899561
2306950
2455102
2539761
2412773
2349279
2370444
2582090
2433938
2069345
2414236
2069345
2586682
2395076
2663324
2548361
2318433
2433397
2184309
2280112
2165148
2126827
2720806
2011864
2337594
153836
145357
157470
163526
139300
169583
158681
158681
153836
168372
146568
136878
144145
175639
141723
152625
362686
295209
399235
404858
317701
337382
351440
351440
337382
334570
345816
354251
402047
351440
306455
385178
2313554
2847451
2491520
2353102
2511294
2333328
2175136
2491520
2155362
2194910
2867225
2649711
2274006
2728807
2175136
2274006
1596524
1222869
1562556
1279484
1313452
1222869
1517264
1256838
1222869
1449327
1188901
1483295
1256838
1256838
1324775
1438004
1104163
1094125
1345071
1214579
1335034
1274806
1294882
1415336
1345071
1204542
1244693
1204542
1184466
1284844
1274806
1395261
334100
292337
302778
357591
334100
344541
323659
276676
305388
279287
297558
297558
300168
310609
354981
321049
295434
321855
348276
278621
290631
257004
290631
307444
290631
338669
257004
257004
345875
341071
348276
281023
1641754
1463302
1427612
1653651
1546580
1356231
1558476
1284851
1546580
1451405
1475199
1487096
1356231
1368128
1403818
1653651
96588
80490
76291
77691
77691
79090
73491
91689
94489
100088
74191
79790
88889
88189
75591
86790
996787
989458
1033434
806225
967470
916165
945482
791566
872189
864859
894177
872189
1040763
791566
1011446
813554
3253841
3135948
2829427
3230262
2617220
3371734
2640798
2593641
2758691
2640798
3230262
3065212
3300998
2570063
3230262
2499327
2068280
1959423
2140851
2322279
2285994
2031994
1959423
2013851
2104565
2050137
2503707
1977566
2031994
2449279
2122708
2304136
768404
660347
786413
828436
744391
726382
666350
678357
666350
762401
744391
636334
642338
690363
858451
660347
1600613
1556151
1244921
1322729
1222690
1289382
1244921
1200459
1533921
1289382
1545036
1233806
1367190
1478344
1478344
1311613
1540223
1487565
1750851
1592880
1540223
1803509
1408580
1790344
1461237
1895659
1671866
1777180
1448073
1513894
1790344
1869330
2715483
2572563
2225471
2184637
2756317
2654232
2143802
2409226
2245888
2654232
2674649
2695066
2368391
2817569
2776735
2899238
3335252
3460638
3485715
3084482
3586023
3009250
3134636
2808634
3260021
3586023
3560946
3310175
2758479
3260021
2758479
3360330
327679
344628
358752
364401
324854
307905
350277
381350
398299
358752
307905
322029
398299
336153
353102
327679
83836
76670
82403
98167
84552
83836
87419
85986
101750
77387
79537
88852
85269
80253
97450
96734
1836931
2060109
2317623
1854098
2094444
2180282
1871266
1939936
2094444
2111612
2231785
1871266
2454963
2145947
2420628
1991439
2008083
1523373
1924990
1966536
1495675
1551071
1509524
1467978
1495675
1648013
1495675
1731106
1592617
1938838
1952687
1661862
2563066
2245166
2741884
2404116
2086216
2880965
2404116
2344510
2602803
2821359
2741884
2741884
2205429
2423985
2722016
2761753
3228289
3180814
2611116
2563641
2634853
3275763
2753540
2729803
2658591
3180814
2539903
2682328
3109602
2824752
3228289
2895965
1999711
1743748
1807738
2207681
2239676
1679757
2127692
1951718
1935720
2175685
1871729
1775743
2127692
1791741
1695755
1839734
2850667
2937710
2676580
3133558
2981232
3155318
2720102
2502494
3155318
3002993
3002993
2328407
2937710
2850667
3068275
2872428
2727386
3145292
3035316
2617410
2991326
2793371
2705391
2727386
2903346
2925341
2837361
3057311
3189282
3101302
2749381
2771376
2384154
2496791
2327835
2646974
2121334
2290290
1989924
2628201
2553110
2327835
2590656
2459245
1971151
2722066
1989924
2008697
2044700
2321947
1871420
2373931
2425915
2252636
1819436
2062028
2356603
2512555
2321947
2044700
2027372
2148668
1836764
1923404
3055631
2830216
3306093
3581600
3331139
2629846
3005539
2654892
3180862
3506462
2704985
3506462
3306093
2654892
2704985
3005539
2790318
2941146
3242802
2991422
3494182
2916008
3242802
3469043
3318216
3418767
2890870
2991422
3293078
3318216
2916008
2941146
2239168
2467231
2467231
2902625
2384299
2778227
2736761
2259901
2881892
2301367
2301367
2508697
2633096
2280634
2653829
2259901
2077694
2039918
2323239
2096582
2644338
2153246
2266575
2474345
2493233
2058806
2039918
2115470
2531009
2379904
1983253
2606561
422158
340247
340247
428459
384353
400105
409557
406406
444212
400105
387504
384353
378052
444212
374902
333946
3555709
2666782
2666782
2666782
2938399
3037168
3580402
3555709
2765552
3580402
2839629
2864321
2592705
2642090
3580402
3407555
290869
331735
290869
302888
331735
293273
257215
331735
331735
281253
338947
341350
307696
298081
302888
264426
3503091
2973847
2923443
3200666
2772231
3251070
2696624
3200666
3377081
2847837
3477889
3200666
2822635
3503091
3629102
3301475
2504853
1914423
2218584
2504853
2397502
2558528
1985990
2594312
1950207
1985990
2308043
2361718
2451177
2039666
1968099
2254368
812346
705809
932201
852298
705809
932201
712468
772395
965494
945518
925542
725785
785712
812346
812346
898908
542902
576833
562291
668932
552596
562291
683474
683474
678627
508970
586528
542902
630154
533207
668932
576833
2521922
2690051
2017538
2279071
2559284
2521922
1998857
2690051
1998857
2223028
2652689
2596646
2092261
2409837
2559284
2073581
1509712
1364780
1606334
1545945
1497634
1533867
1497634
1666722
1461401
1654644
1630489
1618411
1473479
1690878
1376857
1727111
916290
1074558
1124537
1074558
949609
1207836
1157857
1057898
1016249
1166187
882970
916290
1124537
874640
1066228
1166187
178508
162986
206449
190926
190926
186270
186270
172299
204897
195583
187822
172299
180061
192479
212658
178508
2827583
2788036
2135517
2313477
2511210
2590303
2432117
2867129
2293703
2254157
2629850
2669396
2649623
2610076
2353023
2095970
3538883
3437044
3564342
3284287
3589802
2749635
2902393
3131529
2673256
3207908
3462504
3437044
3640721
3589802
3640721
3691640
2030911
2062398
2156859
1904963
2282807
2062398
2030911
2030911
1653067
2125372
1653067
1700298
1857733
1841989
1999424
2078142
1702045
1454974
1564783
1894211
1537331
1935389
1482426
1962842
1715771
1839306
1496152
1880485
1674592
1743223
1619688
1756949
1291183
1701466
1568728
1472191
1665265
1604929
1604929
1435989
1496325
1604929
1677332
1580795
1363586
1544593
1484258
1291183
2714945
2452812
2040889
2490260
2583878
2022166
2677497
2097061
2527707
2003442
2640050
2565155
2658773
2303022
2434088
2714945
65156
80192
65713
59030
60144
66269
64599
64042
76850
66269
60701
75737
75180
59587
65713
79635
1984958
1649042
1984958
1679580
1832269
2046033
1755924
1618504
1664311
2107109
1878075
2046033
1740655
1679580
2030765
1893344
2374525
2125583
2757513
2470272
2661766
2106434
2087284
2010687
2048985
2259629
2183031
2125583
2068135
2661766
2527720
2431973
509899
646816
575997
547669
509899
642095
637374
604325
656259
542948
561833
495735
590161
637374
618488
651538
1350495
1446106
1458057
1278788
1637326
1565618
1625375
1673180
1505862
1529765
1553667
1541716
1302690
1625375
1505862
1637326
1971058
1684936
2225388
1796206
1827997
2130014
1780310
1796206
1891579
2161805
2098223
1907475
2050536
1684936
1716728
1891579
148767
133043
145138
134253
174166
133043
154814
130624
136672
174166
156024
147557
175376
169328
175376
126996
263911
261616
254731
293744
282270
279975
273090
282270
300629
282270
243257
293744
328167
270795
302924
254731
638409
770692
632658
782195
626906
672918
764941
609652
828207
810953
724681
695924
672918
724681
701675
776444
