1988514
2178720
1919348
2109554
1815600
2178720
2317051
2178720
2507257
2144137
2230594
2420800
2334343
2057680
1971223
2057680
134236
156423
123142
143111
155314
118704
139783
137564
142001
145330
158642
145330
123142
151986
134236
130908
1625256
1761959
2202449
2187260
1655634
1701202
2187260
1898663
1974610
1686013
1701202
2080935
2050556
1625256
1929042
1853095
2898613
3031374
2500330
3142008
2699472
2566711
2876486
2588837
2810106
2588837
3097754
2367569
2655218
3009247
3119881
3075627
2213923
1951532
2017129
2295920
2000730
2181124
1902333
2197523
1935132
2049928
2197523
2197523
2230322
2328719
2066328
2230322
2157176
1871667
1919252
1935113
2204761
2173037
1824082
1998560
1728913
1681328
2204761
1871667
2236484
1665466
2284068
1744774
184984
189727
178659
166011
203956
226091
222929
227672
229253
194470
177078
186565
200794
229253
215024
192889
3423971
3301686
3521799
2788091
3081574
2983746
3032660
3252773
3375057
3154945
3423971
2983746
3326143
3350600
2592435
3154945
2555933
2282779
2068159
2438867
2165714
2692509
2263269
2185225
2555933
2165714
2282779
2712020
2399845
2829086
2653487
2243758
1833239
2017984
2046407
1961140
1961140
1932717
1875873
1762183
2017984
1747972
1620072
1648494
1691128
1847450
2017984
1847450
2725401
3307752
2981635
2562343
2515755
3191282
2865165
2911753
3331046
2585637
2935047
2748695
2469167
2608931
3331046
3237870
1324118
1343170
1085967
1352696
1124071
1162175
1333644
1381274
1066915
1286014
1171701
1047863
1219331
1371748
1019285
1371748
3041849
3041849
2393219
3198415
2460319
3064215
2370853
2505052
2594518
2840550
2706351
2393219
2549785
2482685
2706351
2616885
1911330
1767980
1688341
1831691
1783908
1959113
2166174
1847618
2054679
1767980
1895402
1959113
2102463
2086535
1943185
1959113
731957
669542
703587
675216
811394
737631
635498
663868
737631
703587
658194
766002
731957
680890
641172
794372
1026815
1036412
1353093
1084394
1381883
1189954
1036412
1305111
1132376
1372286
1103587
1046008
1007623
1209147
1074797
1209147
675196
719368
908676
769850
826642
864504
662576
832953
908676
839263
725678
788781
744609
713058
914986
662576
3088045
2789202
2789202
3212563
2863912
3212563
2664684
2664684
3386888
2739394
3162755
3262370
3112948
2863912
3013334
2714491
928287
906008
839171
1002550
809466
891156
928287
891156
957992
839171
995124
779761
1002550
950566
1039681
987697
3130136
2478024
3086662
2695395
2825817
2325865
2456287
2347602
2282391
2651921
2782343
2956240
2651921
2695395
3130136
2325865
2106964
1835612
1835612
1931383
2298506
2186773
1915422
1851574
2282544
1771765
2202735
1819650
2314468
2218697
1867536
1675994
1966021
1935540
2011743
1630731
2057464
1828857
1691693
1935540
2087945
1661212
1752655
1859338
2194629
1676452
1996502
1691693
2871615
2349503
2741087
2762841
3045652
2327748
2501785
2697577
2806351
2501785
2371257
2980388
2632313
2806351
2523540
2849860
149013
138370
132456
158475
158475
130091
170301
131274
133639
124178
146648
134822
137187
126543
128908
131274
462257
381864
435459
355067
432110
465606
408662
452208
412011
355067
475655
375165
422060
425410
438809
365116
3632329
2979033
2952901
2796110
3475538
3553934
2952901
3083560
3710725
2926769
3736857
3083560
3580066
3109692
2796110
3606198
1342934
1323038
1273300
1124085
1313091
1283248
1352881
1313091
1273300
1352881
1143980
1293195
1303143
1273300
1273300
1193719
1851498
2041022
1749447
2041022
1705711
2041022
1589081
2041022
1968128
1720290
1618239
1574502
1822341
1997286
1997286
1632817
2166633
2058301
2545794
2184688
2563849
2455518
2419407
2509683
2004136
2581905
2599960
2274965
2094412
2202744
2383296
2491628
3385413
2661635
2801721
3338718
2498201
3268675
3385413
2544897
2965155
2521549
3081893
3385413
2731678
3315370
2755026
2918460
2232452
2621596
2293896
2293896
2211971
2642077
2642077
2498708
2969776
2539671
2560152
2867370
2437265
2846889
2887852
2314377
2785729
2368967
3158622
2544446
2434771
2654120
3027013
2500576
3027013
3048948
2347032
2983143
2654120
2412836
2632185
3136687
1677743
1585269
1598480
1757007
1730585
1730585
1519216
1836270
1400321
1849481
1426742
1439953
1770217
1664533
1836270
1902323
2145080
1842956
2069549
1722106
1586151
1767425
1661682
2145080
1933593
1601257
1963806
2190399
1827850
1616363
1707000
1782531
1399102
1494495
1367304
1229514
1303708
1335506
1483896
1187117
1229514
1229514
1293109
1293109
1218914
1176517
1346106
1452098
2609096
2935234
2547946
2751781
2751781
2466411
2894466
2140274
2568329
2649864
2384877
2282959
2711014
2344110
2282959
2731398
197776
192205
185241
200561
186633
189419
196383
179669
174098
200561
199168
199168
149028
188026
201954
193597
264263
272332
223918
272332
252160
248125
252160
229969
229969
268298
227952
268298
270315
274350
231987
262246
914563
957299
931657
965847
974394
1034225
1076962
1094056
1170982
982941
1111151
1239361
1034225
1102604
1136793
940205
3115895
3464875
3140822
3539656
3614438
3315312
2841696
3140822
3340239
2741987
3240530
3240530
2941404
3315312
3564583
3290385
877393
923227
825011
844654
890488
838106
811916
825011
936322
851202
929774
759534
831559
910131
844654
910131
3389098
3627394
3653871
2965460
3283188
3018415
3839212
3706826
2833074
2886028
2991938
3203756
2806596
3653871
3389098
2859551
2052341
2271675
1754673
1801673
1817340
1974007
1739007
1927007
1833007
1895674
2021008
2099341
1707673
1880007
1895674
2052341
2505732
2060268
2617098
2635659
2320122
2078829
2078829
2041707
2097390
2505732
2283000
2245878
2320122
2301561
2672781
2078829
2684490
2724858
2523017
2583569
2724858
2159702
2866147
2502833
2543201
2543201
2462465
2482649
2886332
2906516
2422096
2825779
717968
948509
908988
882640
777250
955096
895814
908988
882640
915574
836532
928748
816771
922161
757490
750903
2190593
2580444
2097771
2487622
2524751
2561880
2691830
2339108
2320543
2673266
2691830
2060642
2209157
2673266
2209157
2153464
1759963
2279572
2195764
1759963
1827010
2296333
2246049
1877294
1843771
1759963
1944340
2162241
1961102
2128718
1810248
1827010
1373168
1331239
1446543
1415097
1268346
1111113
1278828
1373168
1457025
1132077
1205453
1278828
1383650
1236899
1373168
1299792
2816222
2723887
3070144
3324065
3047060
2793138
3231730
2793138
2770054
3300981
2839306
2885473
3093227
3300981
3139395
2631552
1285383
1531283
1263029
1374801
1330092
1218320
1475397
1542460
1441865
1330092
1363624
1575992
1564815
1374801
1184788
1408333
155934
137985
146959
118913
151447
130132
120035
118913
146959
139106
152568
130132
133497
127888
122279
154812
2435138
2684896
2351885
2518391
2726522
2393512
2476764
2622456
2643270
2372699
2518391
2414325
2726522
2455951
3017906
2601643
1869813
1693138
2090657
1855090
1987596
1619523
2105380
1693138
2017042
2120103
1987596
1575354
1634246
2031765
1840367
1752029
1420983
1370233
1408295
1649355
1585918
1471732
1497107
1509794
1547856
1560544
1725479
1382921
1674730
1560544
1459045
1573231
1676711
1663190
1811930
1676711
1947149
1811930
1433318
1852496
1568536
1825452
1555015
1527971
1825452
1920105
1744321
1676711
2577412
2577412
1968857
2434223
2362628
2380527
2165742
2308932
2577412
2577412
2434223
2487919
2076249
2470020
2022553
2183641
2500255
2738375
2952683
2690751
2643127
2738375
2952683
2595503
3166990
2928871
2762187
3000306
2785999
3119366
3214614
3357486
1516800
1676464
1570021
1410358
1530106
1490190
1663158
1809516
1476884
1570021
1410358
1503495
1410358
1742990
1809516
1583327
118159
121609
122472
122472
103497
105222
106947
106085
94010
108672
118159
103497
112122
103497
119884
102635
2999146
2685802
3245345
2842474
2618657
2350077
2394840
2394840
2350077
3200581
2551512
3066291
2372459
2864856
3200581
2775329
2234957
2162862
2541362
2271005
2487291
2433219
2361124
2271005
2054718
2234957
2505315
2090766
2451243
2180885
2325076
2252981
284338
257042
245668
323008
329832
286613
238844
325283
307085
238844
282064
320734
291162
257042
311635
307085
110785
97044
112502
109926
120231
112502
103056
103914
121090
110785
105632
113361
105632
115938
115079
96185
2258357
2258357
2030623
2562001
2068579
2505068
2713823
2068579
2258357
2125512
2467112
2713823
2713823
2751779
2713823
2580979
1250737
1175505
1128484
1269545
1316565
1354181
1194313
1288353
1288353
1137888
1090868
1241333
1269545
1015636
1072060
1062656
1283825
1152631
1143260
1255712
1162002
1246341
1030808
983953
1105776
1058921
1012066
1274454
1162002
1302567
1302567
1208857
1813775
1917419
1831049
2383818
2228352
2193804
1951967
2193804
2124708
2228352
2452915
2072886
2021063
2487463
1951967
2452915
1120157
1004846
914245
1103684
947191
1013083
1144866
1013083
996610
971901
1111920
1177812
1013083
881300
1128393
873063
1610381
1262817
1645138
1679894
1285988
1668309
1575625
1320744
1332330
1413428
1297573
1610381
1332330
1332330
1506112
1262817
2048471
1860825
2111020
2220480
2236118
2048471
2173569
1892099
1876462
2251755
1688816
1688816
2001560
1673179
2095383
1720090
2287749
2437415
2287749
2373273
2244988
2287749
2266369
2886413
2394654
2244988
3057460
2693985
2950555
2565700
2244988
2865032
3259953
3583460
2637824
2861791
2936446
3558575
3011101
2836905
2687595
3035987
3508804
3483919
3085757
2836905
3359493
3235068
950802
1226268
950802
1164066
1261812
1270698
1181838
1021889
1128522
1217382
1181838
1288470
1030775
1057434
1261812
1164066
59862
44065
47806
59862
49885
54458
52379
43649
54873
55289
52795
44896
59030
55705
49885
59030
2501970
3057963
2266742
2651660
3100732
2245357
2288126
2330895
3036579
2715813
2416432
3036579
2566123
3036579
2779966
3100732
1741376
1833027
1741376
1603899
1665000
2016330
1894128
1710825
1848302
1878853
1756651
1787201
1771926
1603899
1756651
1726100
1271410
1230063
1137033
1498817
1364440
1137033
1457470
1457470
1343767
1230063
1374777
1405787
1374777
1426460
1354103
1343767
1317459
1239387
1161316
1336977
1385772
1151557
1229628
1356495
1093003
1336977
1112521
1395531
1258905
1415049
1395531
1210111
1359152
1340142
1254601
1035997
1378161
1302124
1121538
1359152
1311629
1178565
1074015
1064510
1045501
1330638
1273611
1292620
1775800
1656530
1868565
1497503
1855313
1643277
1868565
1855313
1669782
1656530
1669782
1762547
1484250
1749295
1749295
1497503
2137924
1925899
1978905
1925899
2420625
1890561
2243937
1908230
2279275
1872892
2084918
2402956
2349950
2385288
1961236
1890561
1722838
1586105
1613451
1586105
1941611
1531411
1914264
1750184
1586105
1722838
1763858
1627125
1709165
1791204
1886918
1914264
605054
575777
673366
639210
658728
634331
590415
570897
536741
707523
707523
697764
629451
663607
531862
702643
110284
121662
114660
103281
125163
98030
124288
119911
105907
97154
123413
124288
111159
98030
101531
123413
2922682
2584520
3429924
2970991
2922682
2946836
3043454
3091763
2946836
3284998
3115917
2729447
3091763
3164226
2970991
2705292
1853348
2187558
2050836
1655860
1929305
2020453
1655860
2005262
2005262
1853348
2126793
2096410
2050836
1671051
2066027
2005262
3075626
3507739
3050208
3126463
3355228
3126463
2897697
3177300
2948534
3507739
3406065
3075626
3456902
2948534
3177300
2872279
2885554
2909402
3171725
3243268
3338658
2503993
2790164
3028640
2599384
3100182
3219420
2647079
2766316
3410201
3457896
3243268
899815
765800
810472
880670
708365
740273
880670
791327
829617
784945
880670
912578
855143
778563
765800
733892
404244
352182
428744
382807
352182
440994
367495
346057
444056
434869
419557
437931
398119
367495
339933
342995
803906
891833
910675
734820
841589
872992
734820
910675
879272
816467
898114
759942
841589
803906
766223
854150
2224187
1882004
2037542
2084203
1975327
1742021
2239741
1928666
1990881
2208633
1835343
1882004
2193080
1959773
2161972
2130865
2573912
2947899
3101894
2837903
2441916
2507914
2991897
2661909
2353919
2991897
2749906
2771905
3145892
3057895
2749906
2969898
320109
330271
365839
279460
322649
353136
279460
365839
276919
287082
304866
353136
360758
287082
360758
340433
2110758
1800352
2002116
1676190
1893474
1629629
1877953
1753791
1831393
2017636
1924514
1738271
1955555
2172839
2017636
1691710
1439410
1535371
1864379
1932922
1795835
1741001
1453119
1919213
1823253
1645040
1878087
1535371
1836961
1987757
1453119
1782127
1979483
2293981
2312481
2571479
2663978
2330981
2034983
2182982
2034983
2589979
2552979
2127482
2626978
2626978
2367980
2349480
2201885
1978505
1866815
1834904
2122106
2249752
2169973
2265707
1978505
2026372
1802992
2106151
1978505
2010416
1850860
1723214
3109595
3853772
3720883
2870395
3056440
3827194
2870395
2817240
3215906
3827194
3508261
3827194
3162751
3614572
2976706
3215906
780975
867015
728028
946436
847160
728028
886870
721409
747883
708173
728028
900107
774357
827305
867015
867015
3004096
2398793
2510886
3250701
2488467
3205864
3138608
3004096
2869584
2488467
3250701
3004096
2914421
2421212
2622979
2981677
2937908
2723462
2680573
2744907
2530461
3045131
2895019
2659129
2594795
2294571
2980798
2337460
2959353
2616239
2616239
2487572
1100322
1025300
1158673
875256
1150337
1075315
1150337
1075315
1183680
1175344
1083651
1066979
1041972
950278
1050308
908600
2826188
3132358
3061704
2731982
3226565
2896843
3320771
3014600
3391426
2849739
3108807
2967497
3155910
3367874
2661327
2967497
1095120
1143435
901864
1143435
1022649
1151487
853550
1054859
926021
1030702
950178
1119278
982387
1038754
950178
934073
3701895
3515468
3595365
3728527
3408939
3595365
3275777
3249145
3808424
3089351
2823028
3755159
3249145
3408939
3382307
3382307
2369403
2300725
1940163
1802806
2249216
2300725
2283555
2283555
1922994
2317894
2214877
1802806
2111859
2146198
1974502
2129029
1058008
1066084
961091
1122619
1138772
961091
1017626
856098
864174
977244
1146848
1171078
848022
1163001
1074161
1082237
3094961
2462891
2811619
2637255
3160347
2353914
2550073
2898801
3138552
2855210
2659051
3007779
2484687
2942392
3051370
3094961
445712
507049
576564
535673
482514
515227
511138
552029
486604
535673
584742
494782
552029
466158
445712
543851
564950
617615
651129
612828
636766
584101
579314
555375
608040
574526
512286
588889
569738
694219
541012
646342
2764683
2624106
3022408
2647535
2577247
2647535
3373850
2694394
2460099
2553817
3256703
2905260
2530388
2670965
3280132
2717824
1352263
1172592
1068572
1371176
1021290
1257699
1144223
1352263
1371176
1011833
1257699
1352263
1248243
1323894
1286069
1304981
502800
405708
367564
423045
433448
374499
461189
371032
454254
364096
391837
454254
409175
429981
381434
492397
3076514
3597958
3650102
3624030
3493669
2972226
3754391
3363308
3232947
3702246
2763648
3571885
2867937
3519741
2815793
3597958
2833089
2735397
2051547
2715858
2442318
2364164
2051547
2110163
2598627
2774474
2129701
2246933
2246933
2735397
2461857
2579088
1628049
1530644
1864603
1962007
1614134
1711538
1934178
1655879
1781113
2003752
1502814
1530644
1683708
1502814
1711538
1767198
2732439
2182020
2732439
2594834
2752097
2064073
2221335
2594834
2535861
2634150
2339282
2319625
2123046
2614492
2299967
2182020
352754
350198
301630
329748
334860
291405
304186
299074
337417
360422
327192
357866
301630
327192
314411
365535
1464030
1317627
1366428
1354227
1756836
1464030
1439629
1683634
1281026
1403028
1561632
1378628
1512831
1464030
1744635
1683634
822792
836171
842860
842860
762588
769277
836171
782656
869618
749209
916443
963269
829481
789345
923133
876307
1633962
1778911
1462660
1436306
1568077
1884328
1778911
1568077
1818442
1423128
1884328
1436306
1686671
1699848
1699848
1778911
2861048
2818662
2670311
2246452
2246452
2543154
2945820
2458382
2903434
2988205
2733890
3072977
2649118
2352417
2225259
2691504
1602313
1363161
1482737
1638185
1375119
1674058
1422949
1255543
1566440
1530567
1590355
1291416
1554482
1363161
1709931
1578397
2650824
2212342
2650824
2650824
2810272
2511307
2650824
2770410
2491376
2351859
2591031
2232273
2272135
2451514
2152549
2371790
862945
826989
832982
629231
695150
785041
695150
820997
641216
779048
761070
713128
629231
689158
749085
862945
2776037
2706053
3242598
2519429
3359239
3195942
2799366
3079302
2776037
2659397
3265927
2985990
2752709
3312583
2472773
3009318
1095082
960180
849085
983987
1095082
864956
872891
1134759
1126823
1007793
944310
1023664
1007793
968116
1015728
1071276
2623472
3100467
3410514
2885819
2909669
3458213
3338965
2861970
3362814
3219716
2623472
2933519
2528073
2623472
2885819
2623472
289939
287742
248205
309707
305314
248205
230633
261384
237223
267974
250402
270170
274563
237223
259188
256991
2677726
3077036
3077036
3264947
2607260
3358902
3100525
2936103
3053547
3194480
2701215
2748193
2842148
3100525
2771681
3217969
177739
170078
220642
160885
220642
167014
174675
209916
212981
191530
220642
179272
186933
171610
194594
174675
2352502
2534866
2516630
2115428
2480157
1933063
2370738
2534866
2042482
2024245
2297792
2498393
2498393
2024245
2188374
2243083
2120372
1647483
2181390
2181390
2013591
2166136
2013591
2211899
1739010
1967827
1876301
2181390
1601720
2166136
2013591
2044100
821215
874442
821215
806008
889650
882046
1011312
1034123
996104
1011312
1011312
973292
874442
882046
942877
996104
3201400
2722451
3125777
2848490
2798074
3024945
2898906
2999737
3478687
3302232
3050153
3100569
3150985
2848490
3604726
3554311
1278604
1148576
1506152
1571166
1376125
1311111
1560330
1538659
1321946
1506152
1278604
1332782
1191919
1311111
1365289
1137741
1039905
1055311
901251
932063
1078420
1116935
855033
847330
839627
916657
978281
916657
1078420
1070717
970578
808815
2238838
1947607
2075021
2056819
1965809
2184232
2038617
2329848
2548271
2548271
2293444
1911203
2038617
2511867
2511867
2493665
2691438
2202086
2446762
2352656
2164443
2559689
2296192
2578511
2427941
2126801
2446762
2070337
2710260
2013873
2032695
2390298
827522
885594
834781
762191
914630
834781
769450
791227
914630
878335
929148
878335
849299
856558
769450
965443
360670
366535
381196
322550
389993
307889
310821
384128
337212
319618
343076
307889
425180
392925
331347
381196
1972316
1972316
1489581
1944731
1806807
1917146
1999900
1875769
1627505
1475788
1710260
1586128
1930938
1724052
1641297
1986108
3170962
3001521
3195168
2832080
2953110
3219374
3461432
3025727
3146756
3195168
3437226
3388814
3364608
3001521
3388814
2541611
891936
907864
995465
907864
1075102
844154
844154
1035283
923791
1067138
852118
907864
1154739
891936
1083065
915827
667830
621237
709246
719600
750662
590175
616060
590175
698892
719600
652299
693715
729954
657476
683361
652299
1207771
1118964
1127845
1030157
1101203
1047919
1243293
941351
1190009
1234413
1056799
1234413
1021277
994635
1056799
1243293
2618661
2618661
2815061
2684128
2749594
2356795
2793239
3120571
2880527
2356795
2967816
2509550
2400439
2815061
2618661
3142393
2758662
2373732
2886972
2715892
2780047
2651737
2758662
2673122
3100822
2523427
2587582
2865587
3058052
3079437
2651737
2566197
1146086
869724
1064803
983520
967264
999777
877853
1024162
1024162
918494
983520
934751
1064803
902237
983520
999777
2981447
3214373
3028032
2911570
3330836
2958155
3330836
3260958
3167788
3004740
3004740
2515596
3074617
3051325
2515596
3214373
1844787
1902436
1931261
2060973
2060973
1902436
1945674
1700663
1787137
1830374
1859199
2089798
1628601
1743900
1527714
2060973
3304325
3046540
2859061
3187150
3093410
2835626
2671582
3140280
2812191
2624712
3140280
2882496
3304325
3257455
2999671
3257455
2788444
2140425
2336794
2317157
2670622
2650985
2218973
2434979
2356431
2474253
2356431
2277883
2218973
2120788
2356431
2474253
2180037
2101050
2069455
1911481
1690318
1864089
2227429
2290618
1990468
1690318
1658723
1864089
1674521
1721913
2132644
1706115
3021557
2670214
3255787
2717059
3349478
3302633
3138672
3162095
2482830
2623368
2599945
2763905
2670214
2459407
3279210
2740482
2221666
1727962
2155839
2287493
2007728
2238123
1760876
1777333
1876074
2369777
2172296
2090012
1892530
2007728
1727962
1777333
2491409
2451863
2689140
2095947
2590274
2392543
2313451
2511182
2471636
2155266
2392543
2471636
2550728
2610047
2491409
2728686
2003602
1620560
1591095
2003602
1620560
1885743
2106728
1635293
2106728
1679490
1753152
1546898
2033067
1871010
2003602
1959405
2871132
3301801
2512240
3086466
2536166
2727575
2751501
3086466
2823279
2727575
2895058
3134319
3014688
3182171
2560092
3373580
1472107
1286807
1194157
1163273
1266218
1235335
1389752
1451518
1461813
1163273
1348574
1369163
1297101
1245629
1122096
1389752
1734060
1818648
2001923
1903236
1719962
1691766
1804550
1945530
1832746
1917334
1945530
1649471
1635373
1790452
1607177
1677667
2398039
3115209
2398039
2980740
3047974
3249679
3047974
2599743
2532508
3227267
3025563
2823859
2420450
2689389
2577331
2666978
1408053
1592284
1815994
1855472
1815994
1697560
1460691
1539647
1842313
1394894
1737038
1631763
1644922
1421213
1842313
1447531
2081036
2066584
1820906
1690841
1893164
1748648
1719745
1994326
2081036
1922068
1647486
1820906
1734196
1878713
1965423
1661938
1846045
1444731
1912931
1538371
1859422
1578502
1725651
1538371
1524993
1618633
1658765
1591879
1792536
1805913
1498239
1538371
2323433
2203256
2103108
2784114
2103108
2663936
2343463
2543759
2403552
2123137
2683966
2603848
2163196
2103108
2744055
2603848
2438086
2457590
2106506
2379572
2282048
2516105
2535609
2282048
2691647
2652637
2243039
2243039
2087001
2594123
2243039
2399076
454920
458559
484034
487674
436723
520428
454920
418526
520428
389411
484034
520428
527707
396690
473116
389411
2538919
2383020
2494376
2405291
2850716
2427562
3207055
2583461
2739360
2828444
2383020
2338478
2605732
2628003
2739360
2962072
711166
759793
662540
863125
784107
662540
668618
656461
711166
699010
802342
790185
753715
869204
765872
826655
2260858
2051871
2146865
2127866
2184863
2051871
2070870
2659833
2298856
2222860
2545840
2070870
2412848
2621835
2108867
2621835
2267477
2477428
2435438
3023303
2351457
2603399
2771361
2582404
2456433
2708375
3023303
2204491
2792356
2771361
2813351
2981312
705148
677817
716081
666884
623154
754345
606755
683283
716081
694216
765277
710615
623154
792609
710615
590357
3533334
3212121
3508625
3360373
3508625
2619114
2792075
2890909
3335665
2792075
3261539
2965035
3286247
2965035
2965035
3483916
1406297
1057216
1146980
1176901
1336481
1386349
1326507
1326507
1067190
1396323
1057216
1346454
1386349
1296586
1166927
1226770
1770627
1895981
2162359
1833304
2005666
1880312
2021335
2005666
1754958
1880312
1817635
1880312
1911650
1645273
1848973
1723619
944680
1058041
944680
1058041
967352
846433
801088
914450
1080713
1065599
1020254
861548
1095828
1027811
952237
937122
1448920
1653956
1558272
1448920
1899999
1626618
1913668
1954675
1708632
1476258
1612949
1503596
1749639
1585610
1899999
1749639
1348001
1300284
1348001
1336072
1610444
1503081
1348001
1693949
1419577
1682020
1288355
1610444
1538869
1252568
1538869
1693949
3250436
2796886
2771689
3048858
3426816
3174844
3275633
3351224
3577999
2948070
3351224
3023661
2998464
2796886
3603196
2973267
873076
1019876
873076
1066234
888529
1012150
857623
1089413
834444
1120319
965792
965792
1012150
1073961
857623
834444
1647879
1499198
1561148
1338127
1573538
1746999
1523978
1722219
1796560
1400077
1424858
1536368
1350517
1375297
1573538
1300957
904732
1067880
837989
830574
778663
1053049
1060465
897316
1015970
1023385
986306
800910
1053049
897316
1038217
1015970
2652231
2876650
2387008
2570624
2244195
2917454
2284999
2631829
2223794
2835847
2407410
2325802
2407410
2468615
2407410
2284999
121143
126700
133369
134480
142260
116698
156708
155597
156708
130034
157820
160043
120032
134480
148928
125589
1238902
1473866
1313663
1302983
1527267
1516586
1238902
1281622
1377744
1356384
1388424
1356384
1484546
1377744
1324343
1196181
152407
181618
181618
149867
152407
160027
143516
180348
162567
161297
140976
158757
151137
184158
179078
180348
1177497
1231019
1252428
1359474
1466519
1455814
1348769
1455814
1423701
1188201
1487928
1359474
1445110
1134679
1295246
1177497
2203583
1906646
2156698
1656594
1687851
2078557
1719107
2109813
1765992
1984787
2266096
2016044
1953531
2156698
2125442
1703479
2415594
2103904
2337672
2201307
2396113
2396113
2551958
2707803
2337672
2435075
2532478
2766245
2064943
2707803
2805206
2571439
1219988
1156885
1472399
1177919
1177919
1367228
1219988
1461882
1524985
1198953
1167402
1325159
1451365
1283091
1451365
1156885
1948253
1904307
1831065
2094738
1860362
1977550
1728525
1904307
2109386
1772470
2124035
2094738
1992198
1538094
1962901
2006847
3361042
3384382
3220998
2800868
3197658
2824208
2964252
3267679
2544122
2497440
2894230
3384382
3197658
3034274
2847549
2567462
1625554
1926583
1971737
2167405
1745965
1866377
2092148
1956685
1911531
1806171
1700811
2062045
2092148
1836274
1956685
2152354
2143002
2503507
2383339
2263170
2443423
2203086
2663731
2823956
2743844
2643703
2423395
2223114
2363311
2783900
2743844
2904068
1197257
1275127
1372465
1109653
1148588
1216725
1051250
1206991
1236192
1197257
1168056
1391933
1090185
1391933
1352998
1158322
39347
37144
35884
33996
44698
39032
45013
45328
33051
33366
41236
38717
42495
40606
34625
33681
1294431
1377560
1270680
1365684
1448813
1674448
1543817
1508191
1638821
1579444
1436937
1258805
1603195
1413186
1579444
1579444
412199
375633
382281
482007
362336
398902
349039
442117
458738
482007
395578
349039
425496
442117
458738
448765
1279310
1187273
1306921
1187273
1030811
1224088
1058422
1058422
1168866
1196477
1067625
1012403
1187273
1150458
1150458
1067625
2353872
2625472
1937417
2516832
2390085
2371979
1955524
2317658
2118485
2516832
2607366
2553046
1991738
2190911
2408192
1937417
2377314
2062669
2517156
1835426
2254952
2464715
2464715
1940307
2132590
1887867
2237472
1905347
2254952
2412274
2482195
2377314
816824
892329
858008
789368
796232
864872
734455
981562
775639
844280
892329
933513
885465
741319
851144
995290
2284949
2364426
2841285
2761809
2702201
2563117
2086258
2086258
2622725
2185604
2165735
2662463
2881023
2881023
2364426
2384295
2576035
2372176
2409241
2298046
2149785
2038589
2372176
2038589
2446307
2279513
2242448
2131252
2353644
2520437
2316578
2038589
1947006
2049480
1668863
2122676
1947006
1859172
1683502
1581028
1624945
2034841
1595667
1785976
2108037
1742058
1815254
1976285
2062287
2160491
2199772
2553307
2788997
2356899
2572948
2415822
2710434
2631871
2278336
2572948
2769357
2337258
2140850
2140850
1011471
995542
987578
963685
836255
1146864
1059257
939792
1099078
1019435
1019435
907934
1019435
971649
1043328
1130936
2753938
3131494
2931611
3220331
3131494
3042657
3064866
3087076
2398591
2576264
3131494
2576264
2798356
2465218
3198121
3153703
2646559
2516094
2236528
1994238
2255166
2199253
2273804
2683834
2273804
2609283
2478819
1956962
2590645
2627921
1956962
2478819
1373463
1304789
1147822
1177254
1098770
1344031
1059528
1049718
1353842
1363652
1098770
1049718
1412704
1285168
1049718
1108580
1896467
1928340
2039897
2183327
2183327
1976150
1864593
1673353
1689290
1816783
1960214
2247074
2008024
2151454
1832720
1896467
1102814
1139271
1175727
1184842
1121042
993444
1294212
1121042
1275983
1257755
1075472
956987
1203070
1203070
1230412
966102
903991
1248368
1239759
903991
981476
1127836
938428
1050351
1033132
1136446
1162274
955647
1084789
998695
1239759
1119227
1413037
1672310
1788983
1516747
1853801
1464892
1814911
1814911
1698238
1633419
1555638
1426001
1737129
1413037
1853801
1607492
2612390
2788013
2678248
2612390
2919730
2853871
3117306
2348956
2809966
2875824
2985588
2546531
2502626
2502626
2831918
2546531
1553826
1488171
1553826
1269323
1302150
1510056
1488171
1466286
1345920
1269323
1203668
1192725
1148956
1356862
1400632
1564768
577450
467055
607172
518007
484039
526499
462809
471301
467055
607172
590188
568958
471301
560466
501023
560466
2459692
2196824
2703784
2027838
2722560
2065390
2591126
2140495
2121719
2140495
2065390
2140495
2347035
2140495
2666231
2046614
1311223
1275051
1067064
1311223
1021849
1148450
1003764
1121322
1166536
1148450
1103236
1238880
1157493
1256965
1148450
1175579
410055
319560
401571
339356
328044
322388
376120
316732
376120
359152
356324
398743
333700
342184
330872
407227
859855
992140
808410
977442
933347
918648
962743
1065632
1021537
970093
823109
815760
859855
1014188
837807
881902
1803375
1920668
1612774
1627436
1730067
2037961
2096607
1876683
1818037
1774052
1847360
1656759
1715406
2111268
1847360
2125930
1960022
2437244
2198633
2352026
2420201
2096371
2369070
1806629
1857760
2454288
2147502
2028196
1857760
1908891
2471332
1857760
2280865
2469193
3034178
2531969
2971402
2615671
3034178
3013253
2259939
2364566
2992327
2741223
2239014
2218089
2741223
2971402
401252
457627
441046
401252
457627
361459
374723
404569
444362
457627
457627
354826
387988
351510
364775
368091
1943120
2293519
2022756
1959048
1736066
1847557
2166101
1672358
1736066
1704212
2245738
1927193
2245738
2229810
2070538
1831630
1032169
941095
994221
880379
1070116
994221
910737
842432
933506
872790
1016990
1062527
1009400
1001811
850021
842432
2938043
3156575
2573823
3156575
3423670
3253700
2768073
3156575
2573823
2549541
3496514
2889480
2646667
2938043
3302263
3277982
2019098
1815623
1831275
1690408
1753016
2066054
1972143
2222574
1893883
2050402
1799971
1706060
1768668
2050402
2222574
2253877
1785137
1840923
1548049
1938548
1896709
2008280
1617781
1952494
1743298
1617781
1743298
1701459
1464370
1924601
1687513
1882762
2450081
2133941
2193217
2292011
2805738
2173459
2865014
2509357
2489598
2529116
2430322
2311770
2469840
2232735
2726703
2805738
1349567
1479788
1314052
1361405
1716554
1325890
1254860
1325890
1420597
1349567
1657363
1408758
1681040
1574495
1432435
1420597
2918953
3095096
3120260
3371894
2994443
2969280
3497711
3548037
2994443
3296404
3321567
2742809
3397057
3019606
2793136
2918953
2189043
2169671
2557113
2634601
2189043
2227788
2266532
2557113
2053439
2247160
2479624
2111555
2731461
2750833
2072811
2673345
123659
143604
111692
120667
144601
133631
125653
109697
109697
111692
141609
122661
110694
128645
128645
125653
1082447
1092378
1062585
1370437
1211546
1191685
1360507
1390299
1042724
1211546
1410160
1231408
1072516
1350576
1350576
1151962
1357875
1460357
1626889
1498787
1511597
1652509
1511597
1819041
1383496
1665319
1460357
1345065
1819041
1550028
1831851
1819041
3192425
3167868
2799511
3241539
3167868
3143311
3167868
3560782
2774954
3069640
2946854
3560782
2578497
3143311
3413439
2701283
362602
369195
388974
438419
375788
448309
412048
458198
405455
445012
451605
398863
398863
471383
428530
425234
2362215
2645680
1984260
2173237
1984260
2003158
2305521
2437805
2267726
2683476
2248828
2229930
2513396
2059851
2475601
2173237
1004600
996432
1143447
1037269
1176117
1045437
1029102
955595
890255
1020935
1167949
963762
1086274
1069939
1184284
988265
274590
272494
226379
295551
243148
285070
268302
247340
303935
276686
236860
232668
299743
251533
268302
264109
1633977
1573460
1500838
1428217
1270871
1452424
1537149
1633977
1440321
1452424
1670288
1440321
1367700
1585563
1742909
1440321
988690
1174598
954889
1073194
1098545
1047843
1005591
1115446
1022492
980240
1166148
1166148
1073194
1132346
1199949
1090095
1310442
1460206
1622452
1572530
1522608
1447726
1672373
1672373
1485167
1372844
1310442
1560050
1410285
1310442
1734775
1510128
979060
739578
746621
901580
781839
1021322
746621
802970
767752
1014278
943842
824101
795926
887493
915668
957929
422399
411185
534541
418661
452304
414923
437351
489684
399971
392495
426137
497160
504636
433613
422399
426137
2358192
2283328
2208465
2189749
2189749
2433055
2657645
2002591
2395623
2601497
2208465
2620213
2489202
2264613
2545350
1965160
2540423
2578625
2731432
2387616
2368515
2043799
2024698
2559524
2024698
2101102
2483120
2521322
2158405
2635928
2655029
2082001
1843936
2264483
2248308
1779236
1746887
2329182
2313007
1811586
1860111
2054209
1973335
1827761
2280658
1892460
1940985
2280658
3377530
3015652
2702024
2895026
3112153
2726149
2557273
3184529
3184529
3088028
2653774
3425781
3353405
3256904
2533148
3208654
1434757
1325234
1336186
1379996
1390948
1237615
1215710
1248567
1259520
1358091
1325234
1314282
1347139
1314282
1434757
1390948
459340
479457
385577
358754
382224
358754
385577
422459
409047
482810
405694
479457
486163
432517
378872
398989
2967583
2534359
2794293
2924260
2317747
2945921
2512698
2469375
2317747
2880938
2469375
2880938
2642665
2794293
2491036
2577681
1069165
861486
853794
984555
861486
930712
899945
899945
846102
1092241
953788
815335
1046090
1053782
1092241
953788
1076729
967231
1031105
1021980
1277476
1250101
1195352
1167978
1213602
1058480
1277476
994606
967231
1021980
976356
1250101
211949
160841
199924
198421
166854
169860
181885
177376
160841
201427
180382
183389
160841
181885
204433
168357
672651
769559
609947
609947
786660
826563
672651
672651
712555
815162
798061
712555
786660
684052
672651
792361
2574487
2239594
2574487
2344248
2448902
2469833
3014033
2323317
2888449
2218663
2951241
2386110
2762864
2762864
3034964
2972172
1739684
1708619
2081408
1739684
1879480
1957145
1755217
1739684
2128007
1910546
2174606
2096941
1630954
1988211
1662020
1817349
1563438
1691780
1306754
1621775
1586773
1353424
1540103
1575105
1435096
1423428
1318421
1435096
1505101
1563438
1493433
1353424
541344
679055
641066
531847
636317
688552
503355
555590
679055
541344
560339
598328
588831
527099
579334
607825
197853
205236
163893
206712
159464
191947
178658
188994
183088
172752
202283
203759
162417
205236
211142
209665
227157
230881
266258
210400
227157
201090
247639
217848
210400
242053
258811
234605
225295
217848
238329
230881
1085770
1016953
1001661
925198
802858
1070477
802858
1016953
871674
818150
833443
925198
1024600
833443
848735
1062831
2701922
2776287
2974593
3519935
2776287
3420782
2726710
2949805
3495147
3495147
3569512
2627557
3048958
3470359
2701922
3321629
2575609
2698257
3458675
3262438
3434145
3286967
3066201
3017142
3041671
3311497
2747316
3458675
2820905
3237908
3532263
3164319
2151145
2151145
2385816
2522707
2776933
2581374
2424927
2483595
2092478
2581374
2170701
2835601
2679154
2405372
2327148
2796489
2269590
2027039
1923088
2425516
1819137
2200290
2009713
2494817
2425516
1975063
2252265
2425516
1975063
2269590
2252265
2321566
3098106
2469505
2447055
2626655
2873606
3165457
2536855
3120556
2716456
2424605
2447055
2828706
2671555
2918506
2491955
2626655
541882
524949
461447
575750
516482
571517
609618
588450
478380
575750
516482
533415
482614
529182
495314
605384
3101273
3690771
3357577
2716818
2768078
3408837
3383207
3639511
3511359
3562620
3178164
3357577
2768078
3485728
3383207
3178164
2640333
2933703
2738123
2615885
3178178
2591438
3080388
2713675
2909256
3349311
3251521
2713675
3398206
3447101
3202626
2787018
1450956
1314929
1439621
1201573
1258251
1292258
1609655
1235580
1632326
1212909
1371607
1258251
1484963
1416950
1450956
1643662
869931
855186
847814
825697
1061611
1039494
1010005
1017377
781463
892048
943654
788836
869931
1061611
855186
803580
1106015
1276945
1347328
1156289
1136179
1126125
1106015
1266890
1297055
1367437
1095961
1176398
1297055
1065797
1367437
1357383
1057956
780698
926623
970401
970401
853661
999586
773402
1006882
831772
897438
780698
904735
860957
809883
984993
309774
353296
299534
317454
330255
345616
279053
325135
302094
309774
332815
368657
314894
340495
309774
348176
419541
389996
322042
351587
419541
381133
366360
410678
392951
322042
384087
336815
369315
413632
392951
363405
2303085
2303085
1922260
2611372
2629506
2611372
2266816
2357488
2430027
2176143
2212412
1904125
2593237
2248681
2593237
2575103
2874533
2609505
2854146
2589118
2160996
2813372
2813372
2201770
2894919
2935693
2201770
2527958
2507571
2752212
2629892
2181383
1138569
1172557
1045105
1045105
892162
1011118
1028111
1223537
1053601
1181053
1096085
1206544
1113079
960137
1070595
1147066
1394062
1340854
1298287
1245078
1511121
1149303
1149303
1521763
1223795
1298287
1425987
1468554
1415346
1415346
1425987
1500479
352275
371846
366255
343888
299154
310338
397009
377438
377438
363459
335500
307542
318725
371846
310338
327113
1134769
1164372
1193974
1282782
1223577
1045961
1420928
1184107
1312385
1253180
1430796
1184107
1124901
1045961
1391325
1233445
1332980
1471308
1634787
1685088
1421007
1584486
1685088
1647362
1370706
1697664
1773115
1370706
1395857
1320405
1747965
1722814
3021088
3408407
2866160
3563335
3408407
2866160
2943624
3150194
3511692
3718262
3124373
3330943
3485871
3098552
3485871
3460050
1790615
1972474
1846571
1692690
1846571
1510831
1762636
1552798
1888539
1762636
1972474
1678701
1636734
1594766
1874550
1482853
1535123
1535123
1816797
1774546
1591458
1859048
1633709
1887215
1774546
1774546
1549207
1535123
1746378
2042136
1549207
1873132
2757682
2934174
2603252
3022420
2404699
2779743
2845928
3000358
2603252
2669436
2912112
2559129
2316453
2735621
2757682
2404699
1575178
1604080
1806397
1950909
2052067
1878653
1604080
2037616
1994262
1517373
1676336
1618532
2037616
1791946
1893104
1979811
838559
819356
838559
857763
800152
908973
716936
691331
819356
710535
723337
678529
678529
729739
812954
838559
1223759
1420805
1088938
1234129
1441546
1420805
1462288
1451917
1472659
1192646
1192646
1379321
1285984
1327467
1099309
1234129
2605735
2790393
2728840
2297971
2195383
2851946
2934016
2913499
2174865
2954534
2605735
2544182
2769876
2749358
2605735
2318488
3036985
2923665
3082313
2538375
3240962
3150305
3036985
3172969
2855672
2833008
3036985
3014321
2742352
2991657
2583703
3127641
3682845
3814375
3498703
3183030
2946276
3025194
3025194
3525009
3709151
2762134
3183030
3183030
3577621
3603927
3498703
3814375
2273778
2226734
1693572
1975834
2195372
2273778
2258097
1724935
1662210
2226734
1803341
2195372
1944472
1740616
2101284
2132647
1941267
1405745
1887715
1633342
1459297
1405745
1606566
1566401
1472685
1566401
1753834
1432521
1874326
1512849
1512849
1820774
299996
302455
260652
268029
297537
268029
287701
282783
285242
319668
341799
329504
265570
299996
270488
292619
2877820
2903746
2929673
2748188
3214862
3059304
3422272
2774115
3163009
3033378
3007451
3344493
3370420
2955599
2748188
3733388
867656
984316
1006189
780161
809326
1042645
787452
955151
780161
772870
1049937
874947
780161
962442
998898
874947
698107
691874
816536
741738
891333
772904
816536
841468
685641
791603
716806
835235
698107
853934
829002
810303
200998
250803
217007
234795
250803
250803
254361
241909
222343
224122
224122
188547
217007
241909
245467
188547
835830
913582
855268
686806
764558
881186
835830
913582
745120
939499
699765
848789
738641
894144
939499
796955
3315890
2723766
3055355
3339575
2534287
3363260
3410629
3434314
2510602
2865876
2889561
2771136
2605342
3007986
3102725
3363260
3076019
2508139
3430945
3312636
3383621
2508139
2721094
3430945
2792079
2697432
2815741
3052358
2792079
2768417
3194328
3312636
2752859
2883947
2709163
2949492
2796555
2905795
3102428
2446986
2599922
3146124
2446986
3058732
2971340
2556226
2818403
2425137
2136058
2175984
2096131
2435505
2734952
2175984
2275800
2395579
2774879
2435505
2415542
2435505
2355652
2096131
2515358
2595210
1501465
1214926
1616081
1341003
1363926
1661927
1260772
1661927
1237849
1455619
1558773
1318080
1283695
1512927
1512927
1237849
2207209
2331810
2100409
2207209
2011409
1869008
2207209
2314010
1940208
1993608
2385210
2207209
2314010
1886808
1922408
2331810
2391175
2080128
2313413
2080128
2779984
2352294
2507818
2799424
2721663
2119009
2488377
2585579
2527258
2274532
2624460
2313413
2053949
1974951
2101348
1737957
1674758
1895953
1864353
2196145
2085548
1864353
1911752
1785355
2053949
1706357
2243544
1801155
625322
639116
625322
606930
648312
648312
648312
579342
519569
537961
487383
501177
666704
583940
588538
625322
2977777
2339682
2488571
2956507
2318412
2382222
2637460
2531110
2297142
2382222
2509841
2658730
2871428
2297142
2467301
3020317
318188
326945
373652
321107
408682
324026
356137
353218
397005
318188
318188
338622
408682
315269
350299
382409
1893353
1859543
2146927
1910258
2366691
2299071
1842638
1842638
1775018
2332881
1876448
2146927
1859543
2366691
1893353
2366691
2555725
3329476
2743301
2602619
2626066
2626066
2837089
3352923
2672960
3024665
2930877
2626066
3048112
2860536
3095006
2508831
471674
536177
483769
487800
560365
431360
564397
459580
576491
532146
451517
487800
467643
532146
447486
572460
2068578
2239535
1812143
2102769
2136961
2393396
2222439
2444683
1812143
2222439
2102769
2478875
1914717
2034387
2256631
2051482
827758
688745
815121
695064
669789
903584
815121
770889
859352
878309
815121
739296
834077
802483
834077
726658
942868
957047
850708
801084
815262
808173
964136
985404
921601
999582
893244
765637
772727
843619
801084
815262
1271533
1454634
1271533
1129121
1241016
1322395
1118949
1078260
1251189
1088432
1078260
1373256
1444462
1403773
1322395
1434290
2496895
1837992
2080746
2080746
1872671
2427537
1959369
2150104
2011387
2236801
2202122
2496895
2063406
2167443
2375518
2462216
1937377
2152641
1937377
1952753
1675985
1922001
1906625
1845121
1737489
2091137
2075761
1752865
1875873
1891249
1752865
2168017
3017830
2918067
3167475
2743482
2943008
3591468
2718541
2818304
3441823
2793364
2768423
3217356
3217356
3242297
3416882
3217356
2320584
2509249
2697915
2716781
2735648
2207385
2358317
2716781
2320584
2018719
2245118
2584715
2660182
2150785
2565849
2546982
387816
496125
485643
384322
419260
412273
366853
377334
468174
422754
464680
426248
373840
373840
405285
468174
2980935
3204505
3403234
2633159
2707683
2782206
2757365
3005776
3254188
2732524
3577122
3303870
3030617
3502599
3552281
3129982
2543786
3027316
2522763
2396625
2732993
2585832
2354579
2711970
2543786
2564809
2543786
2333556
2585832
2943224
2922201
2732993
2683749
2335476
2151097
2622289
2581316
2171583
2376450
2519856
2683749
2601803
2458396
2950076
2868129
2929589
2171583
2192070
133669
148176
133669
122271
147140
128488
142995
108801
141959
125380
137814
123307
139887
137814
124344
134706
3117246
2597705
3377016
2503243
3117246
2692167
3400632
2739398
2999168
3140861
2574089
3093630
2644936
2786629
2503243
2739398
3246300
2742998
2893988
3019814
3523116
2742998
2843658
3170805
3296630
3573447
3598612
3472786
2868823
3095309
3472786
3170805
1499397
1565547
1334022
1521447
1488372
1201722
1411197
1543497
1300947
1411197
1510422
1477347
1212747
1499397
1521447
1433247
522455
483466
530253
518556
448375
460072
452274
463971
409386
541949
502960
499061
460072
471769
526354
522455
2961047
3046257
2875837
2918442
2513695
2577602
2705417
2748022
2513695
2513695
2279367
2897139
2705417
3003652
2897139
2961047
1073831
1164834
1301338
1183035
1301338
1028330
1046531
955528
1255837
973728
991929
1046531
1246736
1173934
1037430
1246736
1171763
1100205
1198597
1252266
1118095
1135984
1135984
1055481
1270155
1046536
1028647
939199
948144
939199
1234376
1082315
543602
642439
588078
652322
538660
578195
711624
662206
647381
568311
578195
588078
573253
518893
617730
588078
2822568
2727691
2941163
3178354
2751410
3059758
3036039
3178354
2941163
3012320
3415544
3154634
3012320
2893725
2514220
2537939
2923006
2552177
2464923
2573990
2748498
2377669
2923006
3141141
3162954
2421296
2464923
2334042
3032073
2443109
2792125
3053887
2127079
2051784
2616495
2127079
2240021
2428258
2635319
2070608
2710614
2560024
2710614
2616495
2428258
2315316
2258845
2541200
1031489
888226
752127
845248
1038652
873900
809432
766453
888226
881063
787943
852411
838085
852411
1024326
924042
3213025
3237366
3359071
2872249
3383412
2823567
3407754
2701862
3140001
2969614
3188684
3140001
3529459
3359071
2774885
3237366
999523
937053
1186934
1249404
1151237
1213707
972750
1124464
1186934
972750
1267253
1186934
1070918
945977
1088767
981675
1158802
1201406
1167323
1150282
1167323
1090638
1099158
1150282
1218447
1133241
996911
1048035
1116199
1056555
1107679
1116199
2678334
3071485
2629191
2874909
2801194
2776622
3513778
3145200
3366347
3513778
3218916
3268060
3562922
3366347
3489206
2948625
618921
586630
592012
635067
602776
581248
748088
753470
629685
678123
613540
618921
683505
683505
726560
629685
1473860
1450088
1438202
1628377
1259912
1616491
1307456
1426316
1259912
1604605
1675921
1402544
1652149
1485746
1652149
1640263
1986864
2002508
1877352
2018153
1689616
1877352
1689616
1861707
1705261
1720906
1892996
1673972
1846062
2252822
1658327
2049442
2723564
3011420
2834278
2745707
2524279
2369279
3144277
2767850
2568564
2878564
2612850
3144277
2679278
2369279
3210706
2767850
1776461
2008895
1892678
2174919
2257931
1859473
1892678
2208124
1909280
1992292
2008895
1842870
2340944
1859473
1809665
2125112
783402
962072
769658
948329
728426
879609
721554
955201
735298
804018
762786
968944
934585
838377
893353
728426
672924
704716
566952
694119
614639
747105
688820
604042
757702
598744
619938
577549
752404
651730
614639
630535
1569087
1450417
1859171
1384489
1845985
1780057
1740500
1700943
1753686
1555901
1898727
1898727
1608644
1780057
1766871
1635015
120438
136713
145394
119353
137798
132373
139968
132373
116098
149734
126948
157329
156244
132373
152989
130203
928159
928159
738463
975584
724913
799437
840086
711363
799437
914610
948484
907835
853636
887510
758787
894285
1411208
1334631
1170537
1531544
1487785
1258054
1170537
1312752
1542483
1301812
1476846
1312752
1531544
1444027
1586242
1258054
951712
996185
1280809
1111813
1165180
978396
1227442
1165180
1022868
951712
1076235
1263020
1085130
996185
1138497
1156286
780786
723794
780786
769387
604112
740892
609811
820680
598412
735192
644006
649705
792184
638307
638307
797883
2132464
1554921
1688200
1880715
1717818
1732627
1895523
2043611
1569730
1999185
1954758
1984376
1895523
2028802
1969567
2028802
2907510
3400308
3351029
3006070
2956790
3178549
2784310
2882870
2661111
2661111
2808950
2981430
3227829
2661111
2661111
2907510
2226771
2650042
2263577
2447608
2079546
2355592
2429205
2668445
2005934
2447608
1987531
2024337
2594832
2502817
2024337
2134756
1076438
1161420
991456
1066995
991456
1312499
1199189
1019783
1265286
1199189
1189747
1218074
1331384
1274729
1057553
1274729
816516
746025
704906
681409
775397
740151
746025
663786
781271
652038
728403
746025
663786
699032
640289
628541
791060
692177
756160
750343
686361
610745
761977
820143
767793
709627
692177
744527
616561
697994
756160
767793
372692
353580
433215
458699
353580
391805
420474
455513
436401
359951
398176
398176
455513
404547
353580
379063
381178
449595
371405
459369
387694
426790
443079
446337
345341
397468
426790
413758
426790
465885
403984
465885
1804359
1778397
1479834
1882245
1583682
1700511
1804359
1804359
1518777
1778397
1739454
1544739
1479834
1583682
1557720
1739454
462663
445685
556045
534822
594246
534822
539066
496620
534822
534822
513599
543311
492375
590002
517843
602736
1667364
1891548
1723410
1499227
1779456
1541261
1625330
1849514
1583296
2017651
1513238
1597307
1555273
1863525
1695387
1597307
530629
624852
609975
649648
679403
719076
585179
714117
595098
560383
719076
525669
714117
545506
679403
629812
692866
628414
741206
633785
639156
671382
735835
714350
660640
719722
574703
676753
655269
617671
768061
628414
327748
313498
347698
396148
407548
330598
410398
336298
384748
339148
344848
359098
353398
359098
339148
330598
240663
188345
198809
186601
207528
235431
233687
223224
247639
238919
238919
183113
193577
251127
235431
223224
128371
122209
129398
112966
109885
107831
143775
138640
112966
111939
125290
140694
119128
136587
125290
123236
3572283
2981186
3340984
2801286
3212485
3109685
3083985
3109685
2775587
3340984
3032585
2826986
3726482
3315284
2904086
3212485
86918
91264
85469
105026
96334
95610
87642
101404
99956
100680
91264
76777
97058
81123
84745
101404
749744
823490
694435
792763
743599
823490
866508
663708
749744
768181
811199
731308
737454
694435
780472
817344
290671
293289
353519
369231
345663
316857
377087
277577
298527
366612
335188
356137
348281
280196
285433
306383
1504720
1700456
1651522
1761624
1675989
1627055
1504720
1370152
1431319
1345685
1602588
1529187
1468020
1602588
1370152
1480253
1075817
1044175
933429
1028354
988802
1115369
854325
988802
1059996
988802
870146
885967
870146
1052085
933429
988802
533663
646013
613245
585157
561751
571113
627288
664738
496213
674101
641332
580476
622607
524301
575794
674101
1408089
1529476
1359534
1760111
1553753
1359534
1747972
1723695
1541614
1650863
1298840
1626585
1408089
1553753
1602308
1456644
2550666
2458250
2217970
2217970
2162521
2439767
2365835
2181004
2014656
1959207
2033139
2107072
2014656
2384318
2680048
2291903
2913833
2597603
3184888
2733131
2913833
2733131
2710543
2891246
2484664
2529840
2439488
2394313
2846070
2778306
2552428
2462076
94989
104035
98607
129366
129366
128461
116701
104940
123033
112177
126652
105845
109463
121224
120319
116701
3248033
2639027
3135254
2751806
3225477
3045031
3202922
2458581
2819473
3022475
3248033
2751806
3270589
2864585
3022475
2887141
1747521
2034000
1976705
1876437
1504014
1991029
1933733
2076972
1890761
1862113
2034000
1776169
1976705
1532662
2019676
1804817
697566
737427
876940
823792
790575
803862
764001
876940
750714
830436
843723
837079
830436
910158
850366
823792
1602103
2055796
1687171
1630459
1531214
1517036
1956551
1729705
1984907
1602103
1602103
1843128
1573748
2027441
2027441
1672993
84977
69870
75535
74276
88124
88124
78682
79941
70499
76164
84347
86865
88753
68611
87494
84977
2482736
2553671
2535937
2110325
2305397
2216728
2145793
2571405
1932987
1879785
1932987
2110325
2394067
1968455
2128059
2447268
480786
653143
557893
612322
485322
498929
480786
503464
489857
639536
639536
480786
635000
503464
562429
498929
3008680
2677215
3544123
3442134
3238155
2906691
3340144
3595117
3263653
3008680
3646112
3187161
2677215
3161663
2753707
3442134
2736589
2887425
2262534
2499562
2434918
2305630
2736589
3016713
2844329
2499562
2908973
2370274
2284082
2348726
2284082
2628849
889277
903172
903172
854540
861487
778117
910119
1007384
750327
1007384
951804
771170
736432
847592
792012
854540
2401653
2319545
2750611
2524814
2955880
2730084
2422180
2524814
2545341
2832719
2155329
2524814
2914826
2873773
2709557
2257964
534437
488508
463457
576190
538612
446756
505210
488508
521911
538612
505210
446756
521911
530261
455106
551138
663005
636484
636484
663005
673613
716045
578140
668309
673613
769085
657700
636484
562228
763781
769085
747869
1314953
1631951
1596729
1561507
1631951
1584989
1561507
1314953
1502804
1420619
1573248
1303213
1279731
1244509
1303213
1314953
1026924
1148763
1061735
974708
1053032
1200979
1035627
1174871
1192276
931194
1105249
1105249
1009518
1261898
1183574
957302
3010129
2580110
2693273
2919598
2874333
2761171
3032761
2715906
2715906
2829068
3236454
2421682
2874333
2919598
3213822
2806436
3302222
2581314
3209202
2558059
3139437
2534804
3185947
2651080
2837120
2720845
3325477
3371988
2953396
3116182
2674335
2906886
481314
545489
441204
545489
545489
469281
557522
517412
473292
481314
493346
421149
565543
481314
469281
581587
2572614
2280271
2319250
2494656
2806488
2104866
2397208
2046397
2631082
2124355
2436187
2182824
2514145
2455677
2728530
2611593
11754
10023
13212
11298
10569
9567
11116
10205
12665
11754
12483
11572
11390
10478
11845
12665
903827
903827
1162064
1145924
1057155
1000666
936107
1113644
1057155
863478
847338
968386
1081365
895757
1032945
1170134
2154974
2201822
1842659
2014433
2201822
1686502
2154974
2123743
2076896
2014433
2154974
1873891
1827043
2092511
1795812
2217437
46217
44304
35061
38248
41117
35061
43348
33467
44623
45898
36973
36655
40161
44304
44623
39205
1519493
1576832
2035547
1978207
1548162
2049882
1677176
1777520
1619836
1576832
2064216
1519493
1777520
1978207
1576832
1634171
1350757
1177860
1480430
1480430
1491236
1480430
1339951
1307533
1199472
1134636
1253502
1156248
1491236
1534460
1339951
1177860
2136242
1684045
2229800
1668452
1793196
2151835
2183021
2229800
1793196
2151835
2105056
1917940
1808789
1964719
1746417
2027091
1934862
2453129
2349476
1883036
2003964
2487680
2263098
2090342
2159445
2159445
2263098
1934862
2332200
2418578
2366751
1883036
1209585
1333645
1385337
1312969
1406014
1437029
1126879
1240600
1281954
1333645
1447367
1395675
1302630
1323307
1468044
1250939
2947646
3200960
2970675
3108846
3108846
3108846
3293074
2671304
2556162
3270045
3316102
2464048
3154903
2901589
3131874
2924618
2500008
2361119
2817470
2420643
2083340
2261912
2698422
2242071
2380960
2222230
2777787
2380960
2142864
2103182
2380960
2599215
1947265
1929400
2233102
1965130
1929400
2161643
2376021
2322426
2233102
2036589
2536804
2090183
2054454
2358156
2000859
2161643
1900271
1932209
2219645
1740585
1996083
1836397
1980115
2075927
2235613
1948177
2187707
1948177
2091895
2012052
2283519
2187707
1587240
1823358
1429828
1574122
1770888
1469181
1521652
1403592
1574122
1757770
1757770
1862711
1377357
1849594
1600358
1429828
463452
505584
495051
484517
431853
449408
414298
459941
400254
372166
484517
421320
470474
438875
400254
400254
2955045
3674535
3648839
3391878
3623143
3006437
3443270
3443270
2852261
3623143
3340486
3212006
3468966
2929349
3674535
3340486
2999412
2682572
2999412
2407978
2788185
3062779
2238997
2344610
3020534
2936044
2999412
2344610
2576959
2703695
3041657
2830431
2689358
2401212
2132276
2631728
2362793
2766196
2439631
2266744
2285954
2766196
2727777
2305164
2170696
2612519
2170696
2497261
342212
411254
417258
423262
420260
339210
426264
390241
384238
375232
348215
360223
327202
348215
348215
435269
2587789
2528070
2149855
2408634
2627601
2587789
2667413
2607695
2408634
2547976
2209573
2269291
2488258
2309104
2607695
2866474
2614071
2704996
2886844
3000499
3296003
3091424
3296003
2568609
2886844
3205079
2977768
2523147
2614071
3068693
2591340
3045962
3110906
3037995
2722043
2649131
2867867
3062298
2867867
3281034
3232426
3208122
3135210
3135210
2770651
2600523
2576219
3183818
260425
315886
308652
279716
349645
318298
262837
303830
301418
284539
332766
332766
340000
325532
253191
332766
558017
471214
491881
595218
446413
450547
450547
549750
471214
458814
566284
454680
467080
562150
591084
462947
2606101
2493769
2471302
2538702
2583634
2381437
2583634
2628567
2358970
2920630
3055429
3100361
2785832
2785832
2471302
2785832
2133000
2208504
2567150
2340637
2586027
2038619
2057495
2038619
2718159
2586027
2114124
2604903
2699283
2737035
2208504
2472770
623544
589839
657249
640397
674102
786452
640397
617927
702190
601074
763982
763982
730277
741512
724660
606692
1159390
1286199
1150332
1086928
1222794
1168448
1277141
1213737
1050697
1295256
960120
1231852
1132217
1277141
1086928
1213737
898746
951172
913725
958662
786402
988620
793892
1011089
906235
898746
936193
1056026
898746
936193
861298
1026068
2660925
3033952
2636056
3232899
2934478
3605926
3232899
3033952
3158294
3531321
3282636
3531321
3307505
2636056
3033952
3058820
2751388
2627265
2772075
2172148
2399707
2192835
2689326
2544516
2337645
2854823
2751388
2937572
2544516
2565204
2792762
2606578
1207737
1086027
1198375
1245187
1104752
1123477
1086027
1348172
1151564
992404
1039216
1057941
1039216
1235824
1086027
1291998
2995242
2995242
3502501
2898621
2898621
3502501
2995242
3430035
2632914
2608759
2995242
2802000
2608759
3381725
2753690
3116018
675482
810579
771980
759114
919943
784846
720515
688349
726948
874911
842745
791279
907076
694782
887777
733381
1713390
2039750
2284520
1958160
1811298
2170294
1811298
2349792
2219248
2186612
1827616
2121340
1827616
2007114
1843933
2088704
3506401
2716226
3432322
2987849
3111314
3160700
2839691
3061928
3555787
3061928
2617454
3407629
3086621
3531094
3284165
3457015
1777832
2052587
1890966
2198046
2133398
2246533
1697021
2262695
2036425
1729345
2084912
2311181
1987939
2020263
2165722
2230371
1857633
1393224
1818932
1406125
1548027
1573828
1728630
1689930
1457725
1754431
1625428
1560927
1560927
1522227
1548027
1625428
3008324
2428147
2814931
2320707
2342195
2535587
2771955
2814931
2836419
2406659
2514099
2793443
2428147
2771955
2900884
2428147
2448709
2652768
2387491
2407897
2734391
2632362
2856827
2203838
2938451
2754797
2550738
2673174
2836421
2734391
2775203
2836421
23479
27710
29825
28556
30671
23268
23691
22210
23691
27075
28133
23056
26864
26441
25595
22422
577880
495326
586136
507709
565497
557242
561369
445793
470560
582008
491198
474687
495326
499454
536603
557242
2442994
3031122
3212085
2827540
3279946
2985882
3257326
2714438
2895400
2646577
2488235
2985882
3234705
2646577
2714438
2691818
2465762
2351076
2026130
2695136
2389305
2561334
2733364
2007016
2351076
2045245
2198160
2484877
2465762
2446648
2102588
2331961
558861
615782
589908
683052
703751
745148
719274
683052
579559
714100
745148
558861
739973
672703
662353
584734
294515
348295
325247
268905
348295
353418
286832
366223
276588
338052
291954
279149
330369
294515
307320
348295
2483845
2799254
2306428
2069871
2621836
2799254
2069871
2759828
2404993
2661263
2168436
2641550
2700689
2069871
2858393
2365567
1688805
1896445
1716491
1578064
1799547
1924131
1467323
1633435
1937973
1481165
1979501
1924131
1910288
1550379
1564221
1550379
1591206
1184940
1602491
1489639
1342932
1309077
1286507
1455784
1365503
1455784
1500924
1297792
1388073
1241366
1444499
1455784
2716489
2593012
3506741
3136310
2790575
3284482
3580827
2938747
2815271
3062224
2667098
3161006
3432655
2741184
3358568
3309178
864599
790490
895477
685503
765788
648449
852247
710206
697855
753436
883126
716382
728733
679328
895477
870775
1891192
1979841
2112816
1728667
1994616
1772992
1654793
1994616
1817317
1920742
1950292
2127591
1950292
1625243
1935517
1979841
1037656
953974
1112970
1179916
995815
987447
1071129
1079497
987447
1029288
962342
1112970
1029288
987447
962342
1071129
2168495
2202378
1829667
2320967
1897433
2320967
2405674
2422615
2405674
2100729
1948257
2151553
2422615
1880492
2219319
1880492
211141
204885
203321
189245
182989
198629
182989
214269
225217
220525
175169
223653
222089
195501
200193
172041
1840181
2037343
2201645
2103064
2020913
2168785
1741600
2037343
2267366
2119494
2119494
2086634
2267366
1988052
1758030
2218075
1624706
1730995
1624706
1928389
1928389
1700627
1806916
2065047
2004310
1639890
2095415
2049862
1973942
2201704
2095415
1730995
966170
910734
894895
1029525
942412
1037445
1005767
1140397
982009
966170
958251
839459
886976
966170
1005767
886976
422515
375967
379547
515612
458321
469063
415354
476225
383128
383128
422515
451160
504870
486967
397451
469063
1651373
2136181
1727125
1802876
1954378
2090730
1772575
1833176
1908927
1924077
2105880
1757425
1727125
1924077
2181631
1651373
2585954
2609463
2562446
3220689
3244197
3408758
3032619
3244197
2750515
2562446
3314723
2915076
3408758
3338232
3244197
2891567
870196
1017687
833324
1069309
958691
825949
1047186
1054560
1032436
803825
877571
840698
914444
1069309
803825
781702
198075
193738
159039
190846
180726
154701
163376
209642
209642
209642
198075
199521
187955
153255
161930
166268
674153
751199
911712
719097
841086
674153
866768
744779
841086
853927
699835
725517
686994
815404
796143
828245
2734102
3411118
3228844
3280922
3541313
3098649
3098649
3749626
3385079
3515274
3567352
3567352
3437157
3541313
3228844
2812219
935264
799615
792475
778196
992379
985239
899566
928124
863869
892427
906706
771057
1013797
942403
899566
906706
806742
842758
770727
1030037
929194
893179
813945
849961
763524
821148
943600
792336
842758
943600
806742
849961
378048
449747
342199
368271
378048
404120
472560
453006
449747
443229
443229
439970
453006
433452
466042
365012
1965167
1918746
2228221
2243695
2119905
2150852
2135378
2119905
2166326
1686639
1779482
2119905
2042536
2228221
2243695
1779482
2409128
2389218
2886971
2747600
2827241
2568409
2289667
2210026
2628139
2409128
2448948
2707780
2548499
2707780
2628139
2787421
1975776
2329166
2168534
2200661
2088218
2264914
2280977
1879396
2297040
2264914
1943649
2168534
1975776
1686638
1927586
1686638
889066
882623
914836
785986
889066
734446
702233
882623
785986
734446
850411
721561
843968
740888
869738
882623
437754
348887
467377
391675
421297
404840
398258
404840
427880
381801
381801
454211
388384
355470
371927
394966
2665156
3193385
3001302
2809219
3313437
2833229
2713177
3097344
3169375
3169375
3457500
2593125
2737187
3409479
2689167
2809219
1665843
1296977
1523056
1630146
1594449
1594449
1511157
1582551
1665843
1308876
1546854
1368371
1665843
1523056
1285079
1273180
135772
112496
111526
130923
103768
123164
110557
105708
128983
118315
115406
115406
122194
137711
104738
101829
846440
869112
982475
876669
944687
1080722
982475
816210
906900
1042934
1050492
838882
1050492
922015
801095
997590
3372488
3764638
3660064
2954195
2980338
3555491
3006481
2797335
2928051
3660064
3137198
2849621
2980338
3006481
3555491
3058768
1401380
1625130
1366051
1625130
1377828
1283617
1401380
1377828
1424933
1472038
1271841
1648683
1554472
1613354
1366051
1271841
828088
1073448
1027443
1073448
835756
950768
1035111
1088783
866426
812753
1073448
805086
1019776
973771
973771
1012108
3765100
2928411
3006850
3372902
3346755
3791246
3006850
3346755
3503635
3294462
2928411
2980704
2954557
3294462
3372902
3582074
481536
402427
481536
416185
474657
381790
436822
364592
416185
481536
464339
402427
388669
440262
491855
423064
2444610
2502815
2735635
2308798
2192388
2599823
2211790
2328200
2813242
2250593
2580422
2172987
2658028
2386405
2735635
2755037
956428
892666
1155684
964399
1107863
1052071
948458
988309
988309
836875
908607
1139744
1091922
1099893
884696
892666
1444596
1543372
1777965
1456943
1642148
1716230
1691536
1568066
1308779
1765618
1728577
1531025
1790312
1419902
1790312
1580413
2389312
2898147
2588421
2345065
2345065
2367188
3097256
2610544
2898147
2345065
2676914
2455681
2522051
2964516
2322942
2477805
2854316
3311006
2534632
2717309
3151165
2877150
2808647
3196834
2877150
2671640
2557467
2831481
2831481
2603136
2785812
2420460
1044828
1373203
1373203
1204040
1303548
1074681
1333400
1184139
1144336
1253794
1204040
1442858
1174188
1263745
1194090
1184139
3212830
2734323
2665965
2734323
2643179
3053328
2939397
2620393
3098900
2825467
2848253
2734323
3076114
2438105
3258402
3053328
3142223
3293050
2815432
3619841
3318188
3443877
2941121
3569566
2941121
3016534
2991397
3469015
3091948
3594703
2915983
3594703
846532
1005257
854091
1050607
823857
854091
1043049
1012816
959907
808741
1005257
914557
1073282
1005257
982582
990141
3128408
3666904
3307907
3077122
3718190
3000194
3615619
2743767
2718125
3436120
3128408
3282264
3000194
3359192
2769410
3359192
913795
1059356
1132136
929969
954229
1091703
1035096
889535
1107876
1027009
1010836
889535
1067443
986576
1059356
994662
1488054
1712666
1698628
1754781
1824972
1600360
1782857
1600360
1544207
1993431
1726704
1839010
1796896
1839010
2021508
1824972
2792588
2938469
2334103
2959309
3000990
2896789
2417464
2834268
2292423
3000990
2354943
2709227
2646706
2709227
2229902
3000990
3029010
3029010
2450955
2844033
3190866
3237110
2913399
2797788
3029010
3306477
3190866
2474077
2682177
2543444
2751544
3075255
640317
665930
706910
650562
553234
655685
640317
732523
614704
604459
609582
640317
660807
619827
645440
630072
1914297
2035018
2362691
2483412
1845313
2190231
2069510
1983280
2500658
2069510
1897051
2241969
1879805
2328199
1810821
1810821
459459
341403
347785
354166
376501
395645
446696
389264
360547
382882
335022
456268
417980
437124
370120
354166
1930471
2278589
1693118
2183648
1977942
1740589
1724765
2009589
1962118
2262766
1883001
2072883
2262766
2246942
2057060
1693118
2469276
2368076
2489516
2894315
2671676
2772875
2125196
2651436
2246636
2125196
2469276
2185916
2590716
2590716
2874075
2914555
1478599
1402773
1807176
1794539
1668163
1642888
1579700
1503874
1630250
1339585
1453324
1516512
1440686
1617612
1541787
1415411
2115515
2167536
2271577
1890091
1890091
1872751
2497001
2011473
2392960
2392960
2392960
2011473
2392960
2011473
2254237
1820730
