480906663
469893533
411156841
440525187
433183101
458880403
473564576
392801625
385459539
477235619
433183101
469893533
385459539
433183101
466222490
411156841
3391028962
2697409401
2697409401
3108443215
3442408188
2979995148
2851547081
3031374375
2697409401
2851547081
3031374375
3082753602
2877236695
2877236695
2851547081
3057063988
828565112
1025842520
962713749
978495942
868020594
1065298001
1033733616
852238401
907476075
1002169231
1002169231
1057406905
931149364
1025842520
986387038
899584979
2108995988
2093018746
1917269080
1965200807
1693587688
1789451142
2061064261
1869337353
1757496657
1949223565
2013132534
1997155292
1853360111
1885314596
1917269080
2061064261
1657621455
1700124570
1487608998
1501776703
1785130798
1912640141
1742627684
1657621455
1558447522
1700124570
1912640141
1813466208
1714292274
1855969322
1586782932
1700124570
3157973097
3080318021
2925007869
3132088072
3468593402
2717927665
3339168275
3365053300
3416823351
3287398224
3365053300
3132088072
3157973097
3054432996
2743812691
3390938326
1720484178
1859982895
1859982895
1797983465
1782483607
1875482752
1921982325
1906482467
1844483037
1627485033
1735984035
1704984320
1906482467
2030481327
1999481612
1999481612
2485436548
2907073105
2773924718
2374479559
2330096763
2330096763
2840498912
2485436548
2396670957
2751733321
2552010741
2374479559
2418862354
2685159127
2441053752
2507627945
2301992120
2205269762
2301992120
2031169518
2243958705
2282647648
2127891876
2089202932
2553470251
2321336592
2147236347
2379370006
2514781308
2031169518
2031169518
2108547404
2129991905
2462192477
2462192477
2364486426
2169074325
2638063368
2520816108
2364486426
2169074325
2442651267
2286321586
2384027637
2227697955
2423110057
2071368274
2227697955
3472148790
2998673955
3445844632
2998673955
3524757105
3366932160
3077586427
2946065640
2761936537
3472148790
2788240695
3419540475
3524757105
3209107215
2893457325
3445844632
3334413360
3175631772
3069777379
3043313781
2937459389
3307949762
3122704575
2937459389
2858068594
3307949762
3016850183
3175631772
3043313781
3493194949
3493194949
2778677800
629787720
739316019
706457529
629787720
607882060
684551870
711933944
728363189
629787720
722886774
690028284
657169795
739316019
613358475
695504699
585976400
615837498
513969641
592685712
569533926
606576784
537121427
532491069
527860712
606576784
569533926
620467855
611207141
504708927
564903569
500078570
490817855
263319138
259298999
261309068
231158022
249248650
259298999
233168092
245228510
223117743
215077464
227137882
265329208
245228510
267339278
239198301
227137882
2781022660
2246210610
2674060250
2288995574
2310388056
2823807624
2267603092
2395957984
2887985070
2524312876
2310388056
2353173020
2395957984
2738237696
2310388056
2845200106
1389692947
1369104903
1173518488
1152930444
1224988597
1111754357
1286752728
1091166313
1080872292
1389692947
1173518488
1266164685
1214694575
1173518488
1091166313
1369104903
3558062550
2846450040
2925518096
3268146342
3558062550
3189078285
3320858380
3294502361
2978230134
3189078285
3004586153
2951874115
2820094021
2978230134
3558062550
3110010229
2198112083
2375379186
2074025110
2020844979
2038571690
2020844979
2322199055
2339925766
2020844979
2038571690
2144931952
2162658662
2180385373
1985391559
1861304586
1985391559
242360118
212561743
212561743
246333235
226467651
256266027
238387002
260239143
216534860
238387002
256266027
212561743
266198818
218521418
256266027
268185377
2545645659
2411664308
2679627009
2969919935
2545645659
2947589710
2433994533
2969919935
2344673633
2545645659
2947589710
2880599035
2969919935
2925259485
2858268810
2813608360
573490791
529749968
617231614
607511431
544330242
515169693
651252254
631811888
592931156
588071065
636671979
578350882
568630699
558910516
544330242
510309602
2056324379
2144201490
1862994737
2038748957
1915721003
1898145581
1986022691
2284804866
2056324379
2056324379
2161776912
1968447269
1845419315
2126626068
2109050646
2196927756
1502459458
1514383740
1335519519
1430913770
1418989488
1323595237
1395140926
1454762333
1585929428
1585929428
1347443800
1490535177
1263973830
1275898111
1430913770
1574005147
557142918
574553634
496205411
548437560
570200955
504910769
548437560
552790239
535379523
570200955
574553634
583258992
531026844
478794695
487500053
483147374
1982306575
1641597632
1951333035
1966819805
1780978563
1858412414
1703544713
1966819805
1641597632
2090713966
2013280115
1920359494
1750005023
2059740425
2075227196
1688057943
2762371989
2635851135
2656937944
2488243471
2804545607
2846719225
2446069853
2720198371
2488243471
2319548998
2424983044
2277375380
2804545607
2825632416
2277375380
2593677516
1199574256
1266217270
1244002932
1421717637
1166252749
1221788594
1310645946
1166252749
1377288960
1366181791
1443931975
1232895763
1255110101
1343967453
1255110101
1366181791
861192360
881696940
888531800
922706100
827018060
820183200
895366660
874862080
833852920
792843760
772339179
738164880
888531800
738164880
874862080
827018060
3356651434
3540218309
2858398486
3146860719
3199308398
2989517683
3146860719
3041965362
3173084558
2753503129
3094413040
3094413040
2989517683
3068189201
3382875273
3304203755
1673757661
1553247109
1486296803
1405956435
1513076925
1646977538
1767488090
1740707967
1606807354
1807658274
1593417293
1740707967
1566637170
1713927845
1807658274
1526466987
576247376
562305907
539070126
487951407
543717282
548364438
543717282
608777470
571600219
590188845
613424626
594836001
557658751
594836001
576247376
580894532
2003068380
2122910078
2122910078
2294112504
2208511291
2242751776
2191391048
2225631534
2105789836
1968827895
1934587410
2157150563
2259872019
2071549350
1866106440
2225631534
1568355847
1397022855
1581535308
1686970995
1555176386
1528817464
1647432612
1383843394
1581535308
1766047760
1660612073
1541996925
1660612073
1621073690
1462920159
1462920159
2721144057
2576658532
3130519711
2913791424
2793386819
2889710503
3058276949
2648901294
3010115107
3058276949
3130519711
2721144057
2961953265
2697063136
2937872344
2648901294
2812207555
2468731823
2382862890
2876609255
2704871389
2812207555
2254059491
2833674789
2661936923
2447264590
2533133523
2747805856
2769273089
2361395657
2661936923
2361395657
3120380336
3517038854
3358375447
3252599842
2988160831
3199712040
2882385226
2882385226
3358375447
3067492534
3384819348
2961716929
3358375447
3358375447
3014604732
2855941325
1296313683
1166682315
1188287543
1145077087
1328721525
1425945051
1199090157
1145077087
1361129367
1404339823
1447550280
1339524139
1242300613
1404339823
1166682315
1361129367
305188982
313014340
302580529
286929812
292146718
339098869
310405887
318231246
289538265
331273510
299972076
320839699
346924227
352141133
276496001
336490416
2657198347
2703815861
2843668406
3100064738
2727124619
3076755980
2983520951
2540654559
3100064738
2447419530
2540654559
2913594678
2470728287
2703815861
2540654559
2773742134
3036477898
2420050054
2420050054
2990816576
2420050054
2579864680
2465711376
2442880715
2397219393
2831001950
2922324593
2876663272
2990816576
2853832611
2671187324
2831001950
3267410764
2951209722
2793109201
3504561545
3241060677
3030259983
3241060677
3214710590
3188360504
2793109201
3030259983
3082960156
2924859635
3478211458
3109310243
3293760851
2482892430
2463494832
2482892430
2172530876
2618675609
2114338084
2579880415
2541085221
2541085221
2056145293
2075542890
2521687624
2308314056
2250121264
2618675609
2056145293
1705517113
1560981764
1691063578
1821145392
1907866601
1517621160
1748877718
1546528230
1864505996
1546528230
1532074695
1676610043
1835598927
1647702974
1575435299
1864505996
2873217167
2500356924
2588088746
2456491013
2675820568
2522289880
2522289880
2829351256
2939016034
2697753524
2368759191
2741619435
2588088746
2960948989
2785485345
2851284212
2306828189
2516539842
2478410451
2173375318
2078051840
2211504710
2306828189
2058987144
2192440014
2325892885
2020857752
2478410451
2383086972
2173375318
2173375318
2192440014
1133468325
1062626554
1071481776
965219120
1177744431
1018350448
1018350448
947508678
1195454874
1053771333
1177744431
1177744431
1195454874
1151178767
1177744431
1177744431
2374260878
2635647396
2657429606
2940598335
2809905075
2744558446
2788122865
2526736347
2918816125
2700994026
2548518557
2592082976
2940598335
2635647396
2396043087
2374260878
2279369535
2484886461
2055169253
2185952751
2372786319
1980435826
2017802539
2260686178
2111219324
2017802539
2111219324
2316736249
2260686178
1999119182
1999119182
2447519747
1923738905
2290998150
1836296227
2028670117
2290998150
2221044008
1976204511
2308486686
2151089866
2290998150
2308486686
2063647189
2186066937
2116112795
2343463757
2256021079
2565006668
2663660771
2209851899
2190121078
2525545027
2525545027
2367698463
2367698463
2308506002
2604468309
2545275848
2426890925
2091466976
2584737489
2347967643
2170390258
1027028909
855857424
880310493
929216632
1075935047
1043330955
1100388117
986273793
994424816
994424816
986273793
986273793
1059633001
1092237094
953669701
1010726863
955234264
1005509751
1030647495
1022268247
1131198470
921717272
1039026743
1131198470
1064164487
1022268247
971992759
980372007
1122819222
1106060726
1047405991
1106060726
3293817633
2916662942
2992093881
3243530341
2916662942
3218386695
2992093881
2891519296
2992093881
2715513774
2891519296
2941806589
2640082836
2765801066
2841232004
3293817633
1811554324
2164246317
1795522870
1923774504
2035994683
2019963229
1891711595
2068057591
1923774504
2035994683
1923774504
2164246317
2035994683
1715365599
1747428507
2148214862
655923677
699651923
743380168
837083550
730886383
793355305
812095982
668417462
768367736
843330442
762120844
755873952
718392599
837083550
843330442
674664354
1773984008
1879220347
1623646380
1698815194
1698815194
1789017770
1939355398
1969422924
1939355398
1879220347
1608612617
1758950245
1879220347
1713848956
1804051533
1999490449
416142765
343079531
368492830
422496089
352609518
384376141
371669492
419319427
428849414
358962843
381199479
419319427
384376141
352609518
406612778
365316167
1387924109
1784473854
1652290606
1758037205
1784473854
1493670708
1599417306
1559762332
1691945580
1731600555
1480452383
1493670708
1665508931
1546544007
1440797408
1467234058
1875923017
2043688491
1845420204
1875923017
1662403324
1784414578
1723408951
1921677237
1723408951
1692906138
1769163171
1814917391
1753911764
1875923017
1677654731
2013185677
2283452079
2000379507
2170223050
2377809603
2340066593
2453295622
2491038632
2151351546
2264580574
2170223050
2038122517
2056994022
2113608536
2019251012
2283452079
2377809603
1929283705
1714918849
1699607073
1868036603
2021154358
1806789501
1607736421
1607736421
1745542400
1898660154
1638359972
1699607073
1929283705
2067089684
1760854175
1883348379
1480456853
1621452744
1536855209
1579153976
1804747402
1776548224
1494556442
1508656031
1790647813
1522755620
1607353155
1593253566
1494556442
1480456853
1536855209
1649651922
3146573093
2842066019
3197324271
2867441608
3045070735
2892817198
3400328987
2918192787
3273451040
3146573093
3324202219
3121197503
3324202219
2968943966
3197324271
3146573093
1750970539
1736618322
1679209452
1894492715
1779674974
1750970539
1521335059
1722266104
1578743929
1593096146
1693561669
1736618322
1607448364
1621800582
1736618322
1707913887
1185097496
1272882496
1371640621
1327748121
1327748121
1437479371
1393586871
1382613746
1152178121
1250936246
1382613746
1196070621
1459425621
1196070621
1448452496
1218016871
2996541328
2630551548
3019415690
2493305380
2996541328
2653425909
2699174632
2470431019
2813546438
2584802825
2859295161
2950792606
2813546438
2401807935
3065164412
3042290051
2027713731
2132595476
2307398384
2080154604
2254957511
2150075767
2062674313
2324878675
2045194022
2150075767
1852910823
2080154604
1852910823
2202516639
1835430532
1852910823
331364791
364805275
352645099
343524967
410405934
404325846
380005495
392165670
395205714
340484923
395205714
340484923
370885363
352645099
331364791
392165670
2839067683
3287341528
2863971786
3113012811
3362053836
3187725118
2639834863
2938684093
2888875888
2839067683
3237533323
2938684093
3137916913
3088108708
3013396401
2639834863
2415282559
2012735466
2268901798
2195711418
2104223442
2323794584
2470175345
1921247490
2415282559
2122521037
2378687369
2012735466
2323794584
1976140276
2104223442
2470175345
2302875654
2124358161
2124358161
2142209911
2285023905
2267172156
1981544167
2106506412
2160061660
2177913409
2374282651
2338579153
1945840669
2070802914
1927988920
1874433672
225266958
262128824
255985180
264176705
231410602
223219076
276463994
266224587
274416112
215027551
239602128
253937298
260080942
272368231
247793654
239602128
21570040
22573298
22238879
20901202
19229106
18727477
21570040
22238879
22406089
18393058
20566783
20065154
19730735
21570040
22406089
21235621
2398797444
2379759370
2303607070
2132264395
2455911669
2056112095
2360721295
2208416695
2322645145
2360721295
2265530920
2570140119
2132264395
1998997870
2551102044
2170340545
886059774
931498737
1022376663
954218219
863340293
916352416
893632935
908779256
886059774
833047651
886059774
886059774
840620812
984510861
878486614
825474491
2019365504
1988535496
1911460477
1957705488
1772725442
1680235419
1726480431
1772725442
1741895435
1834385458
1680235419
1680235419
1726480431
1711065427
1988535496
1865215465
638393334
714134916
660033786
660033786
632983221
600522543
670854012
578882091
697904577
573471978
692494464
627573108
681674238
665443899
589702317
654623673
228090279
236236360
230126799
254565043
274930247
236236360
264747645
226053758
256601564
234199840
246418962
217907677
264747645
226053758
242345921
230126799
2708720072
2730742186
2818830644
2466476813
2334344127
2862874873
2510521042
2862874873
2950963330
2730742186
2378388356
2884896987
2730742186
2466476813
2444454699
2642653729
442029217
418764521
432058633
385529242
442029217
362264546
422088049
372235130
348970434
358941018
368911602
425411577
385529242
395499826
412117465
375558658
2169756870
2308621309
2082966595
2273905199
2343337419
2221831034
2048250485
1961460210
1874669935
2256547144
1892027990
2117682705
2065608540
1839953825
1926744100
2256547144
1948302243
1948302243
1567431128
1845760020
1552782239
1728568907
1728568907
1962951132
1801813353
1611377795
1757866686
1772515575
1626026684
1699271129
1933653354
1977600021
2238393900
2808550837
2512913907
2745200066
2322861594
2301744671
2808550837
2386212365
2238393900
2534030830
2850784684
2745200066
2470680060
2850784684
2724083143
2766316990
2055269993
2336332556
2090402813
2336332556
2143102044
2336332556
2090402813
2072836403
2160668454
2002570762
1914738711
2160668454
2301199736
1985004352
2301199736
2266066915
2466898087
2846420870
2719913276
2572321082
2277136696
2572321082
2213882899
2783167073
2424728889
2445813488
2572321082
2614490280
2593405681
2530151884
2614490280
2762082474
1456630214
1578016065
1274551437
1323105778
1395937288
1347382948
1602293235
1323105778
1310967192
1383798703
1456630214
1578016065
1638708991
1590154650
1493045969
1286690022
216491581
226966980
197286683
235696479
212999781
212999781
216491581
186811283
192048983
233950579
197286683
186811283
197286683
221729280
197286683
193794883
898158492
958538895
860420741
996276647
1018919298
981181546
807587888
860420741
1003824197
988729097
822682989
890610942
875515841
966086446
792492787
860420741
2690349658
2160432301
2506916727
2547679601
2690349658
2405009543
2751493969
2262339485
2201195175
2221576612
2506916727
2201195175
2303102359
2262339485
2160432301
2731112532
1221662772
1157844567
1011974385
1212545885
957273067
1230779658
966389954
1021091272
1112260135
957273067
1166961454
975506840
1185195226
966389954
1103143249
1011974385
943616023
912162155
920025622
982933357
872844821
864981354
990796824
896435222
1045841092
927889089
935752556
825664020
825664020
849254420
975069890
982933357
3053568444
3260590033
2975935348
2768913758
3053568444
3260590033
3338223129
3467611623
3364100828
3157079238
3157079238
3105323841
3079446142
3260590033
3157079238
3389978527
1456979483
1591658259
1530440633
1481466533
1493710058
1579414734
1505953583
1383518332
1395761857
1505953583
1297813657
1456979483
1616145309
1371274807
1444735958
1542684158
3169263079
3118957315
2917734263
2968040026
3118957315
2917734263
3244721723
2641052565
3219568842
3219568842
2867428500
2641052565
2892581381
3093804434
3244721723
3295027486
608377275
614063044
767578805
710721116
614063044
716406885
761893036
699349578
636806120
761893036
716406885
625434582
727778423
682292271
693663809
659549195
943869189
967865864
951868081
1047854778
855881384
887876949
1071851452
983863647
991862538
991862538
895875841
935870298
887876949
871879166
1079850344
1023858104
2508858418
3010630102
2723903425
2867266764
2986736212
2508858418
2771691205
2915054543
3153993440
2867266764
2723903425
2938948433
2938948433
2723903425
2891160653
2700009536
37538513
35233517
39514225
39514225
43136362
42148506
42148506
44453503
37209228
38197084
36879943
35562802
39514225
39514225
35892087
43794932
2845342163
2792158198
2818750181
3377181820
3483549752
2845342163
2792158198
3217629923
3058078026
2792158198
2792158198
2951710095
2951710095
3031486043
3244221906
2978302078
706329541
839959454
712692870
776326162
757236174
731782858
744509516
668149566
699966212
789052820
814506137
706329541
699966212
846322783
687239553
820869466
2601221700
3102374505
2601221700
2529628442
2696679377
2744408216
2935323570
2816001473
3078510085
2983052408
2577357281
2648950538
3054645666
2577357281
3197832182
3102374505
677082052
671090175
707041435
671090175
635138916
671090175
665098299
689065805
713033311
790927707
748984571
742992694
784935830
695057682
707041435
671090175
2978599941
3001165092
2775513581
2437036315
2414471164
2910904488
2978599941
2730383279
3001165092
3001165092
2888339336
2617557524
2685252977
2594992373
2640122675
2685252977
52622451
53596941
59443880
64316329
61880104
53109696
57982145
60418370
53109696
52135206
59931125
54571431
60418370
53596941
63829084
55545920
1421774254
1538313127
1549967014
1526659240
1468389803
1246965944
1281927606
1410120366
1573274789
1480043690
1281927606
1351850930
1561620902
1398466479
1526659240
1526659240
2634996273
2656246243
2443746544
2294996754
2847495973
2252496814
2401246604
2634996273
2847495973
2358746664
2379996634
2783746063
2443746544
2486246484
2464996514
2252496814
3225092073
2687576728
2764364634
2789960603
2969132385
3378667886
2789960603
2866748510
2917940447
3071516260
3378667886
3097112229
3404263855
3097112229
3020324323
3378667886
1879496191
1895290276
1832113934
1863702105
1689967163
1753143506
2021642961
1721555334
1753143506
1737349420
1832113934
1674173077
1832113934
1942672533
1990054790
2069025218
295996627
264964723
274513001
291222488
310319045
298383697
322254393
250642305
272125932
284061280
253029375
253029375
276900071
291222488
260190584
255416445
1102362943
1058962827
1171803129
1067642851
1145763059
1058962827
1032922758
1015562712
928762480
920082457
1085002897
1137083036
911402433
954802549
998202665
989522642
2539443973
2584791187
2720832829
3038263325
2584791187
2811527256
2403402332
2675485615
3015589719
2516770367
2630138401
2834200863
2766180043
2766180043
2788853649
2834200863
1010154322
1027722223
1062858026
1071641976
1159481483
1027722223
1036506174
1141913581
1185833335
983802470
1115561730
983802470
1115561730
931098766
1054074075
1071641976
2529483748
2453409049
2320278325
2282240976
1996960854
2320278325
2320278325
2434390374
2092054228
2339297000
2015979528
2415371699
2472427724
2244203626
2396353024
2377334350
884490683
1058082312
958887096
909289487
975419632
1074614849
1107679921
1008484704
1115946189
909289487
991952168
867958147
925822023
1091147385
876224415
1033283508
1870862123
1870862123
1496689698
1565980888
1870862123
1593697364
1524406174
1843145647
1718421505
1579839126
1690705029
1635272078
1649130316
1690705029
1524406174
1718421505
3192880139
3348630390
2933296388
2829462888
2725629387
3504380641
2803504512
3011171513
3244796890
3296713640
3218838514
3063088264
3374588765
3063088264
3374588765
2751587762
2119761402
2296408185
2316035606
2159016242
2316035606
2571192071
2080506561
2178643663
2649701752
2316035606
2296408185
2610446911
2531937230
2159016242
2414172707
2159016242
2572469088
2720069773
2256181905
2804413022
2361610966
2762241398
2488125839
2783327210
2277267717
2235096093
2509211651
2804413022
2509211651
2530297464
2319439342
2551383276
1534186119
1476073009
1383092032
1266865811
1266865811
1569053986
1429582520
1290111055
1510940875
1290111055
1383092032
1534186119
1255243188
1255243188
1231997944
1266865811
1161924063
1151731747
1070193216
1223077962
1202693329
1294424176
1161924063
1253654911
1161924063
1304616492
1121154798
1223077962
1202693329
1212885645
1233270278
1233270278
1119618033
1154067818
1050718462
1067943354
1093780694
981818890
1059330908
1024881122
1033493569
1007656229
1042106015
955981551
964593997
955981551
1059330908
964593997
2822141465
2716045921
2440197507
2843360573
2440197507
2461416616
2609950377
2652388595
2482635724
2737265030
2779703247
2397759289
2355321072
2482635724
2673607703
2652388595
560600765
632472657
642055577
589349522
618098279
627681198
531852007
512686169
589349522
555809305
608515360
546226386
565392224
622889738
512686169
560600765
506217780
531319488
564788432
535503106
456014364
493666926
506217780
518768634
527135870
564788432
560604814
464381600
456014364
564788432
456014364
564788432
403020353
357148118
357148118
376807647
422679882
412850118
373531059
357148118
380084235
360424706
366977882
393190588
393190588
435786235
350594941
396467177
1674127567
1781640347
1674127567
2027383843
1766281378
1643409630
1827717252
1858435189
2027383843
1950589000
1704845504
2042742811
1612691693
1935230032
1628050662
1996665906
666333896
671499275
661168517
557860936
604349347
557860936
656003138
697326170
625010863
645672380
645672380
563026315
599183968
594018589
661168517
604349347
1221980357
1111801800
1071736871
1121818033
1051704406
1252029055
1191931660
1242012822
1221980357
1061720638
1302110217
1302110217
1051704406
1181915427
1292093984
1171899195
2944427115
2921058646
3108006399
3014532522
2874321707
2477057732
2780847831
2944427115
2827584769
2874321707
2687373954
3061269461
2617268547
2897690177
2757479362
2547163139
58930081
61092653
64336511
56767509
57848795
69742940
72986798
63795868
64336511
66499082
58389438
65417796
67580368
72446155
67039725
65417796
1484107295
1350202877
1327885474
1417155086
1316726773
1193981057
1372520280
1461789892
1294409370
1193981057
1205139758
1484107295
1205139758
1394837683
1193981057
1339044176
2773601178
2823129771
3046008437
3021244141
3021244141
2897422660
2625015401
3046008437
2798365475
3070772733
2922186956
2798365475
3343179992
2823129771
3343179992
2946951252
1641074541
1597506190
1829870727
1728211242
1786302376
1597506190
1742734026
1815347943
1858916294
1815347943
1699165675
1829870727
1786302376
1728211242
1800825160
1655597324
189423328
234606874
229393388
225917731
196374643
227655559
224179902
210277272
198112471
187685499
234606874
234606874
227655559
205063786
220704244
231131217
1591841171
1989801464
1783451683
1886626574
1827669493
1577101901
1753973143
1547623361
1665537522
1975062194
1857148033
1798190953
1591841171
1857148033
1812930223
1827669493
2488831473
2208136194
2301701287
2264275250
2301701287
2357840343
2058432046
1983579971
2021006008
1983579971
2282988269
2133284120
2413979399
2058432046
2039719027
2451405436
282611447
309643847
299813883
277696466
267866502
299813883
275238975
321931301
277696466
326846283
258036539
302271374
277696466
292441411
289983920
319473810
646793553
535625911
626581255
656899703
596262807
661952777
581103583
586156658
672058927
682165076
651846628
565944359
677112001
586156658
661952777
576050508
664411117
747462507
800852686
717801296
640682148
747462507
783055959
765259233
622885422
676275601
765259233
747462507
800852686
783055959
765259233
747462507
1097705101
1325530688
1232329311
1356597813
1128772226
1356597813
1294463562
1366953522
1304819271
1221973603
1242685020
1118416518
1159839352
1263396437
1139127935
1201262186
2150888337
2308270410
2063453851
2133401440
2063453851
2238322822
2168375234
2343244204
1906071778
1888584881
1993506263
2168375234
2168375234
1941045572
1976019366
2150888337
936176020
777746232
928974666
784947586
914571958
928974666
964981436
950578728
756142170
900169250
957780082
921773312
856961126
921773312
813753001
928974666
1492565486
1160884267
1359892998
1205108429
1415173201
1492565486
1326724876
1448341323
1238276551
1160884267
1426229242
1293556754
1182996348
1382005080
1459397364
1182996348
1909862194
1760394718
1777002215
1760394718
1893254696
1893254696
2009507178
2059329670
2175582151
2175582151
1826824707
2059329670
2192189648
1860039702
2042722172
2242012140
2173274088
1966295603
2328507951
2242266916
1983543810
1966295603
1811061740
2052536638
2276763330
2225018709
1880054568
1931799189
1880054568
1949047396
1914550982
1897302775
2000739222
1970652918
1865350854
1714919333
2000739222
1669789877
1594574117
1669789877
1940566614
1895437158
1714919333
1669789877
1865350854
1805178246
1940566614
1775091941
244797786
256236935
276827403
290554382
279115233
240222126
306569190
272251743
276827403
251661275
256236935
253949105
281403062
304281360
258524765
263100424
822033844
822033844
1009927295
1056900657
829862738
837691632
931638357
892493888
876836101
1025585082
861178313
869007207
1041242870
970782826
986440613
978611720
97590587
75903790
80964042
86024295
93976121
96867694
75903790
78795363
75903790
78795363
96144800
77349576
87470082
80241149
75903790
81686936
853490398
931080435
853490398
853490398
797061281
775900362
839383119
825275840
931080435
782954002
740632164
747685803
804114921
782954002
825275840
931080435
2434741203
2573303710
2612892998
2118026900
2494125135
2157616188
2315973339
2315973339
2236794764
2098232256
2197205476
2494125135
2652482286
2632687642
2078437612
2414946559
629337908
629337908
572125371
556521952
618935629
551320812
681349305
686550445
546119672
670947026
676148166
551320812
639740188
618935629
572125371
676148166
2001938152
2048136725
2078935773
1924940531
2032737201
1632349570
1770945288
1832543385
1847942910
1786344812
2001938152
1894141482
2017337676
1817143861
2063536249
1786344812
3292921224
3130974279
3346903539
2915045018
3400885855
3319912382
3481859327
2888053861
3184956594
3319912382
2861062703
3454868170
3562832800
3346903539
3454868170
3616815115
1484160214
1632576236
1546000223
1397584202
1521264220
1583104229
1620208234
1348112195
1360480196
1558368225
1570736227
1570736227
1484160214
1434688207
1657312239
1385216200
819964973
835583353
968339587
976148777
866820114
991767157
859010924
905866065
968339587
1007385538
929293636
1015194728
929293636
976148777
1015194728
952721206
2034492660
1621475353
1606178416
1621475353
1743850852
1850929413
1896820225
1927414099
1606178416
2019195723
1713256977
2049789598
1759147789
2003898786
1942711037
1606178416
1629425470
1880106311
1559791903
1629425470
1531938476
1462304909
1685132323
1726912464
1531938476
1810472744
1545865189
1866179598
1740839177
1880106311
1643352183
1810472744
2089958986
1925395286
1974764396
1859569806
1892482546
2188697206
1760831586
2139328096
2106415356
1810200696
1941851656
2139328096
1974764396
1974764396
1974764396
1810200696
3446218533
3042364798
3096211963
3392371368
3526989279
3284677039
3042364798
3123135545
3257753457
3553912862
3392371368
2988517634
2826976140
3365447786
3042364798
3553912862
591220879
564944395
490494359
459838461
569323809
472976703
477356117
508012014
481735531
468597289
534288498
547426740
564944395
464217875
464217875
521150256
2237989207
2479933986
2177503012
2661392570
2661392570
2701716700
2358961596
2157340947
2621068440
2379123661
2318637466
2379123661
2540420181
2560582246
2379123661
2278313337
436592175
551918410
551918410
440710969
506611675
556037204
502492881
556037204
448948557
523086851
539562028
444829763
457186146
551918410
461304940
510730469
3147024718
3171804440
2824888329
3246143606
2700989718
2899227496
2973566662
3122244995
2626650552
2651430274
2874447774
2700989718
3295703051
2924007218
3047905829
2924007218
3106119652
3082765369
2498908291
2872576821
3012702519
3106119652
2849222538
2779159688
2568971141
2452199725
2452199725
2639033990
2965993953
2732451122
2825868255
2639033990
3517939132
2988925729
3068277739
2856672378
3094728409
2962475059
3359235111
3015376399
3332784441
2777320367
3332784441
3279883101
3015376399
3385685781
3465037792
3517939132
2227839935
2322239932
2416639929
2152319937
2492159927
2435519929
2378879930
2416639929
2001279941
2454399928
2227839935
2378879930
2359999931
2227839935
2397759930
2473279927
2837595041
3594287052
3486188193
3324039905
3459163479
3107842188
3161891617
2864619756
3594287052
3513212908
3269990476
3324039905
3513212908
2972718614
3297015190
3432138764
2139308459
1774833684
1996687895
2044228083
1854067331
2123461730
1854067331
1727293496
1743140226
1854067331
2139308459
2107615000
2091768271
1980841166
1901607519
1964994436
2204963073
1925228952
1925228952
2089778435
2122688331
2089778435
1793589365
2040413590
1859409159
1859409159
1842954210
1727769572
1777134417
2056868538
2122688331
1777134417
3061675368
3318959012
2727206630
2752934995
3344687377
2752934995
2727206630
3216045555
2727206630
3010218639
3344687377
2778663359
3370415741
3421872470
3473329199
3190317190
2433372120
2723590814
2946835962
2924511447
2455696635
2902186933
2611968239
2678941784
2879862418
2790564358
2567319210
2924511447
2969160477
2902186933
2366398576
2344074061
1690075386
1674426540
2065647694
1658777694
1768319617
1783968463
2081296540
2096945386
2018701155
1862212694
1690075386
2096945386
1737021924
1940456925
2018701155
1877861540
3224944828
2791743284
3032410808
2575142512
2839876789
3008344056
2719543026
2791743284
3080544313
2671409521
3200878075
2623276017
2671409521
2984277303
2695476274
3152744570
1054719725
1220740422
1152378958
1210974499
1054719725
1035187878
1113315265
1171910805
1084017495
1084017495
1269570039
1093783418
1123081188
1289101886
1318399656
1250038192
491322673
410715047
495161132
433745798
426068881
452938090
418391964
479807298
498999590
479807298
495161132
418391964
433745798
498999590
441422714
491322673
1680260326
1711090790
2050225902
2034810670
1896073579
1618599396
1618599396
2065641134
1988564973
1942319276
1741921255
2050225902
1649429861
1942319276
1942319276
1788166952
2429926303
2960092042
2938001802
2540377498
2540377498
2849640846
2540377498
2717099411
2783370129
2960092042
2827550607
2496197020
2540377498
2363655585
2849640846
2893821324
723371692
699056677
686899170
638269140
747686707
814552998
668662909
778080476
778080476
735529200
796316737
717292938
753765461
650426648
662584155
747686707
2724090769
3044572036
2746982288
2678307731
2953005960
3044572036
3021680517
2861439883
2540958616
2609633173
2792765326
2426501021
2609633173
2953005960
2563850135
2861439883
901843587
951486353
943212559
934938764
943212559
1100414652
1009402914
992855325
934938764
934938764
1067319475
951486353
901843587
968033942
1034224297
1108688446
2716844556
2490440843
2988529011
2399879357
2784765669
3056450125
2581002328
2739484927
2581002328
2648923442
2445160100
2807406041
2852686783
2467800471
2377238986
2535721585
1137940207
1224732257
1166870890
1022217474
1012573913
1137940207
1060791718
1253662940
1234375818
1244019379
1195801573
1070435279
1244019379
1089722402
1060791718
1022217474
1423433136
1338452054
1327829418
1232225700
1253470971
1412810501
1434055772
1221603065
1306584148
1274716242
1179112523
1274716242
1136621982
1370319960
1242848335
1327829418
2375474260
2842085275
2863294867
2545150993
2269426302
2629989359
2672408542
2354264668
2736037317
2396683851
2396683851
2269426302
2629989359
2714827726
2672408542
2417893443
858099846
890480972
906671535
898576254
858099846
947147943
850004564
971433788
850004564
939052662
874290409
890480972
1020005477
866195127
1044291322
1020005477
2108157448
2212694181
1933929560
2038466293
1829392827
1829392827
2038466293
2160425814
2334653703
2282385336
1846815615
2317230914
2038466293
2038466293
1899083982
1864238404
1487577643
1610517944
1536753763
1352343312
1512165703
1598223914
1376931372
1401519432
1376931372
1659694064
1340049281
1524459733
1426107492
1561341823
1475283613
1364637342
2827246371
2453395611
2593589646
2570223973
2663686663
2570223973
2920709061
2873977716
2733783681
2616955318
2897343388
2710418008
2990806078
3060903096
2967440406
3131000113
1074910544
960034608
1074910544
1017472576
927212911
927212911
1074910544
976445456
894391216
1001061728
894391216
869774944
927212911
1058499696
910802064
1074910544
128323342
117164790
140597748
138366038
143945314
145061169
148408734
131670907
129439197
137250183
133902618
123859921
131670907
130555052
147292879
119396501
2489525452
2627832421
2410492898
2489525452
2133878959
2608074283
2094362682
2430251036
2133878959
2212911513
2489525452
2291944067
2489525452
2193153374
2114120820
2272185928
1788161401
1801916488
1595590173
1843181751
1678120699
1513059647
1650610524
1733141050
1760651225
1485549471
1856936839
1678120699
1444284208
1554324910
1788161401
1458039296
1069636778
916831524
1078125959
1044169235
959277428
1103593501
908342343
933809885
1086615139
1044169235
942299066
993234151
1112082682
933809885
899853162
1018701693
700488792
622656704
611537834
689369922
744964271
672691618
744964271
750523706
711607662
678251052
644894443
594859530
672691618
611537834
678251052
656013313
1847306340
1847306340
2013866748
1847306340
1635320367
1998724893
1923015616
1756455208
1786738919
1847306340
1771597064
1892731906
2044150458
1605036656
2013866748
2044150458
2791166296
2931897370
2791166296
2720800759
2556614506
2603524864
2791166296
2650435222
2603524864
2884987012
2650435222
3049173264
2509704148
2626980043
2767711117
2603524864
2729938231
2411445437
2525192863
2866435142
2593441319
2593441319
2525192863
2388695952
2911934113
2616190804
2547942349
2456944408
2729938231
2889184628
3048431024
3025681539
58914313
58914313
59896218
57932407
65296697
60387171
57932407
65787649
59405265
51550024
60878123
65787649
61369076
54495739
63823839
52040976
2509515233
3016022895
2532538309
2509515233
2578584460
2762769064
2900907518
2762769064
2463469082
3085092122
2992999820
2670676762
2440446007
2693699838
3085092122
3085092122
511388736
621959273
529817158
580495321
612745062
598923744
594316639
566674004
598923744
515995841
612745062
511388736
497567418
589709533
621959273
589709533
1812922758
2050127605
1863752368
2050127605
1982354791
1846809165
2050127605
2185673232
2151786825
1846809165
2270389248
2253446045
1965411588
2287332452
1863752368
1982354791
2445727184
2674299818
2400012658
2537156238
2651442555
2971444243
2834300662
2445727184
2948586979
2925729716
2605728028
2514298975
2902872453
3062873296
2537156238
2628585292
1212530224
959165700
950116967
995360632
1076799229
1212530224
959165700
1167286559
1094896695
1194432758
1212530224
1149189093
1013458098
1203481491
950116967
1221578957
1270702112
1484359990
1349418172
1304437567
1281947264
1315682718
1259456961
1360663324
1326927869
1270702112
1180740901
1225721506
1450624535
1416889081
1495605141
1225721506
3323775648
2895713633
3374135885
3399316004
3298595530
3071974463
3323775648
2744632921
2744632921
2744632921
3172694937
3374135885
2794993159
2744632921
3323775648
3323775648
368507079
392842452
392842452
365030597
378936524
451942644
368507079
413701343
441513198
441513198
396318934
378936524
410224861
403271898
410224861
396318934
1744935709
1357172218
1447650366
1693233910
1551053964
1667383011
1383023117
1744935709
1357172218
1667383011
1447650366
1641532111
1667383011
1641532111
1732010259
1434724916
2871915179
2547666691
2570827298
2478184873
3057200030
2663469723
2663469723
2501345479
2987718211
2825593967
2570827298
2987718211
2802433361
2987718211
2918236392
2732951542
1280293615
1066911346
1047512958
1270594421
1222098451
1289992809
1193000869
1309391198
1144504899
1028114570
1212399257
1086309734
1134805705
1125106510
1115407316
1173602481
1741683492
2148618888
1871902819
2067231809
1871902819
1757960908
1871902819
1806793156
1855625403
2034676977
2050954393
1790515740
2050954393
2018399561
1790515740
1985844730
196121890
177294188
192983939
210242666
197690865
191414964
191414964
175725213
186708039
166311362
188277014
211811641
188277014
200828815
207104715
191414964
478995951
425774179
418677942
376100524
450611006
464803478
429322297
390292997
447062888
390292997
408033588
397389233
429322297
443514770
432870415
390292997
709981975
767548081
857095357
799529251
837906655
684397039
671604571
773944315
716378209
735566911
812321719
684397039
844302889
748359379
786736783
678000805
213739541
181251130
212029624
194930461
194930461
229128788
223999039
194930461
198350294
194930461
184670963
229128788
213739541
217159373
201770126
189800712
1920877144
2281041609
2298192297
2315342986
1903726455
1955178522
2246740231
2040931966
2092384032
2178137476
1903726455
2040931966
1835123700
1800822322
2315342986
2178137476
1876844333
1927569856
2248831498
2282648513
2096654931
2248831498
1978295378
2215014483
2147380453
1876844333
2248831498
1775393288
1910661348
2029020901
2265740006
1944478363
380277098
374288482
323385248
377282790
350334019
353328327
401237253
389260021
404231561
377282790
347339711
347339711
326379556
320390941
359316943
326379556
1757121763
1899591096
2089550205
1883761170
2105380131
1804611541
1725461912
1994570650
1867931244
1978740725
1931250947
1867931244
1836271392
1757121763
2137039983
1757121763
1655779246
1630691682
1693410592
1555428989
1417447385
1643235464
1342184692
1680866810
1480166296
1580516553
1655779246
1517797642
1630691682
1630691682
1505253860
1668323028
737223651
852203487
879257566
791331809
710169572
798095329
750750691
723696612
743987171
831912928
784568289
872494046
750750691
831912928
764277730
764277730
523570362
462214460
511299182
515389575
499028002
511299182
515389575
441762493
523570362
494937608
531751149
441762493
433581706
511299182
466304854
552203117
983891574
958877381
1017243831
925525125
1117300601
942201253
1108962537
1125638665
958877381
1083948344
1100624473
883834804
1125638665
967215446
958877381
1075610280
479711970
616772533
479711970
566516993
557379622
539104880
593929105
593929105
479711970
566516993
598497791
534536195
493418026
557379622
479711970
529967509
1507360187
1670318045
1765376796
1615998759
1643158402
1493780366
1425881258
1615998759
1520940009
1683897867
1466620723
1615998759
1643158402
1751796974
1439461080
1792536439
558797777
546193316
554596290
558797777
449559114
487372497
516782907
483171010
525185881
550394803
466365062
478969523
554596290
483171010
449559114
537790342
982092684
854340790
974108191
1037984138
942170217
926201230
1022015151
966123697
950154711
878294270
1006046164
1037984138
838371803
910232244
998061671
870309777
2543213580
2613210284
2776535926
2543213580
3103187212
2799868161
2729871457
2869864865
2986526039
2823200396
2916529335
2939861569
2753203692
2636542518
2519881345
2916529335
1378459144
1162431965
1327024101
1213867007
1121283930
1203579999
1275589058
1285876067
1183005982
1152144956
1121283930
1265302050
1296163076
1357885127
1234441024
1183005982
2692090165
2757221379
2301302883
2822352592
2540117333
2713800570
2323013287
2279592478
2279592478
2323013287
2323013287
2844062997
2626958951
2301302883
2930904615
2561827738
2317446906
2150590729
2410144782
2484303083
2169130304
2132051153
2187669879
2410144782
2224749030
2002274127
1946655401
2317446906
2020813702
2373065632
2280367755
2057892852
234213527
204234195
252950609
224844986
215476445
241708360
232339819
234213527
241708360
222971278
198613071
204234195
252950609
232339819
196739363
204234195
326948555
364897941
388251409
356140390
350302023
388251409
318191004
385332225
361978757
326948555
373655491
321110188
359059574
347382840
315271821
391170593
618689352
661357583
602688765
570687592
608022294
618689352
693358757
645356996
709359343
581354650
693358757
720026401
720026401
608022294
576021121
682691699
1484427029
1292888057
1604138886
1400628729
1604138886
1256974500
1364715172
1424571100
1388657543
1328801614
1616110072
1448513472
1604138886
1448513472
1544282957
1484427029
474276351
481804547
478040449
451691763
398994391
489332743
508153234
402758489
398994391
444163567
478040449
444163567
489332743
496860939
462984057
466748155
2030993342
1943450526
2328638918
1978467652
2276113229
2118536159
2223587539
2258604665
2311130355
2276113229
2013484779
2276113229
2293621792
2171061849
1943450526
2363656045
2518988858
2475558015
2823004754
2714427648
2518988858
2888151018
2931581860
2736143069
2823004754
2670996806
2475558015
2801289333
2736143069
2866435597
2497273436
2909866439
2417856611
2474525126
2247851068
2474525126
2493414630
2550083145
2323409087
2002287506
2115624535
2096735030
2058956021
2191182554
2323409087
2550083145
2021177011
2531193640
1918864035
1933738950
1710615224
1874239290
1903989120
1710615224
1978363695
1963488780
1561866075
1948613865
1725490140
1993238610
1576740990
1948613865
1784989800
1680865394
1738431939
1577961298
1591333852
1765177046
1751804492
1484353425
1604706405
1564588745
1470980871
1484353425
1444235765
1470980871
1577961298
1497725978
1698314279
1430863211
875292419
796908023
718523627
849164287
685863462
744651759
711991594
764247858
777311924
868760386
783843957
862228353
875292419
692395495
705459561
849164287
953034703
1001086873
945026008
1049139043
840912973
904982533
848921668
904982533
1081173823
840912973
969052093
888965143
1017104263
880956448
1025112958
969052093
2799768426
3166093267
3480085987
3166093267
3087595087
3480085987
3401587807
3375421747
3061429027
3009096906
2956764786
3532418108
2799768426
2852100546
3244591447
3453919927
3272385173
3485223233
3086151871
3192570901
3405408961
2926523326
3352199446
3139361386
2820104296
3086151871
3378804203
3432013718
3352199446
3378804203
3086151871
3032942356
1279802644
1247265288
1431643635
1366568925
1182190578
1182190578
1290648429
1344877354
1366568925
1279802644
1323185784
1334031569
1236419503
1399106280
1247265288
1182190578
494875405
471121385
518629424
522588427
443408362
510711417
498834408
482998395
534465437
435490356
467162382
463203379
447367366
490916401
518629424
471121385
251100746
282210573
264433529
235545833
248878616
268877790
253322877
246656485
257767137
239990094
293321226
253322877
264433529
268877790
262211399
295543356
505839823
459471172
446825177
531131814
484763163
535347146
505839823
446825177
451040509
442609845
514270486
493193827
480547832
480547832
497409159
552208473
3150173339
3101709134
2617067081
2810923902
3150173339
2689763389
3077477031
2617067081
3150173339
2738227594
2713995492
3247101749
2617067081
3198637544
2762459697
2738227594
418107570
457551680
465440502
449662858
414163159
520662257
516717846
489106968
429940803
429940803
473329324
433885214
445718447
437829625
504884613
493051380
757884320
695669936
729605055
706981642
673046523
673046523
667390670
605176285
757884320
650423111
599520432
610832139
656078964
718293348
678702376
650423111
2634887900
2782638624
3250515915
2930389347
2930389347
2634887900
3028889830
3127390312
3201265674
2659513021
3004264709
3201265674
3250515915
2634887900
2684138142
3275141035
1227557057
1321184290
1154735876
1133929824
1269169161
1289975212
1383602446
1123526798
1300378238
1123526798
1279572186
1289975212
1217154031
1217154031
1217154031
1352393368
2724932138
2955858590
2724932138
2724932138
2863488009
2840395364
2748024783
2748024783
3025136526
2655654202
2863488009
2517098331
3117507107
2447820395
2978951235
2540190976
1881154588
2060312168
1899070346
2114059442
2221553990
1881154588
2185722474
2096143684
2364880054
2096143684
1881154588
2006564894
2364880054
2149890958
2096143684
2042396410
856201596
958317383
856201596
856201596
856201596
879766778
1036867988
871911717
824781354
1052578109
942607262
1060433170
1013302807
934752201
926897141
824781354
1279943277
1325655537
1497076512
1417080057
1531360707
1462792317
1497076512
1234231017
1371367797
1485648447
1474220382
1485648447
1348511667
1245659082
1382795862
1394223927
2403895432
2735467216
2735467216
2652574270
2652574270
2797636926
2217386304
2383172196
2445341905
2445341905
2590404561
2445341905
2403895432
2175939831
2196663067
2486788378
983676596
922196808
939762462
966110942
1045156383
983676596
1045156383
1115418997
939762462
1089070517
1124201824
1168115957
1185681611
966110942
930979635
1097853343
1966755967
1818879578
1922393050
1552702079
1759729023
1641427912
1626640273
1582277356
1981543605
1730153745
1907605411
1892817772
1922393050
1685790828
1892817772
1759729023
3200326208
3352722694
3403521522
2946332064
2946332064
2666938506
3301923865
3149527379
2793935578
3149527379
3403521522
3378122108
3428920937
2920932650
2844734407
2666938506
438698624
485702048
411279960
520954616
489619000
513120712
442615575
473951192
520954616
423030816
419113864
426947768
434781672
430864720
411279960
426947768
1364519451
1412397326
1436336264
1508153077
1460275202
1615878297
1603908828
1579969890
1448305733
1340580513
1424366795
1436336264
1436336264
1603908828
1496183608
1603908828
510860576
465542299
432583552
432583552
477901829
453182769
473781986
436703396
432583552
461422456
523220106
490261359
523220106
547939166
494381203
506740733
625748032
696484766
701926053
593100309
603982883
647513181
642071894
674719617
712808628
609424170
582217734
582217734
620306745
631189319
587659021
707367341
1098447128
1108254692
1294598401
1216137892
1274983274
1059216874
1078832001
1147484947
1167100074
1069024437
1088639565
1049409310
1049409310
1069024437
1098447128
1118062256
2208971198
1996255453
1947167204
1898078955
1767176958
2045343702
1947167204
2045343702
1914441705
1816265207
1881716206
1783539708
1848990707
2192608449
1816265207
2012618203
2943943487
2868457757
2717486296
2742648206
3346534049
2994267307
2893619667
2667162475
3170400678
2742648206
3019429218
3220724499
3245886409
3296210229
2818133936
2742648206
370483313
373733167
360733752
350984192
380232874
383482728
354234045
422480971
347734338
380232874
376983021
380232874
402981850
393232289
399731996
412731411
342295383
309087622
326968724
283543190
303978736
326968724
291206520
311642065
337186497
309087622
309087622
321859838
339740940
288652077
344849826
324414281
1176966264
1209065344
1251864117
1348161357
1251864117
1134167490
1144867184
1433758903
1144867184
1412359516
1423059210
1316062277
1337461663
1401659823
1390960130
1358861050
2725789520
2295401701
2397874991
2623316230
2582326914
2397874991
2766778836
2172433753
2254412385
2233917727
2356885675
2746284178
2766778836
2623316230
2418369649
2725789520
1095048309
1149348225
1040748393
1140298239
1203648141
1040748393
1167448197
968348505
1203648141
1076948337
1049798379
1212698128
968348505
1085998323
1212698128
1049798379
852062385
895023513
809101256
959465206
952305018
923664266
866382761
844902196
801941068
823421632
852062385
823421632
866382761
751819751
930824454
916504078
2309652675
2416581039
2373809694
2609052096
2865680171
2480738058
2780137479
2266881329
2673209115
2502123731
2459352385
2673209115
2801523152
2844294498
2502123731
2566280750
1321428264
1520889134
1595686960
1658018482
1383759786
1520889134
1608153265
1383759786
1408692394
1458557612
1570754351
1633085873
1421158699
1533355438
1670484786
1670484786
2625079830
2827009048
2669952990
2692389570
2602643251
3028938266
2871882208
2714826149
2355840873
2580206671
2939191947
2400714033
2961628527
2647516410
2400714033
2669952990
2286430067
2588411397
2717831967
2545271207
2458990827
2653121682
2609981492
2329570257
2847252537
2825682442
2609981492
2868822632
2674691777
2286430067
2890392727
2696261872
434335444
529475589
479837252
450881556
517066005
504656420
537748645
508792948
488110308
475700724
558431285
554294757
438471972
558431285
529475589
463291140
2661212763
2639923061
2810240678
2427026040
2767661274
2597343657
2469605444
2874109784
2277998125
2618633359
2788950976
2256708423
2788950976
2576053955
2597343657
2427026040
2274937057
2504517861
2421033932
2525388843
2316679021
2525388843
2191453128
2588001790
2567130808
2274937057
2379291968
2462775897
2713227683
2817582594
2567130808
2692356701
1340302376
1350379838
1360457299
1249605223
1078288378
1118598224
1118598224
1239527762
1158908070
1189140454
1289915069
1078288378
1058133455
1128675685
1259682685
1128675685
3051847895
3077069778
3026626011
2673519643
3127513545
3102291661
3177957312
2900516594
3329288612
2976182244
3228401079
2648297760
3102291661
3354510496
2774407177
2648297760
55450384
62142672
53060282
59752570
61664652
53538302
63098713
58796528
55928405
55450384
52582261
62142672
62142672
53060282
50670179
52104241
1240603586
1433111039
1368941888
1176434435
1411721322
1433111039
1433111039
1283383020
1326162454
1422416180
1176434435
1443805897
1208519010
1229908727
1197824152
1347552171
2227086130
2207201432
2684434174
2565125989
2246970827
2585010686
2505471896
2346394315
2664549477
2525356593
2246970827
2644664779
2306624920
2565125989
2386163710
2326509618
660646768
666152158
627614430
616603650
666152158
649635989
666152158
704689886
732216835
660646768
677162938
589076702
611098261
644130599
666152158
611098261
1829471431
1815178686
1872349668
1758007703
1829471431
1772300449
1543616520
1772300449
1800885940
1629372993
1843764177
1657958484
1872349668
1886642413
1686543976
1843764177
738492118
879476977
718351423
845909153
852622718
805627765
751919247
711637859
785487071
785487071
798914200
745205682
758632812
751919247
731778553
772059941
3136083384
2874743102
2969775932
2922259517
2922259517
2803468480
2969775932
2755952065
2708435650
2660919235
2779710272
3041050554
2518369990
3064808762
3064808762
2993534139
1954306121
2061882605
1954306121
2151529675
2115670847
2097741433
2420470884
2097741433
2348753228
2043953191
1990164949
2079812019
2097741433
2151529675
1918447293
2223247331
2838232150
3416390551
3048471569
2838232150
3363830696
3547790188
3337550769
3390110624
3442670478
3416390551
3127311351
3127311351
2811952223
3363830696
3495230333
3521510260
3065272358
3297099680
2987996585
3374375453
2833445037
2730410672
2859203628
2910720811
2833445037
3091030950
3297099680
3116789541
3425892636
2807686446
2704652081
2936479402
2075384929
1981049250
2131986336
2490461915
2131986336
2075384929
2150853472
2264056286
2433860507
2358391965
2471594779
2226322014
2094252064
2094252064
1999916386
2320657693
1034914601
1034914601
945697825
1043836279
972462858
972462858
1177661443
981384536
1124131377
1061679634
1025992923
1204426476
1070601312
1186583120
990306213
1079522989
848645283
697336434
736808308
881538511
796016118
782858827
756544245
888117157
888117157
789437473
789437473
717072371
776280181
723651017
802594764
763122890
2968464685
3063455554
2992212402
2659744357
2849726097
2730987510
2802230662
2541005770
3110950989
3182194142
3182194142
2588501205
2517258052
2825978380
3110950989
2920969250
1854444733
1854444733
2326803298
2081876635
2081876635
2081876635
2064381873
2046887111
1889434257
1976908065
1959413303
1889434257
2064381873
2186845205
2326803298
2239329489
2468127553
2684629970
2359876345
2468127553
2468127553
2662979729
2922782629
2294925620
2403176828
2576378762
2749580695
2836181662
2403176828
2273275378
2879482146
2338226103
1299526411
1264717668
1461967213
1392349726
1345938069
1334335154
1543187613
1519981785
1229908925
1519981785
1276320582
1299526411
1380746812
1438761384
1403952641
1253114754
3409438264
3276257082
3595891919
3595891919
3276257082
3143075899
3302893318
3382802027
2796804826
3356165791
3169712136
3276257082
2903349771
2823441062
3222984609
3036530954
2961635475
2676440948
2917759394
2457060542
2522874664
2522874664
2544812704
2325432299
2588688786
2632564867
2961635475
2544812704
2457060542
2939697435
2808069191
2347370339
806198325
905205137
806198325
940564713
891061307
926420883
926420883
883989392
855701731
940564713
784982580
862773647
855701731
799126410
862773647
792054495
1943736397
2264720389
2211223057
2389547497
2211223057
2246887945
2193390613
2300385277
2229055501
2389547497
2353882609
2282552833
1890239065
1908071509
2300385277
2353882609
670566630
537477070
604021850
573308874
680804288
552833557
593784191
670566630
629615996
670566630
619378338
547714728
583546533
634734825
609140679
691041947
1802344778
1878715319
1771796561
1756522453
1741248345
1787070669
2046730510
1771796561
2000908185
1787070669
1802344778
2031456402
1924537644
1756522453
1664877803
2031456402
1092640477
1126785492
990205432
990205432
913379149
1092640477
930451656
1067031716
904842895
930451656
1084104223
964596671
904842895
921915402
956060417
1152394253
626377424
637870588
666603498
655110334
706829571
683843243
701082989
729815898
712576153
603391097
626377424
718322735
689589825
637870588
758548808
706829571
1711453486
1896860947
1811288273
1811288273
1797026161
1739977711
1697191374
1739977711
1896860947
1739977711
1540308138
1625880812
1839812498
1597356587
1583094475
1568832362
2618023921
2699837169
2536210674
2658930545
2290770931
2536210674
2454397426
2577117298
2720290481
2229410996
2740743793
2536210674
2208957684
2413490803
2556663986
2740743793
2714996901
2802577446
2452255265
2890157991
2408464993
2693101764
2342779584
2868262855
2342779584
2846367719
2758787173
2649311492
2496045538
2736892037
2649311492
2714996901
935974531
1030430677
1081952211
944561454
1107712977
1064778366
901626842
918800687
1039017599
1142060667
910213764
1124886822
1073365288
1039017599
1021843754
1047604521
2789295542
3081507456
2842424981
2815860261
2922119139
3240895772
3240895772
2948683858
3320589931
3559672406
3187766334
3054942736
3479978247
3533107686
3187766334
2868989700
2841084439
2582804035
3122844879
2535843962
2676724182
3099364843
2911524549
2864564476
2841084439
2864564476
2888044512
2770644329
3005444696
2770644329
3028924733
2841084439
1827114866
1811087543
2083552040
2083552040
2163688657
1698896279
2099579364
2035470070
1923278806
2147661334
2083552040
2035470070
2035470070
2003415423
2147661334
1955333453
1327739337
1434432676
1268465259
1481851938
1327739337
1493706754
1517416385
1363303783
1576690462
1375158599
1292174890
1600400093
1363303783
1387013414
1268465259
1458142307
3127113327
3100612366
3233117168
3392122931
3286119089
3392122931
2888604683
3471625812
3577629654
2782600842
3286119089
2809101802
3127113327
3047610446
3445124852
3047610446
2749451765
2924020131
2771272811
2705809674
2422136079
2422136079
2553062353
2793093857
2749451765
2465778170
2400315033
2727630720
2793093857
2683988628
2334851896
2705809674
1878161295
1738463348
1862639301
1831595313
1878161295
1676375371
2095469214
1785029330
1971293260
1800551324
1722941353
1660853377
1831595313
1676375371
1986815255
2095469214
823085085
781930831
720199449
843662212
864239339
795648916
809367000
823085085
809367000
816226043
768212746
871098382
884816467
836803170
733917534
740776577
1129250804
1181530934
1369739402
1118794778
1202442986
1223355038
1307003246
1401107479
1338371324
1296547220
1296547220
1223355038
1181530934
1307003246
1212899012
1097882726
2225981675
1968430076
2152395504
1986826619
2354757474
2446740188
2465136731
2189188589
2152395504
2152395504
1931636990
2078809333
2373154017
2207585132
2152395504
2373154017
528484997
557311452
542898224
638986406
643790815
581333497
562115861
523680588
648595224
547702633
600551133
590942315
504462952
581333497
547702633
576529088
3234665364
3285604976
3260135170
2954497498
3209195558
3056376722
3311074782
3285604976
3005437110
2903557886
3362014394
2929027692
2929027692
2852618274
3412954006
3311074782
281579532
294496024
317745710
348745292
307412516
299662621
312579113
289329427
312579113
315162412
343578695
302245919
299662621
346161993
271246338
338412098
1895885810
1771565429
2004666144
2051286287
2051286287
1926965906
1724945286
1833725620
1709405239
1895885810
1973586049
1771565429
2051286287
1849265667
1989126096
1880345763
3143881532
2975887863
2687898715
2567903236
3143881532
2759896002
2999886958
2951888767
2663899619
3071884245
2639900523
3119882437
2543904141
2783895097
3143881532
2975887863
878764505
978247279
1119181209
1061149591
911925429
1011408203
1077730053
1044569128
994827741
1052859359
945086354
903635198
1036278897
1003117972
1052859359
1077730053
2430607247
2307017048
2780779477
2389410514
2760181111
2368812147
2615992545
2389410514
2574795812
2574795812
2595394179
2183426849
2513000713
2739582744
2492402346
2389410514
276074121
276074121
289220508
283961953
304996172
315513282
307625449
310254727
323401114
315513282
297108340
312884004
289220508
328659668
354952442
328659668
285736194
232427202
236691922
240956641
279339115
283603834
226030123
262280238
223897764
268677317
223897764
283603834
251618439
234559562
247353720
232427202
1145158953
997396507
1200569870
1145158953
1062042577
1089748036
1172864411
1015866813
1108218342
1098983189
1219040176
988161354
1025101966
1135923800
1006631660
1034337119
854962292
757065846
789697994
796224424
724433697
685275119
704854408
763592276
854962292
848435862
783171565
730960127
691801549
717907268
841909432
815803713
1420181869
1326285547
1502341150
1549289311
1514078190
1420181869
1338022587
1314548506
1420181869
1349759627
1431918909
1490604110
1373233708
1420181869
1443655949
1561026351
2557625854
2219427394
2515351047
2346251817
2282839606
2494213643
2621038066
2811274700
2536488451
2578763258
2705587681
2494213643
2663312873
2325114413
2705587681
2642175470
2125383851
2280899743
1814352068
2246340656
2159942938
2004427047
2229061112
2073545221
1952588416
2108104308
2211781569
2108104308
2056265677
2004427047
2021706590
1831631612
191353213
211320505
198008977
198008977
176377744
224632033
183033508
189689272
221304151
189689272
222968092
211320505
186361390
209656564
181369567
219640210
2016383783
2112402058
1856353324
1728328957
2016383783
1888359416
1888359416
2080395967
1776338094
1760335049
1968374645
1984377691
1904362462
1728328957
1872356370
2096399012
2253464298
2581240924
2499296767
2745129236
2376380533
2519782806
2478810728
2663185080
2519782806
2294436376
2376380533
2540268845
2314922416
2253464298
2745129236
2642699041
664669220
635770558
780263867
658889487
624211093
751365205
722466543
606871896
653109755
629990826
705127346
710907079
699347614
624211093
722466543
641550290
2189287687
2155345242
2087460352
1866834461
2121402797
1866834461
2274143798
2240201354
1832892017
2087460352
2257172576
1917748128
1781978349
2104431575
2155345242
2240201354
999111875
966083383
941312015
900026400
1089940228
1015626121
900026400
982597629
957826261
883512154
974340506
891769277
908283523
1106454473
1081683105
1073425982
2301721157
2342102230
2544007595
2523817058
2644960277
2584388668
2443054912
2503626522
2624769741
2382483303
2281530621
2443054912
2685341350
2503626522
2261340084
2523817058
2721215711
2808294614
2307590923
2786524888
2917143242
2851834065
2742985436
2307590923
2721215711
2307590923
2938912968
2307590923
2503518454
2851834065
2394669825
2394669825
664878884
634192167
542132013
629077714
634192167
634192167
675107790
644421072
613734355
634192167
618848808
572818731
690451149
572818731
552360919
588162090
640846500
578207368
558933789
554115395
640846500
554115395
568570579
573388974
611936131
530023421
510749842
607117737
554115395
587844158
505931447
525205026
696653323
659141221
637705734
600193632
568040402
664500093
589475889
637705734
659141221
707371067
562681530
568040402
664500093
573399274
675217836
626987991
3125391697
3052708170
3149619540
2786201901
2616607002
2834657586
2761974058
2980024642
2689290530
3270758753
3270758753
3052708170
3028480327
2980024642
2761974058
2761974058
1496763573
1510495349
1826326194
1675276659
1716471987
1730203763
1675276659
1620349556
1771399091
1840057970
1469300021
1620349556
1675276659
1661544883
1634081332
1743935539
2336642813
2209848241
1992486119
2445323874
2282302282
2372869833
2064940160
2427210364
1956259099
1956259099
1920032079
2209848241
2101167180
2390983343
1956259099
2390983343
184283353
189090744
208320312
190693208
173066105
193898136
173066105
197103064
213127704
171463641
189090744
192295672
171463641
185885817
214730167
176271033
1878949627
1957239195
2035528762
1878949627
2004212935
2082502503
2004212935
1863291713
1738028405
2019870849
1722370491
1659738837
1769344232
1644080923
1847633800
1847633800
2013058286
2393907151
2067465267
1940515645
2357635831
2194414889
2266957530
1994922626
1994922626
2013058286
2140007908
2031193946
2321364510
1976786966
2212550549
2430178472
1143908162
1188592075
1152844945
1143908162
1000919642
1108161032
947298947
991982859
1117097815
1054540337
938362164
947298947
1126034597
1099224249
1152844945
1054540337
2655679847
2176459423
2316232047
2615744812
2555842259
2436037153
2595777294
2695614882
2436037153
2256329494
2396102118
2256329494
2276297012
2416069635
2116556870
2116556870
1088500006
1209444451
1138893524
1279995377
1068342598
1360625007
1159050932
1159050932
1290074081
1360625007
1209444451
1290074081
1078421302
1179208339
1199365747
1310231488
1325671341
1336905843
1348140346
1202091809
1348140346
1303202335
1247029820
1393078358
1190857306
1224560815
1516657890
1291967832
1449250872
1516657890
1471719878
1449250872
336638643
287813191
346917686
269824867
321220080
303231755
290382952
295522473
326359601
274964388
328929361
290382952
303231755
344347925
346917686
334068883
2625392480
2806454031
2896984806
2534861705
2874352112
2489596318
2829086725
3032780969
3032780969
2964882887
2489596318
2806454031
2534861705
2648025174
2874352112
2466963624
2181457548
2383104885
2254783852
2401436461
2456431189
2364773309
2328110157
1979810212
2016473364
1943147060
2236452276
2034804940
2089799668
2144794396
2016473364
2089799668
1003858924
851759087
821339119
1019068907
828944111
1011463916
874574062
935413997
935413997
1003858924
920204013
813734127
897389038
874574062
920204013
920204013
3209703239
2997491454
3209703239
3050544400
2891385562
2864859089
3315809131
2891385562
2944438508
3024017927
3130123819
3528020915
2997491454
3289282658
3289282658
3474967969
2317722930
2056325607
1847207749
2126031560
1829781261
2335149418
1986619654
2091178584
2160884536
1882060725
2021472631
2021472631
2335149418
1899487213
2265443466
2178311025
2573632492
2375660762
2652821184
2395457935
2276674897
2098500340
2138094686
2375660762
2494443800
2118297513
2098500340
2514240973
2118297513
2078703167
2435052281
2672618357
2237121547
1869832935
2120256988
2036782304
1953307619
2053477241
2103562051
1819748124
2086867115
2187036736
1769663313
1752968376
2220426610
2086867115
1986697493
1769663313
2471728005
2222639136
2395085276
2452567322
2031032314
2318442547
2107675043
2375924594
2165157089
2069353678
2337603229
2107675043
2356763911
2280121182
2452567322
2145996407
2900656296
3090863266
2995759781
2591569969
2662897583
2734225197
2805552811
2734225197
3043311523
3019535652
2496466484
3162190880
3019535652
2900656296
3114639137
2496466484
1902705036
1962164569
1694596673
1991894335
1843245504
2006759218
1813515738
1962164569
1813515738
1783785972
1947299686
1872975270
1813515738
1783785972
1768921088
1709461556
1399713446
1199754383
1444148794
1444148794
1233080893
1399713446
1366386936
1366386936
1177536709
1499692978
1233080893
1466366468
1499692978
1433039957
1288625078
1177536709
180524723
186166120
186166120
180524723
159369482
186166120
172062626
177704024
152317735
184755771
162190181
167831578
179114373
166421229
177704024
186166120
2670148525
3255038202
3433048104
3331328160
3178748245
2797298455
2721008497
3127888273
3255038202
3127888273
2670148525
2797298455
3331328160
2695578511
2975308357
2873588413
1525954951
1514481606
1365328114
1227647968
1273541350
1204701277
1342381423
1503008260
1353854769
1262068005
1262068005
1227647968
1445641533
1330908078
1525954951
1445641533
1757234366
1512373839
1627602322
1670813004
1512373839
1944480651
1699620124
1670813004
1800445047
1872462849
1714023685
1829252168
1843655728
1555584521
1829252168
1843655728
2648333806
2743769258
2815345848
3006216753
3077793342
2529039490
2552898353
2719910395
3197087658
3101652205
2767628121
2552898353
2719910395
2815345848
2624474943
2910781300
1609894446
1943476178
1667908660
1783937089
1783937089
1696915767
1957979731
1812944196
1682412214
1769433535
1682412214
1638901553
1682412214
1885461964
1580887339
1754929981
1063184215
868402374
973909204
933329654
949561474
1055068305
1014488755
868402374
1095647855
1079416035
860286464
884634194
990141024
1087531945
892750104
868402374
1177972027
1252933883
1242225046
1317186903
1177972027
1252933883
1424275269
1199389700
1360022249
1242225046
1317186903
1124427844
1381439922
1349313412
1210098536
1370731086
969432835
809075524
932987992
772630681
932987992
787208618
911121086
772630681
911121086
874676242
874676242
903832117
816364493
918410054
852809336
772630681
3565072614
2820132068
3192602341
3325627438
2926552146
3299022419
2926552146
2953157165
2793527048
3299022419
3591677633
3112787282
3086182263
3059577243
2899947126
3059577243
2322142746
2153600127
2228507957
2453231449
2059965339
2490685364
2378323619
2247234915
2490685364
2453231449
2059965339
2322142746
2191054042
2434504491
2022511424
2265961873
155537207
134879921
148246400
153106938
157967475
143385862
139740459
161612879
161612879
142170728
160397744
161612879
137310190
159182610
127589115
143385862
179040039
189312828
184910205
179040039
155559378
161429544
196650535
183442663
174637415
154091837
179040039
192247911
164364626
177572498
176104957
181975122
2092864354
2173359136
2028468527
2044567484
1931874788
1851380005
2044567484
1786984179
1803083135
2012369571
2125062267
1770885222
1835281048
1722588352
1786984179
2141161223
264669463
266737193
231585780
239856700
225382589
254330812
231585780
221247129
250195351
227450319
219179399
250195351
219179399
279143574
252263081
254330812
1519096565
1596998953
1402242983
1648933878
1700868804
1558047759
1661917610
1661917610
1622966416
1467161640
1648933878
1467161640
1674901341
1480145371
1558047759
1558047759
1799718907
1783054843
2199656442
1899703291
2249648634
2066343931
1933031419
2033015803
2099672058
2249648634
2182992378
2199656442
2249648634
2133000186
1999687675
1849711099
2653399098
2771854415
2961382922
2606016971
2558634845
3008765049
2795545478
3008765049
3032456112
3198293556
2724472288
2558634845
2700781225
3174602492
2606016971
3008765049
1573657977
1598055775
1463867886
1488265684
1390674491
1317481097
1317481097
1366276693
1366276693
1634652472
1293083299
1585856876
1293083299
1646851371
1537061280
1390674491
2149566696
2200343862
1844903700
2251121028
2166492418
2251121028
1811052256
2268046750
2183418140
1861829422
2166492418
2132640974
1997235198
2132640974
1912606588
1844903700
1445409215
1213702394
1235769710
1313005317
1368173608
1467476531
1357139949
1246803368
1268870684
1379207266
1467476531
1467476531
1346106291
1246803368
1445409215
1224736052
2754446217
2656943696
2559441175
2876324368
2803197477
3095705040
3193207561
2876324368
3266334452
3290710082
2827573107
2681319326
2608192435
2754446217
2803197477
3290710082
905615275
1113325200
1021932833
1038549627
1080091612
988699245
1071783215
1030241230
888998481
872381687
1063474818
872381687
1063474818
963774054
1105016803
880690084
182218268
152076900
175367957
150706838
167147584
152076900
165777522
173997895
167147584
179478144
156187087
165777522
169887709
182218268
171257771
143856527
1366405250
1483525700
1717766600
1509552467
1522565850
1730779984
1639686300
1405445400
1756806750
1626672917
1717766600
1691739834
1756806750
1431472167
1392432017
1366405250
1439357588
1754645441
1494190258
1768353608
1562731096
1631271933
1453065756
1494190258
1439357588
1686104603
1453065756
1480482091
1603855598
1836894446
1658688268
1686104603
879540561
879540561
1013565790
1130837865
1038695520
946553176
971682906
1122461288
929800022
1105708134
988436060
1063825251
1005189213
887917138
913046869
1088954981
2105503561
2275302235
2224362633
1986644489
2275302235
2037584091
2088523693
1850805549
2139463296
1901745152
1799865947
2054563959
1816845815
2275302235
2292282103
2173423031
514581567
497428848
566039724
548887005
488852489
561751544
471699770
488852489
450258871
480276129
544598825
458835231
488852489
557463364
463123410
574616083
770086036
697890470
709923064
691874173
727971956
709923064
709923064
727971956
649760093
740004550
673825281
715939362
697890470
649760093
691874173
746020847
33817116
40887967
36276542
32279974
39043397
38735969
37813684
32587402
41502824
32279974
38428541
36276542
40273111
37198827
36583971
39043397
269745012
282488871
250629224
254877177
250629224
248505248
263373083
259125130
269745012
263373083
229389459
271868989
257001154
231513436
282488871
235761389
2322591580
2564948963
2504359617
2181216441
2484163169
2524556066
2423573823
2706324103
2140823544
2524556066
2181216441
2423573823
2201412889
2645734757
2322591580
2322591580
622749923
561993833
627812931
612623908
546804811
551867818
546804811
536678796
637938946
612623908
627812931
622749923
658190976
637938946
678443006
637938946
2443488053
2163087784
2443488053
2243202147
2343345100
2463516643
2203144966
2303287919
2583688187
2623745368
2563659596
2203144966
2323316509
2623745368
2623745368
2503573825
3237009933
3163441526
3261532736
2869167896
3237009933
2672985475
3016304711
3040827513
2918213501
2771076685
3040827513
2942736303
2991781908
3138918723
2942736303
2918213501
2701940017
2620063047
2681470775
2579124562
2763347745
2292555166
2231147439
2251616681
2579124562
2190208953
2169739711
2722409260
2497247592
2169739711
2456309107
2435839864
81529167
76773299
86285035
80849757
89002674
77452709
84246806
89002674
91040903
76093889
91720313
72696841
91040903
86285035
76773299
87643855
354887466
302208857
321616766
302208857
354887466
374295374
299436299
374295374
307753974
310526532
343797232
293891182
318844207
365977699
321616766
321616766
2092619216
2125835394
1976362593
2092619216
1909930237
2142443483
1743849347
1992970682
1793673614
1743849347
2159051572
1860105970
2125835394
2242092017
2092619216
2109227305
3360791148
3631822692
3143965912
3577616383
3279481684
3658925846
3008450140
3008450140
3089759603
3496306920
3442100611
3496306920
3062656449
3171069067
3089759603
3523410074
687163349
648987608
594450834
632626576
621719221
610811866
648987608
692617027
736246446
730792768
627172898
708978059
719885414
627172898
643533930
681709672
2367754820
2273044627
2386696858
2007856087
2254102588
2026798125
2519291128
2538233167
2083624241
2102566280
2083624241
2159392395
2216218511
2538233167
2083624241
2329870742
48857594
50039633
44523453
48069568
42159376
52403710
46099504
48069568
53191736
41765363
43735427
46887530
53191736
43735427
45311478
47281543
1768447265
1573500323
1517801196
1629199449
1824146392
1824146392
1810221610
1545650759
1629199449
1643124231
1768447265
1629199449
1462102070
1531725978
1601349886
1503876414
124288756
114888766
130555416
119066539
130555416
125333199
115933209
134733189
137866519
126377642
127422086
116977652
139955406
113844322
109666549
133688746
2648138593
2389783608
2368254026
2346724444
2368254026
2518961101
2626609011
2260606116
2626609011
2798845667
2798845667
2863434413
2755786503
2389783608
2303665280
2734256921
1665970396
1388308663
1678591384
1703833359
1325203724
1476655578
1653349408
1552381505
1552381505
1388308663
1363066687
1539760517
1640728420
1590244469
1400929651
1527139529
46365025
47791641
45651717
43155138
39588598
42798484
41728522
43868446
45295063
47791641
41371868
42441830
42441830
37805328
41015214
44938409
725332827
785777229
752197006
765629095
779061185
886517900
758913051
852937676
732048872
812641408
826073498
799209319
785777229
852937676
705184693
832789542
860783009
958230142
958230142
852662415
917627170
909506576
885144792
1023194898
950109548
982591926
1023194898
1039436087
1039436087
941988953
974471331
1006953709
1222799829
1211477608
1245444270
1188833167
1517177565
1211477608
1369988697
1381310918
1245444270
1369988697
1381310918
1505855345
1245444270
1528499786
1211477608
1222799829
12147048
11008263
12052150
11672554
10343971
10628667
10913364
12716441
12526644
11482757
11767453
11482757
12716441
11198060
11577656
12621543
439780455
551800005
460524816
497864666
555948877
460524816
485418049
477120305
497864666
547651133
543502260
460524816
460524816
514460155
435631583
452227071
1709812245
1615570626
1521329006
1454013563
1440550474
1548255183
1494402829
1588644448
1575181360
1507865917
1629033714
1790590777
1561718271
1427087386
1723275334
1480939740
1412560862
1247026386
1390489599
1213919491
1390489599
1269097650
1390489599
1489810284
1346347072
1280133281
1302204545
1280133281
1191848227
1169776964
1224955123
1357382704
1189217940
1198965628
1296442509
1101488748
1189217940
1150227188
1286694821
1130731812
1286694821
1072245684
1072245684
1130731812
1228208693
1159974876
1208713316
1228208693
597153307
686202485
670487924
618106055
691440672
618106055
618106055
560485999
581438747
565724186
555247812
686202485
550009625
675726111
691440672
586676933
2054859311
1824715068
2137053683
1726081821
2104175934
2038420436
2071298185
1791837319
1939787189
2219248056
1890470566
2120614809
2137053683
1742520695
1874031691
1956226064
530744466
482890457
495941550
535094831
530744466
491591186
491591186
530744466
582948840
574248111
474189728
526394102
535094831
582948840
587299204
495941550
1210515603
1188899253
1188899253
1459103629
1307789178
1210515603
1199707428
1178091078
1361830053
1156474728
1405062753
1361830053
1167282903
1232131953
1134858378
1264556478
3472847874
2810090646
3260765561
2889621514
3101703827
3499358163
2969152381
3154724405
3287275850
2942642092
3578889031
3207744983
3101703827
3154724405
3234255272
2995662670
2076922897
2249999805
2284615186
1886538298
2094230588
2128845969
2094230588
2094230588
1903845989
1834615225
2284615186
2094230588
2128845969
2336538259
1990384443
2284615186
2172647744
2327836869
1896755967
2224377453
2069188328
2327836869
1931242439
1913999203
2069188328
2241620689
2017458620
2189890980
2258863925
1896755967
1827783023
1827783023
1463221127
1544511189
1774833033
1666446283
1747736346
1558059533
1503866158
1801929721
1490317814
1530962846
1774833033
1720639658
1571607877
1436124439
1503866158
1490317814
1948556313
1843228944
2053883681
2352311224
2211874733
2317202102
2299647540
2159211049
2194320172
2246983856
2282092979
2299647540
1860783506
2053883681
2352311224
2264538418
1243901460
1211167211
1353015623
1429395537
1145698713
1156610129
1298458542
1276635709
1320281374
1418484121
1407572705
1418484121
1342104207
1396661288
1451218370
1374838456
486467112
478866064
490267637
471265015
437060296
440860821
399055053
452262394
509270258
399055053
494068161
509270258
425658723
444661345
494068161
467464491
448830244
461414269
545307773
511750371
557891798
528529072
549502448
486582320
532723747
465608944
448830244
515945047
549502448
566281149
482387645
557891798
3202390014
3175251116
3392362303
2903862132
3528056795
3365223405
3365223405
3555195694
3338084506
3093834421
2985278827
3636612389
3148112217
3392362303
3148112217
3012417725
3050832098
3236534921
3528353644
3554882619
2838600300
2918187224
3130419022
3236534921
2944716199
3050832098
3130419022
3448766720
3024303123
3183476972
2838600300
3236534921
399402613
406409677
465969716
437941462
381884955
392395550
392395550
444948525
406409677
434437930
448452057
399402613
420423804
458962652
402906145
472976779
489522807
530316374
432411813
477284737
513998947
481364094
538475088
440570526
534395731
481364094
530316374
481364094
473205380
432411813
448729240
513998947
641453184
740586858
752249644
647284577
676441540
734755466
676441540
717261288
635621792
728924073
781406607
752249644
653115970
653115970
752249644
763912429
265176725
218034196
231784100
251426821
257319637
223927012
263212453
231784100
210177108
216069924
263212453
219998468
225891284
255355365
239641188
263212453
2426123723
2624624754
2823125786
2823125786
2977515478
2315845372
2470235063
2514346403
2382012382
2911348467
2448179393
2624624754
2448179393
2315845372
2845181457
2867237127
1506571150
1569872459
1493910888
1468590365
1696475077
1354648009
1671154553
1582532721
1481250627
1367308271
1658494291
1620513506
1455930103
1481250627
1519231412
1683814815
2274254855
1906875225
1941863761
2221772051
1836898152
2361726196
2221772051
2326737659
2099312174
2011840833
2309243391
1871886688
1941863761
2204277783
2169289246
2116806442
2469438453
2800166817
2359195665
2844263932
2954506721
2579681241
2888361048
2689924029
2403292780
2623778356
2469438453
2513535568
2689924029
2822215375
2381244222
2667875472
1365836704
1398100563
1451873662
1408855183
1139989690
1365836704
1139989690
1441119042
1247535887
1139989690
1279799746
1365836704
1279799746
1290554366
1301308986
1258290507
2285480181
2183449816
2734413788
2632383423
2326292327
2550759131
2163043743
2530353058
2326292327
2265074108
2407916619
2285480181
2305886254
2142637670
2265074108
2387510546
958042760
982607959
1007173158
1056303556
859781964
966231159
1089057154
966231159
1056303556
908912362
949854360
966231159
1097245554
1023549957
1064491955
998984758
1778104060
1879710007
2167593521
1964381629
1795038385
2133724873
1811972709
2099856224
1811972709
2252265143
1896644331
1811972709
1828907034
1947447304
1913578656
2032118926
1658447487
2021726461
1784805391
1705831701
1974342247
1784805391
2053315937
2100700151
1895368557
1911163295
1942752771
1753215915
2005931723
1737421177
1926958033
2132289627
2750450172
3341668434
2904681023
3393078717
3418783859
2853270739
2981796448
3290258150
2981796448
3393078717
2981796448
3110322157
2776155314
3290258150
2801860456
3213142725
9185099
9353633
10280570
8932298
10786172
9185099
10027769
9016565
9859235
9774968
10786172
10364837
9185099
10112036
9606434
10280570
2282794861
2620251493
2520999542
2421747592
2123991740
2540849932
2481298762
2640101883
2183542911
2540849932
2659952273
2342346031
2679802663
2084290960
2580550713
2560700322
3278106751
2723350224
3126809516
2647701606
3353755368
3076377105
3278106751
3101593310
2849431253
3353755368
3278106751
2647701606
2773782635
2773782635
3353755368
2723350224
1222738101
1222738101
1115137148
1203174291
1085791433
1036881909
1095573338
1154264767
1095573338
1066227624
1027100005
1164046672
1173828577
1310775244
1066227624
1291211434
1629802892
1591900499
1553998106
1553998106
1579266368
1478193321
1642437023
1680339416
1617168761
1465559190
1503461583
1326583749
1452925059
1364486142
1452925059
1339217880
3058174870
2548479058
2919166921
2594815041
2942334912
2502143075
3127678844
2849662947
2455807092
2826494955
2641151024
2756990981
2895998930
2919166921
2641151024
2594815041
906767440
876541859
846316278
989887789
868985464
861429068
921880231
921880231
853872673
929436626
808534301
906767440
1012556975
1020113370
967218603
876541859
1824776440
1809819256
1839733624
1989305464
1779904888
1989305464
1705118969
1944433912
1809819256
1660247417
1989305464
1989305464
1735033337
1809819256
1794862072
1645290233
3010030852
3107128622
2985756410
2694463101
2548816447
3010030852
2670188659
2888658640
2791560871
3179951949
2767286429
2670188659
2718737544
2840109756
2912933083
2912933083
418693560
357421332
405077510
449329675
411885535
371037383
357421332
398269484
442521649
384653433
391461459
449329675
401673497
422097573
408481522
405077510
1665385798
1638524736
1450497308
1544511022
1598233144
1692246859
1571372083
1571372083
1437066777
1463927838
1678816328
1410205716
1477358369
1665385798
1759399512
1786260573
1395333739
1263491181
1329412460
1285464941
1186583022
1362373100
1274478061
1153622383
1219543662
1406320619
1175596142
1340399340
1263491181
1186583022
1362373100
1208556782
766755080
692368393
680924287
686646340
669480182
600815548
617981706
629425812
640869918
652314023
766755080
749588922
669480182
623703759
709534552
646591970
1079086730
1117972739
1312402780
1098529735
1108251237
1020757718
1127694241
1166580249
1244352266
1195744755
1088808232
1312402780
1186023253
1176301751
1069365228
1166580249
1643652195
1643652195
1822959708
1703421366
1793075122
1912613464
1912613464
1658594488
1957440342
1942498049
1972382635
1658594488
1867786586
1673536781
1897671171
1822959708
3064913928
2916611641
3237933263
3015479832
2867177545
3089630976
3139065071
3163782119
3287367358
2718875259
2867177545
2694158211
3287367358
2669441163
2990762785
2990762785
1984260498
2020337961
1930144302
2074454156
1912105570
1948183034
1966221766
2363073865
2308957670
2110531620
2110531620
2399151329
2435228793
2381112597
1984260498
2002299229
1735358113
1781429568
1627858053
1827501022
2057858294
1643215205
1965715385
2027143991
2011786839
1704643810
1904286779
1612500902
1965715385
1720000962
1950358234
1704643810
1450740662
1399387010
1643316856
1450740662
1502094313
1733185746
1656155269
1489255901
1373710184
1553447965
1514932726
1348033358
1386548597
1425063836
1386548597
1604801617
2217148697
1966825457
1877424300
2217148697
2074106845
1895304531
2217148697
2163508003
1948945225
2217148697
2127747540
2395951011
2413831243
2091987077
1931064994
2413831243
1362227683
1496017901
1337902188
1617645373
1435204166
1641970867
1508180649
1337902188
1605482626
1435204166
1435204166
1301413947
1520343396
1325739441
1581157132
1435204166
605469272
558894713
610644223
667568685
672743636
698618391
662393734
631344028
584769468
569244615
548544811
662393734
579594517
620994126
553719762
672743636
2338569649
2295660115
2360024417
2574572091
2531662556
2274205347
2832029300
2832029300
2574572091
2381479184
2360024417
2381479184
2810574533
2510207789
2703300696
2703300696
1949820683
2149802292
2116472024
2183132560
2216462828
2099806890
1766504209
1883160147
1766504209
1849829879
1849829879
2066476622
1849829879
1766504209
1899825281
2133137158
2048219850
2285203965
1777380861
2115929597
1845090609
1845090609
2099002160
1794308298
2217494218
1895872919
1878945482
1777380861
1895872919
1895872919
1845090609
1794308298
1763158101
1583853887
1987288368
1912578279
1658563976
1822926172
2017172404
1882694244
1688448012
1987288368
1733274065
1703390030
1613737923
1927520297
1807984155
1748216083
1864370865
1985630759
1879528352
1637008564
1925000812
1712795998
2031103219
1606693591
1955315785
1682481024
1879528352
1879528352
1970473272
2031103219
1985630759
1606693591
2506984711
2469844196
2209860597
2042728283
2432703682
2488414454
2042728283
2024158026
2506984711
2079868797
2005587768
2079868797
2506984711
2042728283
1968447254
2451273939
2013360841
2070342751
1994366871
2374246275
2526198036
1994366871
1994366871
2089336722
2013360841
2013360841
2260282453
2545192006
2241288483
2146318632
2260282453
2488210096
3163287303
2991636054
3016157661
2721898377
3138765696
2869028019
2574768735
3163287303
3114244089
2893549626
3114244089
2869028019
2672855163
2697376770
2697376770
2795463198
748374259
641463651
754313737
789950607
623645216
789950607
677100520
742434781
766192694
647403129
736495303
683039998
754313737
778071650
647403129
694918955
1321360521
1393434732
1537583152
1357397626
1609657362
1609657362
1381422363
1393434732
1501546047
1321360521
1465508942
1357397626
1321360521
1453496573
1357397626
1345385258
1908691274
2149427111
2166622528
2149427111
2149427111
1960277525
1891495857
1994668359
1805518773
1805518773
2115036277
2201013361
2321381280
2166622528
2304185863
2321381280
3102110619
3323689949
2634332033
3003630917
2634332033
2658951959
2708191810
2855911363
3249830172
2732811736
2855911363
2880531289
2979010991
2905151214
3225210247
3200590321
3009971763
3308481360
3134350762
3184102361
2960220164
3034847563
2885592765
2885592765
3283605560
2686586367
2935344364
2686586367
3208978161
3208978161
2960220164
2960220164
671622061
599293531
661289414
604459855
625125149
542463972
625125149
552796619
640624120
687121032
542463972
619958826
588960884
671622061
676788385
568295590
1007852864
944862060
1025850237
1196825276
944862060
1214822649
1124835786
1061844982
1115837099
1025850237
1025850237
980856805
1160830531
1205823962
1151831845
1097839727
2184181419
1900738029
2067469435
1834045467
2250873982
1767352904
2150835138
1750679764
2034123154
2250873982
1817372326
2084142576
2250873982
2017450013
1984103732
1884064888
983137144
1074168361
1128787092
1074168361
964930901
1128787092
1228921430
1201612065
1101477726
955827779
983137144
1065065240
1228921430
1146993335
1037755874
1074168361
1154181057
1154181057
1046587907
1203087034
1115056275
1115056275
1046587907
1222649425
1056369103
1232430620
1242211815
1183524643
1251993011
1251993011
1261774206
1075931494
3115890695
2813602792
2441556142
2999626117
3139143611
2836855708
2813602792
2488061973
2767096961
2581073636
2697338214
2511314889
2604326551
3092637780
3139143611
2557820720
2921765093
2974409509
3500853670
3237631590
2974409509
2790154053
3027053925
3132342757
3106020549
2790154053
3132342757
3053376133
3027053925
2921765093
3421887046
2869120677
3236170042
3236170042
2890319808
2791505456
3112652101
3087948513
2667987515
2742098280
3137355689
2939726985
2692691103
3013837749
2964430573
2840912632
2791505456
3162059278
513229168
570746230
491107221
468985274
499955999
508804778
486682831
499955999
544199893
513229168
491107221
557473061
513229168
557473061
530926725
499955999
2688976207
2833028504
3001089517
3097124382
2664967491
2785011072
3097124382
2929063369
2592941343
2809019788
3073115665
2664967491
2568932626
2544923910
2977080801
2977080801
2549302667
2490016558
2667874884
2569064703
2252872124
2529540631
2213348052
2470254522
2430730450
2312158233
2094775835
2588826739
2667874884
2569064703
2233110088
2094775835
2362548670
2784432361
2678961439
2657867254
2425831224
2510207962
2847714915
2700055623
2446925408
2257077747
2552396331
2826620731
2657867254
2700055623
2721149808
2826620731
2943426518
2619150715
2943426518
2619150715
3342535199
2843649348
2743872178
3217813736
3192869443
2968370811
2968370811
3118036566
3118036566
3217813736
3167925151
2743872178
2000321772
1840296030
2096337217
1840296030
1776285733
1728278011
1728278011
1952314049
1984319198
1744280585
1856298604
2096337217
2064332069
1904306327
1856298604
1936311475
2130499121
2181631100
2283895057
1994147177
2283895057
1823707247
2079367142
1960059191
1857795233
2045279156
1994147177
1960059191
1806663254
1960059191
1891883219
1806663254
1989688008
2111861833
2042048218
2338756079
1850060779
1850060779
2286395868
2234035658
2286395868
2216582254
2146768640
2024594815
2164222043
2007141411
2059501622
2024594815
2375023351
2880815361
2858824404
2353032394
2331041437
2309050480
2375023351
2946788232
2572941964
2902806318
2704887706
2462987179
2660905792
2462987179
2968779189
2616923878
1254158603
1528879059
1540823426
1325824809
1504990323
1564712162
1361657912
1337769176
1564712162
1493045956
1612489632
1504990323
1278047338
1445268485
1552767794
1301936073
1579634716
1298810766
1228604779
1357315756
1252006775
1380717752
1462624737
1263707773
1404119748
1392418750
1544531722
1287109769
1427521743
1532830724
1322212762
1333913760
3112783726
2766918868
3310420788
3038669828
3310420788
2791623500
3112783726
2890442031
2989260562
2939851297
3211602257
3013965195
2742214235
3236306890
3310420788
3211602257
604788527
684365965
567652389
567652389
599483364
588873039
615398852
694976290
663145315
710891777
631314339
562347227
652534989
588873039
631314339
578262714
