1284721
1307064
1284721
1340578
1340578
1441122
1206520
1318235
1396436
1195349
1262378
1496979
1485808
1496979
1441122
1173006
2851532
2726464
3351800
3226733
2976599
3226733
2826518
3251747
2876545
2826518
2901559
3276760
3226733
2676438
3201720
3326787
2271430
2552655
2531022
2357961
2898777
2293063
2379593
2422859
2920410
2422859
2660818
2379593
2595920
2487757
2747349
2725716
2582610
2803345
2759198
2869566
2339800
2604683
2825419
2450168
2450168
2759198
2869566
2361874
2450168
2538462
2406021
2869566
1044240
1026980
940679
1001090
966570
1044240
983830
949309
1096021
1070131
906159
923419
1156432
1009720
1156432
1156432
2557967
2311645
2501124
2387436
2179009
2008478
2273749
2349540
2122165
2311645
2311645
2065322
2463228
2330592
2065322
2311645
1391659
1431421
1762768
1669991
1616975
1616975
1630229
1709753
1391659
1563960
1776022
1643483
1603721
1749514
1603721
1431421
3123576
3147979
3221188
2659920
2659920
2733129
3001561
2659920
2903949
3172382
3050367
2562308
3001561
3147979
3123576
3147979
1561397
1438452
1585986
1389275
1389275
1290919
1598281
1561397
1524514
1499925
1549103
1315508
1487630
1536808
1438452
1487630
2691094
2392083
2627020
2477515
2776525
2861957
2328010
2883315
2434799
2263936
2883315
2819241
2520231
2370725
2285294
2328010
2022005
1903063
2276879
2242896
1852088
2055988
1852088
1988021
1784122
2123955
1886072
2174929
2038996
2225904
2140946
2293871
1097488
900283
908857
994599
1028895
926006
908857
1037469
1046043
1140359
977450
1028895
951728
1054617
1037469
1097488
1077299
1145160
1043368
983989
933093
975507
1068816
967024
1119712
924611
1085781
916128
924611
1094264
983989
1051851
2863743
2683350
2908841
2796095
2660800
2367661
2390210
2908841
2570604
2886292
2728448
2502956
2683350
2953939
3044136
2390210
623469
629086
713338
713338
640319
696488
640319
730189
617852
601001
674020
741422
747039
657170
747039
685254
2248017
2632813
2572056
2551803
2511298
2531551
2227765
2612560
2693570
2693570
2572056
2653065
2248017
2713822
2430289
2227765
1772079
1974603
1991480
1873341
2025234
1957726
2025234
1805833
2126495
1788956
2075864
2143372
2025234
2278388
2278388
1957726
1770710
1801505
1816902
2001672
1801505
2001672
2047864
2032467
1878492
1709120
1970877
1632132
1801505
2063262
1909287
2047864
843469
949789
772589
815117
751325
808029
928525
907261
758413
836381
829293
843469
956877
949789
928525
893085
2840947
2908588
2638022
2750758
2547833
2998777
2660569
2592928
2660569
2998777
2840947
2570380
2525286
2886041
2886041
2525286
248906
244986
223427
252825
235186
229307
248906
225387
215587
243026
225387
221467
217547
217547
211668
211668
1011323
1002679
942173
924885
1071829
1089117
1002679
924885
1028611
1158267
1080473
1063186
924885
916241
1080473
916241
1485855
1846904
1638607
1610834
1721926
1819131
1763585
1610834
1499742
1833018
1694153
1555288
1819131
1833018
1569174
1527515
2174420
1924896
2210066
2085305
2227890
2085305
1942720
2085305
2210066
1889250
1996189
2049658
2370474
2192243
1907073
2370474
1413109
1388533
1499125
1597428
1425397
1486837
1585140
1646579
1511412
1351670
1302518
1609716
1376245
1535988
1376245
1523700
1745881
1660716
1788464
1831046
1831046
1859434
1873629
1774270
1547163
1717493
1703299
1916211
1859434
1760075
1788464
1547163
2929224
2723263
2929224
2631725
2540187
2425764
3066532
2471533
2631725
2517302
2814802
2677494
2974994
2860571
2837686
2448648
3056319
3359425
2904766
3384684
2955284
3207872
3258390
2702695
2955284
3334166
3334166
2753213
2778472
3207872
3409943
3308908
1779960
1596313
1539807
1511553
1525680
1624567
1723453
1624567
1723453
1751707
1794087
1723453
1737580
1751707
1695200
1695200
722904
854341
880629
874057
788623
762335
795195
860913
795195
847769
867485
696617
808338
788623
755763
736048
2159851
2476893
2199481
2595784
2318372
2080590
2338187
2219296
2675045
2179666
2239111
2219296
2219296
2437263
2179666
2298557
2475064
2084265
2251750
2195922
2233141
2233141
2233141
2195922
2028436
2270360
1991217
2326188
2493674
2195922
2419236
2028436
2274207
2215894
2565772
2565772
2079830
2449146
2507459
2079830
2138143
2507459
2118706
2138143
2624085
2351958
2429708
2585210
1328206
1294438
1384486
1350718
1316950
1395742
1350718
1226902
1226902
1418254
1406998
1508302
1283182
1294438
1497046
1215646
3292834
3162166
3240567
2900830
3397369
3345102
3083765
2822429
2979231
2926964
3240567
3005365
2953097
2770162
3501903
3266701
1215034
1194440
1379784
1235628
1225331
1204737
1225331
1173846
1379784
1101768
1359190
1101768
1122362
1245924
1318003
1153252
918382
846069
954539
809912
911151
976233
846069
896688
889457
867763
780986
831606
867763
795449
961770
838837
2319273
2476512
2417547
2456857
2220999
2574786
2122724
2142379
2162034
2260308
2083415
2574786
2063760
2496167
2515822
2614096
239960
197505
243652
219656
243652
219656
221502
204889
214118
228885
223347
208581
199351
201197
239960
195660
2187319
2460734
2167790
2577912
2616971
2597442
2636501
2304497
2382616
2636501
2187319
2226378
2284967
2519323
2206849
2324027
250665
201291
205089
214584
205089
218382
218382
256362
205089
225978
233574
248766
256362
199392
241170
246867
2894199
2493463
2515726
2493463
2849672
2627042
2849672
2382148
2560253
2560253
2582516
2359885
2782883
2983251
2782883
2448937
22921
25024
24183
22290
23552
25024
24814
24814
27337
28389
24183
25445
24183
23552
24183
25024
805239
1002751
957171
979961
919188
1017944
934381
1017944
911592
843222
850819
820432
911592
979961
828029
873608
2663696
2417816
2643206
2151446
2233406
2479286
2520266
2376836
2684186
2643206
2479286
2294876
2356346
2581736
2745655
2581736
1196964
1142965
1097967
1115966
1151965
1106966
1043968
989970
971970
1007969
1061968
1052968
1097967
1187964
1016969
1079967
2069678
1955601
2102271
2151161
1955601
2200051
1825228
2004491
2134865
1988194
2085975
1825228
1988194
1776338
1760041
1906711
2813235
3390952
2662526
2737880
2838353
2863471
2989062
3014180
3240243
2762998
2662526
2687644
3114653
3215125
3390952
2687644
2406234
2259288
2424602
2259288
2296025
2296025
2093974
2387866
2185815
2204184
2057238
2442970
2093974
2240920
2112343
2057238
291704
323818
337199
323818
310438
280999
289028
280999
302409
305085
355933
305085
347904
358609
315790
313114
1920388
2001761
2131956
1708820
2148231
1708820
1741369
1936663
1725094
1741369
1985486
1839016
1920388
2034310
1952937
1887839
990012
1005980
950092
1037916
997996
1045900
846300
950092
1045900
1029932
934124
1045900
958076
1005980
1045900
934124
2480601
2007204
2158691
2272306
2139755
2499537
2082947
2404858
2120819
2366986
2196563
2423793
2101883
2101883
2177627
2120819
3243663
3375520
2979951
3507376
2821723
2874466
2927208
3401891
3217292
2900837
2821723
3296406
3428262
3006322
3085436
2979951
125210
134524
113828
131419
112793
132454
139698
108654
131419
108654
136593
131419
119001
128315
126245
114862
2392016
2267985
1966769
2214830
1878175
1895894
2037643
2126236
2214830
2143955
2267985
2338860
2073080
2002206
2037643
2090799
2532657
2811482
2602363
2881188
2927659
2997365
2834717
2532657
3067071
2462951
2509422
2486186
2625599
2765011
2765011
2509422
2170714
2228343
2554911
2382022
2554911
2554911
2593331
2093874
2093874
2574121
2017035
2189924
2189924
2247553
2017035
2151504
1754784
1725779
1624263
1725779
1725779
1957817
1682272
1609760
1609760
1783789
1856300
1899807
1769286
1537249
1566253
1551751
1948848
1916367
1965088
1965088
2176213
1802684
1883886
2159973
1802684
1737722
2013809
2030050
1948848
2176213
2159973
1900126
934133
1049788
978616
1005305
1076477
1023098
1040891
996409
1094270
951926
996409
1085374
1201028
1156546
1183235
969719
810611
872437
838089
741915
851829
858698
728176
824350
851829
810611
879307
824350
927394
796872
769394
879307
2332421
2106141
2332421
1879862
1862455
1932080
1862455
2140953
1966892
1984298
2349827
2245390
2071329
2001704
2349827
2245390
1512462
1599242
1574448
1500064
1301709
1537256
1636434
1673626
1673626
1661228
1400886
1537256
1574448
1351298
1524859
1574448
2220460
2510085
2065993
2201151
2587318
2239768
2201151
2181843
2143226
2259076
2259076
2568010
2336310
2548702
2046685
2510085
935270
1063977
1003913
1003913
1089718
986752
1149781
1063977
909528
918109
978172
1098298
1046816
1089718
961011
1098298
2092579
2162331
1970512
1848444
2214646
2232084
2057702
2144893
2214646
2249522
2110017
2110017
1987950
2022826
2057702
2179770
1266574
1295360
1266574
1045883
1065073
1247383
1141835
1017097
1045883
1065073
1084264
1180216
1007502
1170621
1036288
1093859
1507142
1660647
1479232
1758332
1814152
1869972
1576917
1744377
1716467
1562962
1521097
1814152
1646692
1856017
1869972
1521097
226915
216678
199617
214972
179143
228621
197911
194498
223503
211560
191086
194498
204735
185968
223503
192792
1680808
1740837
1950938
1755844
1995960
1935931
1740837
1695815
1875902
1920924
1815873
1965945
1620779
1620779
1950938
1875902
929659
756215
818655
749278
728464
832531
811717
770091
735402
825593
901908
790904
742340
846406
797842
804780
1599384
1715468
1715468
1676773
1405910
1625180
1509096
1625180
1689672
1715468
1599384
1689672
1676773
1663875
1380113
1676773
1743931
1612037
1831861
1743931
1729277
1890480
1582728
1963755
1919790
1685312
1890480
1963755
1612037
1817206
1612037
1729277
47007
54103
49668
57207
54990
59868
59868
58538
50999
46564
54546
56320
47451
51885
46564
56320
546737
624105
582842
680842
546737
588000
572526
680842
665369
639579
634421
670527
644737
593158
598316
546737
1495993
1495993
1445707
1634278
1382850
1470850
1395422
1697134
1470850
1521135
1382850
1420564
1370279
1382850
1609135
1483421
1401753
1252386
1229406
1321324
1309834
1286855
1275365
1355794
1401753
1229406
1206426
1459202
1344304
1309834
1470691
1528140
1707716
1736908
1868271
1780696
1795292
1634737
1912058
1809887
1620141
1561758
1970442
1780696
1547162
1620141
1795292
1707716
1552921
1840499
1509784
1696710
1524163
1509784
1567300
1667952
1826120
1524163
1869257
1524163
1739846
1653573
1797362
1653573
1467107
1524416
1501493
1444184
1547340
1352490
1501493
1490031
1249334
1478569
1386875
1249334
1214948
1467107
1432722
1237872
929075
1003401
995968
995968
780423
973670
854748
810153
817586
810153
854748
810153
981103
951372
884479
780423
787069
824254
731293
743688
768477
756082
663121
663121
780872
805662
656924
712701
756082
824254
768477
650727
894738
1114202
945384
970706
1131084
987588
1038234
920061
920061
953825
1088879
1071998
1122643
1055116
1029793
928502
2490791
2701875
2406357
2722983
2722983
2406357
2469682
2807417
2701875
2744092
2680766
2617441
2364140
2533008
2490791
2533008
2458272
2435081
2759758
3107627
2481463
3014862
2666993
2435081
3130818
2527846
2922097
2782950
2782950
2759758
2504655
2782950
2540158
2753816
2943735
3038694
2492679
2658857
2896255
2682597
3181133
3038694
2872515
2658857
2563898
2777556
2896255
3204873
2470620
2223558
2388266
2614739
2347089
2779447
2676505
2717682
2244146
2367677
2532385
2779447
2326500
2388266
2244146
2552974
566320
486021
469115
528283
536736
502926
566320
511378
460663
532510
557867
447984
481794
570546
460663
524057
586197
649004
638537
669940
649004
601899
612367
690876
669940
612367
659472
565262
596665
617601
622835
654238
1250476
1108377
1155743
1193637
1061010
1098903
1231530
1032590
1193637
1212583
1089430
1117850
1174690
1241003
1146270
1222056
1610564
1728410
1728410
1767692
1728410
1479624
1702222
1518906
1387966
1597470
1505812
1584376
1466530
1545094
1649846
1427248
821702
732525
700676
834442
713416
668827
853551
700676
694307
758005
713416
828072
777114
745265
694307
719786
930126
966745
944774
864211
944774
930126
769002
798297
981393
769002
930126
834916
952097
944774
893507
783649
3222454
2622928
3222454
2922691
3097553
2647908
3347356
3172494
3097553
2947671
3022612
3147514
3097553
3197474
2847750
2797790
2301883
2319321
2267006
2284444
2127498
2057744
1935674
1831043
2214690
1918236
2354198
2267006
2144936
2336760
2319321
2267006
1109997
1074477
1118877
1127757
1038957
1101117
1003437
1074477
1074477
1163277
1074477
976797
1074477
1030077
1047837
1145517
103712
88436
106124
105320
90044
98084
103712
96476
90044
85220
84416
97280
103712
88436
107731
106928
1918827
2043195
1954361
2274165
2380767
2256398
1936594
2203098
2309699
2060962
2380767
2345233
2345233
2309699
1883293
2114263
2470041
2252677
2213156
2252677
2509561
2094594
2153875
2331718
2568842
2568842
2292198
2114355
2509561
2450280
2410760
2074834
1970645
1918785
2229940
2126222
2108935
1901499
2299085
2316372
2247226
1832354
2005217
2126222
2005217
2005217
2022504
2057076
2780684
2527894
2296171
2275105
2506829
2527894
2843881
2675355
2654289
2738552
2801750
2296171
2759618
2696421
2822815
2464697
901952
1077331
1102386
1043926
1119088
985466
1018872
977114
910303
1018872
960412
952060
935357
943709
876898
1010520
2370272
2329405
2288538
2635906
2247671
2268105
2370272
2247671
2165938
2390705
2513305
2656339
2431572
2165938
2452005
2574605
792958
628493
640240
787085
628493
775337
634367
622619
728347
787085
751842
675483
687231
616745
698978
781211
1737023
1799618
1846565
1690076
1643130
2096947
1940458
1658779
1909160
1862214
2050000
2112596
1658779
1987405
1643130
1721374
2733943
3098469
3098469
3176582
2916206
3020356
2994319
3098469
3462995
2942244
2733943
3072432
3436957
3098469
3124507
2968281
214539
261533
249274
220668
220668
243144
218625
228841
273792
222712
226798
271749
247230
218625
251317
214539
724158
778021
795975
748097
789990
742112
754082
688249
736127
778021
640371
658325
724158
706204
736127
748097
41680
37512
36550
33985
42963
39115
36230
36550
42321
36230
35268
34947
39115
37833
41359
42321
2812020
2554251
2507384
2788586
2765153
2999488
3163522
3046355
2507384
3046355
3093222
2858887
2718286
2765153
2765153
3046355
557756
608926
588458
603809
567990
654979
629394
639628
670330
614043
573107
608926
680564
562873
675447
629394
1852891
1623193
1791638
1868204
1975396
1653820
1761012
1684446
1623193
2036648
1745699
2067275
1914143
1638507
2036648
1837578
1583295
1531806
1428827
1377338
1531806
1403082
1596167
1493189
1634784
1557550
1428827
1493189
1609040
1518933
1712018
1390210
366816
383877
355442
344068
318476
366816
327007
369660
338381
369660
355442
366816
344068
301415
341224
307102
1854879
1871741
1821154
1787429
2225855
2057229
1854879
2023504
1787429
1770566
2175267
2057229
2141542
2175267
1804291
1787429
11782
14619
14728
12437
11455
11782
13419
14292
12764
14619
12873
14619
12219
13201
13528
13964
2292756
2442749
2828447
2892730
2507032
2357039
2678453
2807019
2249901
2507032
2464177
2657026
2421322
2742736
2464177
2399894
881830
897577
999933
905451
968439
952692
913324
913324
889704
842463
921198
1055047
936945
960565
960565
999933
2799846
2799846
3171507
3344949
2824623
2725514
2626404
2948510
3072397
3295394
2651181
2973288
3344949
2601627
3295394
2874178
1752660
1931172
1768889
1833802
2060999
1947400
2077227
1752660
1703975
2077227
1882487
2012314
2012314
2158369
1866259
1850030
1171807
1086065
1105119
1124173
1238495
1238495
1219441
1047957
1228968
1162280
1019377
1248022
1257549
1047957
1105119
1238495
329102
282438
306998
267702
289806
297174
284894
297174
267702
282438
309454
279982
284894
321734
314366
326646
660067
630064
585059
595060
640065
550056
665067
610062
575058
670068
590060
655066
620063
525053
595060
675068
3301959
3223960
3119961
2937963
3223960
3379958
3067962
3509956
3119961
2911964
3067962
3353958
3171960
3119961
3301959
3197960
154077
167159
181695
168612
172973
162798
177334
184602
171520
161345
191869
174427
162798
159891
193323
170066
1468956
1740985
1482558
1836195
1781789
1536963
1455355
1550565
1781789
1591369
1509760
1795391
1468956
1645775
1455355
1591369
446234
463396
405043
405043
405043
415340
394745
401610
429071
442801
367284
360419
459964
367284
435936
384447
1555723
1697153
1452865
1491437
1530009
1722867
1607152
1735724
1594295
1427151
1504294
1671438
1375722
1620009
1620009
1735724
2806541
3150740
3441985
3283124
3071309
2965402
3203694
3336078
3574369
3309601
2833018
2859495
3177217
3124263
2806541
3203694
729762
784494
717599
656785
699355
723680
814900
638541
760168
735843
638541
784494
656785
760168
705436
650704
1408718
1195276
1141915
1216620
1408718
1344685
1387374
1376702
1269981
1120571
1269981
1376702
1323341
1291325
1408718
1398046
119495
119495
140644
121610
115265
120552
129012
129012
124782
132185
119495
127955
117380
117380
117380
131127
3456022
2837033
2914406
3069153
3378648
3120736
3378648
3172318
3120736
3146527
3198110
3430230
2965989
2888615
3094945
2708077
2598494
3104396
2897436
3104396
2575499
2713472
2690477
2874441
2644485
2575499
2943427
2920432
2460521
2460521
3035409
2483517
916957
969142
946777
790223
879682
797678
931867
790223
782768
894592
998961
931867
805133
864773
782768
864773
2732502
2891897
2755272
2527564
2686960
2641418
2914668
2937439
2709731
2413710
2436480
2732502
3028523
3074064
2527564
2914668
2718283
3333743
2820859
2872148
2872148
2897792
3077301
2769571
2974724
2743927
3077301
2743927
2897792
3205522
3461964
3128589
1297651
1332409
1436685
1332409
1355581
1552546
1343995
1309237
1436685
1552546
1355581
1239720
1459857
1343995
1332409
1228134
2772648
2728985
2903640
2554329
2838144
2728985
2881808
2488834
2685321
2597993
2794480
2881808
2772648
2336011
2597993
2816312
714866
676225
837231
830790
682665
740627
701986
850111
779269
727747
785709
772828
714866
837231
817910
747067
627480
643433
563668
680656
643433
659386
691291
691291
696609
558351
664703
638115
600892
680656
691291
632797
1704487
1691066
1503169
1744750
1637381
1570275
1516591
1811856
1798435
1436064
1798435
1704487
1691066
1530012
1650802
1785014
1627835
1840823
1688689
1810396
2053811
1719116
1673476
1597409
1840823
1977744
1810396
2053811
1749543
1734329
1916890
1597409
2315083
2116131
1899091
2423603
2278910
2079957
2007611
2116131
2260823
2242737
1989524
2152304
2260823
2134217
2188477
2098044
1951243
1918991
1951243
1918991
1951243
1870613
1693227
2144755
1822235
2031873
2064125
1806109
1854487
1789983
1870613
2064125
2243293
1907682
2013665
2278621
1872355
2278621
1978337
1943010
2366939
1943010
2349276
2066656
2048992
1960674
1907682
2101983
1560082
1773427
1413408
1600084
1440076
1666755
1453410
1680089
1480078
1786761
1693423
1733425
1680089
1760093
1760093
1493412
946838
931809
879207
789031
1006955
1014469
999440
924294
879207
886721
811575
961867
804061
909265
924294
931809
542313
491759
602060
482567
542313
510142
583676
620443
615847
551505
606656
620443
560697
560697
583676
496355
934177
1020529
942027
1051930
973428
1020529
847824
1044080
879225
1059781
855675
957728
902776
847824
832124
910626
569930
708417
719070
713744
687112
596562
575256
607215
719070
687112
697764
671132
564603
655153
607215
687112
2610664
2387530
2722231
2833797
2499097
2900738
2610664
2610664
2945364
2923051
2387530
2476784
2967678
2945364
2476784
2766857
865598
880146
858324
843777
952886
887420
974707
836503
778311
960160
945612
967434
931064
960160
916516
901968
1244767
1204934
1095395
1125269
1324432
1314474
1165102
1314474
1314474
1185018
1274641
1294558
1085437
1055562
1075479
1055562
2221687
2345114
2221687
2204055
2080627
2133525
1904303
1886671
1869038
2239319
2080627
2239319
2204055
1886671
2380379
2274584
827151
648140
759250
679004
827151
734559
746905
703695
765423
833323
666659
722214
820978
796287
759250
753077
2605252
2816488
2933842
2886901
2487898
2605252
2675664
2605252
3074666
2933842
2746076
2793018
2487898
3004254
3168549
2511369
777371
702513
777371
616139
679480
685238
650689
737063
685238
604622
690997
604622
633414
719788
604622
610380
1818072
2051158
1678220
2066697
1709298
1724837
1693759
1678220
2082236
2004541
1786994
1926845
2020080
1724837
2004541
2035619
159917
172884
175765
151273
188731
184409
154154
174324
170002
158477
161358
157036
175765
151273
161358
151273
1161238
1065196
925498
1126314
942960
942960
1039003
934229
969154
1135045
1047734
1021541
951692
977885
969154
1012809
1413448
1505379
1333008
1344499
1424939
1241076
1401956
1218093
1229585
1390465
1218093
1378974
1287042
1367482
1241076
1413448
456689
486392
438124
497531
393569
490105
423272
423272
460402
441837
441837
423272
482679
501244
400995
408421
1729973
1815757
1701378
1501216
1558405
1587000
1787162
1872946
1558405
1658486
1772865
1672784
1701378
1701378
1629892
1529811
1850748
1604945
1894125
1865207
1691699
1894125
1894125
1691699
1894125
1763994
1518191
1908584
1850748
1532650
1633863
1865207
2096660
1790225
1790225
2080532
1693456
1725713
2080532
1967635
1886994
1822482
1709584
1790225
1967635
1774097
1806353
2048276
3172255
2608299
3125259
3078262
2984270
3031266
2866779
3148757
2749288
2655295
2584800
2678793
3031266
2913775
2937273
2913775
1801301
1675993
1879618
1769974
2098907
2020590
1910945
1754310
1785637
1832628
1832628
1832628
2083244
1848291
1722983
2098907
2997611
2836201
2444206
2421147
2790084
2490323
2536440
2997611
2651733
2859260
2513381
2490323
3020670
2905377
2559499
2628674
3061388
2554993
3084406
2670083
2923280
2831209
3061388
2416885
2923280
2923280
2808191
2601029
2946298
2485939
2485939
2762155
28732
27525
31147
28249
26800
26559
27042
32354
31388
29215
27042
27042
30422
31388
30664
29456
594115
515209
626606
543059
533775
538417
524492
556983
496643
598757
608040
617323
538417
510568
566266
487360
1688802
1869745
1734037
2035609
2005452
1613409
1960216
1990373
1613409
1583251
1718959
1839587
1613409
1749116
1975295
1598330
221182
227106
250804
238955
246855
231056
219207
258704
219207
227106
215257
248829
254754
207358
256729
266603
2302750
2384991
2775636
2508352
2631714
2528913
2775636
2467232
2693395
2364431
2611154
2220509
2693395
2693395
2652274
2755076
1410978
1347325
1177583
1294280
1220018
1357934
1230627
1188192
1410978
1198801
1368542
1315498
1326107
1294280
1262454
1241236
321849
266960
306880
299395
264465
329334
324344
311870
294405
311870
301890
284425
289415
331829
334324
261970
2363477
2521042
2498533
2813663
3038756
2836173
2476024
2858682
2746135
2723626
3038756
2543552
2813663
2385986
2431005
2768645
1074765
1019174
1028439
1241539
1019174
1185948
1037704
1093295
1213743
972848
1121091
1176682
1065500
1185948
1019174
991378
2273935
2328509
2110211
2110211
2328509
2328509
2001062
2073828
2419466
2455849
2128403
2092020
2037445
1964679
2110211
2182977
2355817
2489888
2106828
2240899
2566500
2355817
2585653
2451582
2221746
2279205
2374970
2470735
2528194
2509041
2125981
2087675
1908247
1863170
1893221
1938298
1908247
1848145
1983375
1908247
1652812
1833119
1878196
1833119
1742966
1983375
1968349
1757991
1934883
1773643
1789767
2047751
1870387
1822015
1709147
1789767
1709147
1838139
1709147
1773643
2063875
1983255
2176744
1934883
2581809
3131638
2510092
2629620
3203355
3107733
3012110
2605714
3083827
3227261
2725242
2964299
2844771
2701337
2605714
2773054
503183
455875
524686
567693
481679
477378
559092
490280
477378
563393
451574
516085
481679
481679
533288
550490
2692888
3347234
3322067
2692888
2869058
2642553
3070395
2818724
3045228
3196231
2768389
3145897
2793556
3095563
2718055
2944560
985623
1025689
1073768
1001650
921517
929531
905491
873438
937544
849399
1025689
905491
1057742
1025689
945557
1057742
2035345
2449952
2374569
2091882
2412261
2318032
2431106
2355723
2016499
2035345
2016499
2318032
2431106
2261494
2431106
2355723
3119080
2846780
3119080
3242853
3317117
2970553
2846780
2747761
2648743
3193344
2747761
2871534
2871534
3267608
3044817
2747761
3190560
3067846
2601533
3166017
2969675
2969675
2773333
2748790
3288731
3190560
2822418
2699704
2576990
2699704
3313273
3092389
579777
648925
627649
606372
601053
606372
664882
606372
579777
654244
569139
648925
659563
659563
622330
680839
1294521
1202055
1181507
1356165
1109589
1366439
1099315
1376713
1119863
1202055
1191781
1304795
1171233
1222603
1325343
1202055
222602
224702
275102
270902
281402
243602
224702
256202
226802
268802
262502
254102
275102
249902
224702
226802
1101957
1275413
1163177
1173380
1091754
1081550
1203990
1163177
1071347
1326430
1265210
1081550
1336633
1142770
1265210
1122364
1539964
1539964
1910696
1568482
1511446
1839401
1924955
1525705
1611259
1668294
1924955
1924955
1896437
1725330
1625518
1525705
1802929
1817587
1685665
1568401
1949508
1773613
1553743
1832245
1802929
1627033
1539085
1846902
1905534
1773613
1920192
1876218
186569
178527
173702
186569
204261
184961
209086
175311
212303
194611
181744
176919
186569
188178
197828
188178
2777760
3089285
2751800
3167166
3478690
3452730
3374849
3504651
3115245
3296968
3167166
2777760
3348889
3063324
2803721
2907562
2261294
2057407
2224224
2057407
2409576
2391040
2075942
2094477
2075942
2409576
2001801
2335435
2113012
2428111
2038872
2020336
1310577
1208894
1208894
1412260
1321875
1186298
1220192
1525240
1423558
1321875
1299279
1254086
1502644
1423558
1423558
1434856
1185276
1257423
1381104
1092515
1350184
1102822
1164662
1360491
1226503
1350184
1278037
1216196
1133742
1298650
1154356
1205889
1557740
1571649
1724641
1682916
1557740
1724641
1529924
1613374
1613374
1599465
1557740
1627282
1696824
1808092
1585557
1460382
272626
226842
276788
239328
226842
255977
241409
270545
268464
239328
249734
228923
249734
264302
243491
251815
2227262
1828349
1745242
1994563
1795106
2144155
1795106
1911456
1745242
1795106
2094291
2160776
2194019
2144155
2127534
1928077
290348
287659
336051
282283
298413
306478
282283
309167
301101
322609
309167
338739
341428
290348
346804
346804
2317938
2404590
2447916
2426253
2902839
2599557
2772861
2837850
2816187
2837850
2859513
2902839
2794524
2274612
2426253
2577894
1781602
1998493
1967509
1735126
1890048
1642173
1642173
1704142
1967509
2091447
1952017
1766110
2060462
2044970
1735126
1936525
203309
174940
174940
187548
201733
189124
170212
209613
185972
181244
171788
208037
212765
198581
179668
189124
1230986
1121786
1300477
1042367
1062222
1042367
1111858
1082076
1340186
1280622
1151567
1201204
1260768
1330259
1230986
1161495
834800
743494
776103
821756
730450
841322
854366
756538
782625
750016
795669
795669
860888
730450
704363
756538
1483812
1577386
1724430
1697695
1737798
1564018
1470444
1684327
1657592
1416974
1697695
1737798
1483812
1670960
1443709
1751166
1617740
1545304
1484940
1509086
1448722
1388359
1484940
1605667
1472868
1388359
1279705
1436650
1400432
1303850
1593595
1484940
474574
437754
474574
499121
523668
486848
486848
445936
531850
499121
429571
474574
527759
515486
535941
544124
610985
513041
573673
564345
513041
601657
559681
499049
550353
489721
587665
531697
601657
494385
522369
624977
3081709
2641465
2919514
2432928
2803660
2942685
2687807
2432928
3012197
3058539
2595124
2479270
2710977
3104880
2548782
2965856
1906836
2169244
1906836
1994305
2186738
2029293
1906836
2064281
2326690
1941824
2116763
2011799
1924330
2081775
1906836
2256714
1316470
1416879
1249531
1204905
1305314
1494975
1305314
1494975
1227218
1349940
1450348
1182592
1271844
1283000
1439192
1461505
2725552
2601663
2750330
2973330
2824663
2849441
2775108
2948552
2898996
3097218
3320218
3295440
2898996
3022885
2998107
3295440
1018020
871487
886912
994884
994884
925473
925473
871487
917761
817501
848350
948610
1025733
994884
1041157
917761
3191851
2917551
2792870
3141978
2942488
2792870
2792870
3341469
2668188
3241724
2992360
3141978
3042233
2867679
2867679
2643252
767083
741933
697920
741933
829959
829959
704207
842534
666482
779658
716782
779658
735645
704207
716782
823671
341486
349815
294288
330380
360920
297065
349815
294288
302617
358143
319275
369249
322051
333157
358143
299841
2422000
2508500
2530125
2465250
2854500
2530125
2378750
2703125
2486875
2832875
2357125
2270625
2659875
2768000
2573375
2443625
419442
412083
496708
415763
437839
470952
430480
415763
412083
401045
478311
390007
474632
496708
478311
404725
226183
192171
214279
187069
226183
190470
197273
178566
188769
195572
178566
188769
198973
185368
200674
204075
2703571
2474807
2350027
2516400
2350027
2661977
2350027
2246043
2183653
2412417
2620384
2308433
2204450
2661977
2599587
2620384
1785039
1651827
1638506
1491973
1531936
1785039
1505294
1705112
1398724
1531936
1625185
1571900
1438688
1691791
1558579
1705112
1156797
1167126
1394354
1229097
1167126
1301397
1094826
1249754
1280740
1198111
1084497
1239426
1280740
1156797
1094826
1342711
77527
80812
74242
72928
84097
72271
86725
84097
87382
88039
84097
75556
80812
78184
72928
86725
898417
1039039
843731
976541
960916
1031227
1046852
898417
976541
1039039
968728
851543
898417
874980
976541
835919
961713
1025828
1016668
1062464
998350
961713
1062464
1144897
1181534
1025828
1181534
1135738
980032
980032
1053305
1218170
2558673
2202136
2663536
2432836
2789373
2789373
2600618
2307000
2348945
2558673
2726454
2244082
2747427
2369918
2747427
2810345
2177498
2263227
2228935
1937459
2040333
2246081
2126061
2297518
2023187
1988896
1800294
1817439
2228935
2126061
2006042
1886022
945536
1013614
885021
869893
794250
885021
990921
869893
930407
862329
907714
1013614
1013614
915279
915279
847200
966640
966640
829636
860081
844858
898138
799190
936194
875304
837247
898138
905749
1012308
974251
928583
860081
2873620
2898828
2671963
3302143
2797999
2747584
2873620
3075278
2924035
2697170
2697170
3125692
2646756
2797999
2999656
2646756
2638313
2683413
2863810
2593214
2728512
2457916
2931459
2412816
2908910
3044208
2412816
2908910
2480465
2728512
2367717
2525565
2869135
2961688
3077379
2799720
3054241
2869135
2707168
2545200
2799720
2452648
2799720
2961688
3054241
3123655
3054241
2938550
619291
591141
525459
539534
577066
572375
553608
567683
492618
567683
572375
614599
539534
520767
558300
492618
2933315
2520478
2542206
2889858
2846402
2433565
2411836
2390108
2477021
2933315
2846402
2455293
2629119
2520478
2889858
2411836
2061648
2042198
2450638
2314491
2450638
2489537
2625683
2508986
2431188
2411739
2508986
2586784
2586784
2431188
2139446
2217244
2709264
2688894
2729634
2525930
2322226
2648153
2546301
2505560
2709264
2179633
2261115
2627782
2648153
2546301
2179633
2200004
2208895
1793689
1760473
1860122
1860122
2059421
2059421
2076030
2109246
2142462
1843514
1959772
2142462
2009597
1893339
1876731
1313154
1129923
1099384
1272436
1313154
1150282
1211359
1353872
1180820
1211359
1313154
1323333
1079025
1109564
1099384
1119743
1682547
1581014
1668042
1581014
1943632
1871108
1929127
1581014
1740566
1595519
1842099
1784080
1552005
1581014
1537500
1668042
2281489
2776530
2668912
2668912
2561295
2647389
2604342
2324536
2841100
2475201
2862624
2862624
2303013
2862624
2324536
2582818
1538788
1515473
1527131
1503816
1538788
1387241
1282323
1247351
1259008
1375583
1305638
1562103
1515473
1468843
1235693
1550446
203458
234759
229542
191285
226064
219108
201719
227803
212153
182590
222586
206936
212153
222586
189546
212153
2541680
2453274
2519578
2983711
2961610
2409071
2497477
2409071
2563782
2519578
2519578
2917407
2939508
2630086
2806899
2475375
94275
99775
87990
100560
82491
104488
84848
102131
104488
89561
86419
91918
94275
97418
102917
85633
1929644
2114219
1812188
2080660
2181337
1879306
1896085
2097440
2047101
2080660
2047101
2147778
1963203
2114219
2047101
2214896
945647
1013193
885606
840575
863091
810555
923132
960657
1005688
945647
915627
825565
923132
1013193
998183
863091
2462373
3043122
3089582
3136041
2694673
3019892
2508833
2694673
2532063
3112811
2787592
2624983
2485603
2578523
2903742
2648213
2542676
2268849
2405763
2171054
2386204
2327526
2151495
2503558
2347086
2640471
2171054
2562235
2151495
2307967
2210172
2092818
1833655
1916252
1850175
2230121
1784097
2180563
1949291
1949291
1965810
1767577
2048408
1767577
2064927
1767577
2031888
1850175
134961
122163
129144
141942
148922
155903
152413
141942
140778
151249
130307
136124
146595
122163
124490
150086
1158768
1106097
1158768
1053426
1158768
1062204
1149990
1149990
948083
1167547
1185104
983197
930526
1106097
1149990
1158768
1418194
1439682
1353731
1192572
1450426
1128109
1332243
1396707
1192572
1300011
1203316
1439682
1267780
1407450
1138853
1278524
2241632
2056373
2297210
2056373
2204580
2352788
2389839
2500995
2074899
2167529
2111951
2019322
2093425
2463943
2260158
2500995
2183488
2252805
2114170
2339451
2096841
1871561
2027524
2079512
1958207
2010195
2148829
2096841
1923548
2166158
2304792
2322122
2051566
1944528
2140765
2265643
1980207
1962368
2372681
2372681
2140765
2319162
2301322
2105085
2033726
2140765
2069406
1891009
278759
274335
254423
245574
276547
241149
247786
272122
236724
289821
236724
283184
280972
256636
245574
249998
1166628
1213293
1063965
1054632
1073298
998634
1213293
1045299
998634
1110630
1026633
1259959
1054632
1101297
1259959
1082631
2680992
2435234
2636308
2904408
2479917
2345868
2636308
2591625
2926749
2680992
2613967
2859724
2569284
2815041
2837383
2792700
1062791
1079017
965436
1079017
932984
884307
932984
1062791
989775
1038452
1006000
1022226
868081
1079017
949210
1062791
1755509
1755509
1958625
1886084
1711984
1958625
1842559
1813542
1711984
1711984
1871575
1755509
1871575
1552392
1857067
1799034
1345580
1324556
1335068
1377117
1135333
1166870
1103796
1114309
1124821
1408654
1208920
1156358
1356093
1187895
1177383
1187895
318572
313745
308919
325813
263063
282371
294438
316159
320986
258237
313745
306505
323399
292025
320986
313745
2126284
2107299
2164253
2543947
2240192
2240192
2050345
2354100
2430039
2012376
2505977
2145268
2278161
2164253
2335115
2316130
2913534
3296894
2760190
2836862
3450238
2862419
3424680
2964649
3322451
3066878
3143550
3220222
2709075
2913534
3169107
3245779
1802953
1949535
1890902
1612397
1846928
1978851
1627055
1846928
1890902
1627055
1876244
1788295
1773637
1832270
1729662
1949535
1491974
1564166
1624326
1263365
1311493
1624326
1335557
1335557
1419781
1275397
1467910
1540102
1287429
1516038
1419781
1528070
695849
680035
690578
627319
685306
595689
622047
637862
616776
695849
564060
669491
600961
680035
658948
595689
1352986
1710378
1340222
1633794
1659322
1531682
1531682
1710378
1416806
1608266
1723142
1531682
1646558
1710378
1621030
1608266
814742
881525
754638
761317
888203
707891
808064
901559
788029
868168
814742
761317
874846
788029
701213
794708
1618981
1803601
1491166
1675787
1661586
1903013
1491166
1491166
1547973
1576376
1846206
1860408
1789400
1860408
1860408
1903013
2946062
2765163
2842691
3152803
3101118
3075275
3333701
3282016
3359544
2946062
3437072
3488757
2713478
3359544
3437072
2739320
730106
790948
809201
687516
736190
736190
687516
717937
657095
809201
760527
760527
724022
772695
730106
790948
792758
967310
880034
887307
967310
814577
770939
981856
872761
945491
901853
894580
865488
850942
894580
858215
61080
70388
67479
65734
77950
74460
64570
78532
66316
74460
68642
70388
78532
63407
73878
76787
2432259
2243549
2767743
2411291
2641936
2453226
2516130
2830646
2537097
2704839
2453226
2809678
2348388
2725807
2620968
2243549
1663996
1882943
1912136
1722382
1634803
1591014
1751575
1882943
1795364
1897539
1605610
1955925
1882943
1955925
1707785
1663996
1788955
1677146
2044520
2076466
1900765
2060493
2060493
2076466
1916738
1709091
1757010
1741037
1772983
2140357
2028548
1996602
536894
487335
541024
528634
437775
528634
528634
433645
454295
474945
458425
479075
462555
545154
474945
549284
979704
987358
956742
949088
1033281
987358
926126
895510
918472
949088
1017974
849587
956742
1017974
910818
956742
1428502
1216872
1132220
1259198
1111057
1386176
1280361
1121639
1216872
1269780
1312106
1142802
1238035
1111057
1153383
1386176
1422363
1422363
1365469
1263059
1445121
1251680
1490637
1502016
1513395
1433742
1433742
1331332
1513395
1536152
1388227
1319953
662848
569635
595527
642134
585170
688740
626598
564456
600706
678383
590349
631777
647312
657669
683562
574813
1011387
984772
1002515
1011387
958156
975900
949284
1011387
1179952
1100105
949284
1100105
1144464
1011387
1038002
1038002
36386
35577
28300
29109
32613
34230
30726
30726
36117
32074
32882
29109
35847
34499
29917
29917
857869
857869
776167
851061
830635
776167
905529
782976
891912
878295
898720
857869
755742
851061
837444
891912
2035183
2464626
2221897
2109869
2128540
1997840
2520640
2296583
2053855
1979169
2165883
2296583
2352597
1960498
1997840
2501968
1625507
1702912
1873203
1826760
1950608
1935127
1687431
1811279
1671950
2058975
1780317
1826760
2058975
1935127
1888684
1671950
907219
833462
848213
899843
921971
811334
781831
907219
840837
892468
914595
980977
774455
921971
980977
818710
50812
48997
53080
48090
56710
60339
53080
49904
59432
56710
57163
49904
48997
56710
57163
55348
818640
902020
1023300
992980
992980
1008140
856539
841380
932340
992980
1015720
977820
886860
826220
917180
1015720
2057997
1780330
1829330
1878330
1976330
2090663
2188663
1894663
1976330
1714997
1763997
1910997
1829330
2204996
1910997
1731330
240274
213577
245995
205949
249809
209763
251716
200228
245995
228832
247902
211670
226925
217391
238367
251716
429246
456074
494400
475237
475237
475237
494400
433079
440744
494400
475237
479070
498232
433079
444576
433079
439610
533231
521020
508808
512879
472174
492526
533231
521020
431469
480315
447751
464033
476244
476244
459963
2739327
2639715
2614812
3237387
2814036
2789133
2689521
2764230
3361902
2863842
3336999
3237387
2614812
2614812
3038163
2838939
2028426
1791776
2028426
1893197
2045329
1994618
1825583
1808679
1825583
2112943
1876294
2096040
1842486
1977715
2197461
2281979
1178145
986150
925062
1143237
1099602
1125783
1099602
986150
1064694
1117056
1021058
933789
1029786
1064694
925062
1021058
2494068
2474116
2174827
2593831
2154875
2573878
2134922
2214733
2374353
2154875
2653689
2194780
2214733
2633736
2514021
2653689
474242
447253
451108
420263
443397
458819
424119
416408
466531
439541
439541
474242
451108
454964
416408
416408
1841080
1699458
1793873
1966966
1652251
2029909
1762401
1919759
1762401
2108587
1825344
2029909
2029909
1888287
1919759
1951230
1918709
2187686
2241482
2026300
2349073
2349073
2331141
1972504
2420801
2008368
2313209
1882845
2008368
2080095
1954572
1954572
2866590
2822825
2800943
2625884
2560237
2582119
2757178
2428943
2385178
2407060
2385178
2735296
2800943
2932237
2385178
2560237
2718329
2320525
2740429
2408926
2386825
2519427
2585728
2607828
2740429
2497327
2939331
2607828
2342625
2674129
2850930
2696229
770923
801037
770923
776946
644443
740809
764900
716717
632398
752855
801037
668535
734786
680580
746832
662512
2229518
2300863
1908468
2193846
2104665
2033321
1890631
1872795
1908468
2390044
1926304
1908468
2051157
2104665
2122501
2247354
2705667
3206717
3131560
3306927
2830930
2855982
2680615
3306927
2981245
3031350
2981245
2906087
2680615
2805877
2931140
3357032
3029489
2662278
2501624
3075391
2891785
2868835
2777032
2593426
3098341
2799982
2547525
3029489
2409821
2662278
2409821
2891785
2806987
2702249
2283296
2660354
2786040
2429929
2555615
2492772
2513720
2367086
2660354
2492772
2513720
2199505
2513720
2555615
2339685
2298995
2563481
2217614
2278650
2421065
2176924
2665206
2624516
2726242
2421065
2746587
2421065
2705896
2726242
2278650
1522298
1476514
1384947
1327718
1213260
1304826
1281935
1522298
1522298
1533743
1247597
1259043
1499406
1201814
1201814
1384947
349032
337099
340082
384830
331132
343065
372897
349032
313233
393779
354998
369914
316217
375880
402729
402729
803039
803039
976669
766866
904323
868150
824743
926027
954965
918792
911558
795804
940496
788570
976669
947731
240517
236900
197115
193498
227858
189882
207965
193498
227858
193498
217008
211582
189882
197115
191690
240517
1257317
1352209
1435240
1292902
1375932
1340348
1411517
1506409
1435240
1458963
1316625
1281040
1257317
1399655
1352209
1399655
518282
502926
518282
445339
449178
502926
518282
460695
518282
495247
487569
441499
487569
464534
456856
429982
686843
870002
765340
765340
856919
713009
870002
706467
699926
745716
830753
837295
830753
850378
771881
693385
1424270
1287540
1253357
1207780
1390087
1504029
1492634
1230569
1196386
1435664
1515423
1287540
1401481
1276145
1287540
1253357
2358149
2108042
2072313
1965124
1982989
2304555
2054448
2072313
2000854
2340284
2090178
2054448
2179501
2268825
2286690
2179501
8293
8707
8846
8776
7532
8638
7463
7463
7740
8846
8224
9122
8776
9260
8293
8154
1301144
1188976
1469395
1222626
1245060
1390878
1402095
1503045
1177759
1503045
1222626
1267493
1402095
1245060
1424528
1402095
1523306
1381303
1510397
1510397
1523306
1394213
1742766
1510397
1368394
1355484
1394213
1420031
1471669
1678219
1432941
1407122
257964
211062
244285
211062
207153
228650
244285
232559
256010
207153
254056
226696
232559
226696
246239
242330
1794366
1903589
1950398
2028414
1966001
2090827
1856779
1669541
1825573
1997208
1825573
1887985
1966001
1841176
1700747
1825573
1700908
1840073
1886461
1870998
1747296
1840073
1809147
1716370
1639056
2087478
1932850
2041089
1623594
2010164
1623594
2087478
2437452
2220789
2094403
2256900
2022182
2076347
2076347
2004127
2311065
2311065
2184679
2293010
2004127
2220789
2166624
2058292
2843192
2437022
2608041
2650796
2586664
2437022
2608041
2629418
2650796
2885947
2266003
2864570
2394267
2800438
2864570
2608041
2639630
2384182
2235170
2575768
2703492
2554480
2341607
2320320
2809928
2682204
2724779
2873790
2809928
2533193
2384182
2873790
1530832
1346672
1519322
1392712
1496302
1208552
1381202
1450262
1300632
1427242
1266102
1300632
1220062
1404222
1254592
1415732
844924
949534
997815
1046097
933440
1062190
1086331
981721
877112
1054143
933440
1038050
917346
941487
909299
997815
507497
479303
422914
491386
443053
430970
539719
447081
531664
519581
491386
539719
447081
471247
523608
434998
2027167
2177328
2533959
2214868
2327488
2008397
2327488
2139787
2252408
2271178
1989627
2102247
2045937
2289948
2121017
2252408
649871
543251
609254
533097
594023
649871
680334
548328
675256
553406
654948
538174
639717
553406
568637
533097
223025
206967
187341
201614
192693
190909
231946
217672
190909
205182
224809
235514
215888
231946
231946
196262
3031754
2874552
2964382
2941924
2492775
2964382
2852094
2874552
2492775
2874552
2537690
3031754
2560148
2672435
2874552
2470318
1860999
1799478
1707197
1891759
1784098
1645677
1799478
1968660
2076321
1891759
2014800
1953280
1691817
1753338
1907139
1691817
429932
453818
457798
505569
429932
477703
533435
481684
525473
453818
537416
457798
449837
513530
485664
429932
619160
557244
603681
567563
541765
541765
572723
660437
655278
583042
655278
572723
639799
588202
541765
598521
67310
60171
59151
61191
58132
57622
60681
57112
65271
57112
63741
68840
62211
56092
64251
67820
596082
514798
528346
514798
600598
578019
600598
550925
568988
587051
523830
573504
519314
564472
505767
564472
1569400
1676710
1609641
1542573
1623055
1582814
1623055
1730364
1649882
1529159
1475504
1542573
1502332
1448677
1529159
1529159
2593593
2672786
2118430
2098632
2494600
2217423
2237221
2177826
2633189
2494600
2356011
2593593
2197624
2514399
2573794
2514399
2957365
2709037
2641311
2844489
2618735
2551010
2799338
2392982
2483284
2799338
2844489
2934790
2551010
2754187
2505859
2573585
322608
317404
301794
346023
288786
293989
299193
312201
333015
288786
335616
325210
348625
335616
304396
278379
935262
997612
1044375
989818
943055
833941
826148
974231
950849
927468
888498
989818
911880
841735
1036582
1028788
1087241
996638
897798
955454
963691
1070768
996638
1103715
881324
864851
864851
864851
914271
1103715
864851
938981
1601447
1540786
1273878
1298143
1577183
1504390
1346671
1407332
1540786
1298143
1540786
1637844
1492258
1383068
1431597
1601447
2834996
2694417
2670988
2530409
3092723
2717847
2952144
2834996
2483550
2647558
3092723
2952144
2670988
2553839
2975574
3139582
1165048
1231352
1004025
1022969
1108216
994553
1278711
1060857
1269239
1165048
1212408
1231352
1022969
1155576
1070329
1174520
2602219
2649106
3071088
2836653
3047644
3094531
2485002
3047644
2860097
2813210
2625663
2977314
2930427
2813210
2977314
3071088
202256
198828
179974
190258
219397
224539
221111
179974
214255
209112
186830
185116
222825
195400
183402
203970
147857
136675
160282
152827
137917
139160
131705
149100
167737
149100
139160
140402
137917
142887
162767
156555
1145475
1038087
1038087
1073883
1109679
957546
1020189
984393
1029138
1163373
1002291
1055985
1002291
1199170
1091781
1136526
1483429
1533292
1308907
1308907
1408634
1620552
1433565
1533292
1645484
1595621
1446031
1520826
1608086
1570689
1433565
1396168
2113409
2015111
1785749
1834898
1769366
2031494
1916813
1736600
1982345
1851281
2146175
1998728
1916813
1802132
1884047
1785749
2288832
2839847
2246446
2458375
2670304
2246446
2818654
2712689
2564339
2415989
2733882
2437182
2712689
2564339
2839847
2585532
2897348
2517368
3182333
2564866
2944846
2541117
3134836
2541117
2588614
2731107
3134836
2849851
2873599
2707358
2849851
2754856
299574
254861
261568
241448
277218
239212
295103
279453
288396
277218
252626
299574
241448
268275
295103
283925
829917
844477
793517
866317
902717
960957
851757
873597
764397
800797
771677
946397
909997
895437
859037
786237
565908
612634
685320
591867
664552
623018
602251
597059
576292
633402
674936
571100
623018
695703
633402
695703
65797
61757
69837
64065
74454
75032
75032
70991
69837
62334
65797
68683
70991
70414
75032
68683
781665
781665
669105
731638
719131
669105
800424
706625
675358
712878
675358
712878
787918
762905
844198
694118
1702196
2127745
2033179
1859807
1765240
1670674
2017418
2127745
1985896
1686435
1749479
1922851
2033179
2001657
1812524
2127745
2098208
2282262
2355883
2319072
2337478
2374288
2282262
1969371
1932560
2098208
2208640
2098208
2300667
2098208
2098208
2466315
1526334
1742324
1627129
1612730
1886318
1742324
1583931
1871919
1526334
1886318
1727925
1684727
1655928
1655928
1655928
1771123
3297212
2904686
3480390
2852350
3428053
3323380
2878518
3271043
2747676
2800013
3192538
3349548
2747676
2957023
3454222
2983191
3037414
2689618
2712805
2735991
2689618
3060600
3014228
3014228
2759178
2921482
2712805
3060600
2504127
2504127
2828737
2434568
1353103
1155088
1430109
1342102
1353103
1177089
1441110
1232094
1419108
1331101
1419108
1386105
1408107
1353103
1177089
1276097
2592190
2782442
2592190
2544626
2853787
2639753
3186729
2497063
3067821
2758660
2925131
2972695
3044039
2853787
2901350
2711097
2422588
2278875
2422588
2668953
2771605
2402057
2484179
2751074
2771605
2299405
2648422
2360997
2402057
2443118
2217284
2258345
1663161
1942807
1633724
1883934
1619006
1560133
1957525
1648442
1913371
1589569
1589569
1854498
1545415
1619006
1574851
1619006
2746190
2798005
3186617
3316154
2953450
3367969
3186617
2798005
3264339
3238432
3212525
2901635
2901635
3082987
3445692
3290247
2877416
2490898
2834470
2297638
2727104
2898890
2877416
2383531
2619737
2297638
2770050
2834470
2812997
2555317
2340585
2555317
1857714
1524989
1760669
1788396
1843850
1594307
1788396
1580443
1594307
1677488
1594307
1760669
1677488
1483398
1538852
1788396
1843656
2209066
2242285
2092799
1959923
2126018
2109409
2009751
2076190
2175847
2092799
1843656
1926704
2059580
2092799
1827047
2248932
2500968
2035671
2345869
2345869
2404031
2248932
2617292
2345869
2578517
2520355
2190770
2326482
2113221
2559130
2229545
1190279
1268975
1308323
1141094
1229627
1062398
1131257
1141094
1268975
1062398
1318160
1268975
1141094
1219790
1052561
1032887
2844524
2869476
3044140
3168900
3168900
2619956
2694812
2819572
2944332
3318612
2769668
3094044
3143948
3268708
2869476
2669860
204160
211261
207711
229014
191733
230790
191733
221913
186407
189958
205935
218363
207711
218363
205935
234340
2165432
2681012
2309795
2639765
2516026
2309795
2619142
2289171
2598519
2412910
2536649
2351041
2392287
2371664
2660388
2454157
1742738
1652597
2028187
1998140
1727715
2028187
1622549
1938045
1923022
1712691
1847904
1592502
1727715
1892974
1892974
1877951
521900
427009
427009
517946
494223
502131
423055
446778
430963
462593
446778
482362
462593
434916
474454
458639
351203
343340
298784
324994
288301
275196
314510
327615
314510
335477
290922
314510
348582
301405
327615
301405
1072126
1151543
1300450
1280595
1240887
1230960
1042345
1111835
1141616
1300450
1062199
1201179
1171397
1062199
1280595
1062199
1005752
916352
879102
953602
908902
916352
841852
901452
797152
901452
953602
894002
946152
916352
864202
908902
1452012
1486312
1543477
1452012
1349114
1291948
1200482
1440579
1463445
1417713
1543477
1463445
1337680
1280515
1509178
1417713
1195091
1410423
1184324
1421189
1388890
1302757
1421189
1388890
1324290
1270457
1141258
1173558
1367356
1205858
1291990
1453489
2133836
2153779
2672281
2612454
2113894
2692224
2253491
2193664
2492800
2333260
2652339
2133836
2592512
2472857
2572569
2273433
2358163
2522209
2153105
2604232
2276140
2173611
2542715
2481198
2276140
2604232
2501703
2153105
2665750
2419680
2706761
2583727
1677864
1877976
1770223
1939549
1754830
1954942
1662471
1877976
2062695
1616291
2016515
1616291
1847190
1939549
2016515
1754830
2198280
2278951
2258783
2339454
2641970
2278951
2218448
2702473
2258783
2278951
2379789
2561299
2278951
2500796
2399957
2662137
835959
972884
922438
864786
792720
850372
958471
814340
835959
944058
951264
843166
821546
828753
951264
908025
1343883
1379248
1591440
1355671
1556075
1332094
1473556
1308517
1591440
1556075
1332094
1402825
1556075
1426402
1556075
1355671
70096
69517
75889
70675
72993
69517
69517
63724
64303
63724
71255
72993
76468
74730
63724
67779
178320
172326
172326
190308
181317
173824
179818
200797
170827
202296
194803
175323
185812
193305
188809
188809
2620600
2667397
2901379
2620600
2503609
2971573
2527007
2573804
2550405
2714193
2456813
2948175
2573804
2948175
2924777
2948175
2079932
1775552
2265942
1944652
1944652
1792462
1995382
2147572
2164482
1877012
2029202
2265942
2096842
1826282
2164482
2130662
2146594
1996832
2013472
2196515
1980192
1763868
2229796
2013472
2246436
2113314
2063393
2196515
2163235
1896990
1780508
1813789
964617
873472
805113
1025380
979807
964617
850685
820304
896258
949426
1017784
881067
1025380
843090
850685
987403
2689221
2621991
2778862
2666811
2868503
3025374
2509940
2711631
3025374
2734041
2509940
2397889
2689221
2375479
2711631
2554760
2399142
2256820
2663455
2216157
2317816
2541465
2683787
2216157
2399142
2378811
2521133
2378811
2195825
2175494
2521133
2277152
3000478
2895198
3211038
3237358
2895198
2868878
3447918
3553198
2842558
3395278
3132078
2947838
3395278
2868878
3474238
3053118
2135831
2266978
2154566
2285713
2510538
2341920
2098360
2098360
2154566
2210772
2023418
2379390
2117095
2060889
2266978
2379390
2212784
2287794
2081517
2044012
2475318
2212784
2100269
2400308
2437813
1969003
2381556
2119022
2194031
2344051
2400308
2194031
2450993
2683414
2810190
2535510
2450993
2239700
2767931
2683414
2598897
2429863
2535510
2767931
2852448
2281959
2408734
2472122
3541362
2933516
2774948
3277081
3144941
2907088
3065657
3197797
3435650
3382794
3488506
2880660
2880660
3012801
3250653
2801376
1298794
1239758
1322408
1393251
1499516
1582167
1499516
1416866
1511324
1523131
1499516
1582167
1511324
1475902
1275179
1334215
1795417
1730129
2105535
1958637
1942315
1974959
2007603
1893349
2072891
1795417
2203467
1795417
2105535
1811739
2089213
2056569
553005
597965
561997
553005
588973
602461
602461
490061
597965
575485
481069
544013
476573
472077
521533
526029
687643
653824
682006
687643
653824
591824
676370
698916
744007
631279
665097
597460
693279
591824
620006
749643
2025988
2267620
2323381
2230446
2156097
2304794
2156097
2025988
2434903
2472077
2118923
2379142
2100336
2211858
2100336
2434903
2533121
2784340
2742470
2386577
2365642
2679665
2449382
2784340
2281903
2763405
2616861
2386577
2574991
2240033
2826210
2658731
984587
1063354
1031847
905820
1039724
897943
945204
827053
1000340
850683
976710
1039724
890067
1000340
1031847
897943
2495597
2403168
2329224
2218309
2292252
1996478
1977992
2014964
2070421
1941020
2218309
2347710
2477111
2458626
2236795
2236795
1077310
1163494
956651
913558
1103165
913558
939414
999743
1008362
948032
956651
1077310
991125
1077310
1016980
1137639
1892551
1964648
2090818
2397231
2126867
2162916
2379207
2379207
1892551
2397231
2144891
2415256
1982673
2343159
1892551
2415256
2522087
2565571
2500344
2522087
2826476
2326407
2413376
2630797
2348150
2696024
2674281
2761250
2848219
2891703
2609055
2609055
1766444
1529991
1835989
1808171
1474355
1669081
1641263
1502173
1835989
1766444
1849898
1682990
1460446
1752535
1543900
1849898
2184068
2132067
2114733
2218736
2288072
1906726
1906726
2166735
1820057
1889392
2201402
2218736
2201402
2270738
2236070
2184068
2918736
3263678
3131008
3369814
3449416
3210610
2945270
3529018
2865668
3290212
3316746
3502484
3449416
3184076
3529018
3555551
3280234
2836293
3132254
3304898
3107590
2934946
2614322
3304898
3230908
2910283
3181581
3033600
3181581
2959610
2811629
3082927
1192192
1136308
1126994
1126994
1089738
1229448
1257390
1117680
1015226
987284
996598
1080424
1005912
1201506
1248076
1052482
1466189
1736276
1736276
1376160
1723415
1389021
1401882
1466189
1723415
1671970
1671970
1543357
1633386
1569079
1350437
1620525
2863605
3110467
2937663
2740173
3184526
2789546
3036408
3233898
3307957
2962350
2863605
3110467
3332643
3036408
3110467
2764860
1087879
941745
941745
990457
901153
1031049
966101
990457
1071642
868679
1006694
974220
998575
901153
949864
901153
276199
300427
281044
271353
256816
312541
271353
312541
319809
290736
256816
319809
295581
298004
259239
271353
2467758
2537600
2793688
2770408
3096338
2956653
3049776
2654004
2654004
2491039
2793688
2560881
2956653
2444477
2933373
2677285
1801511
1743398
1917738
1903209
1670756
1801511
1743398
1888681
1757926
1786983
1743398
1670756
1786983
1627171
1874153
1641700
1691716
1723635
2026867
2154544
2058787
1978989
1819393
1835352
1819393
1883231
1819393
1835352
1899191
1835352
1675756
1803433
2747395
2816657
3001356
3116793
2493434
3116793
2631959
2701221
2631959
2978269
2770483
2724308
3116793
2747395
3047531
2447260
561332
566171
595205
571010
527458
512941
522619
532297
614561
551653
585527
566171
619400
508102
541975
638757
948206
1001305
819250
811664
864764
887521
955791
849592
917863
895106
842007
986134
963377
887521
933034
925449
1541698
1402598
1530107
1518515
1518515
1240314
1506923
1263497
1286680
1541698
1367822
1356231
1228722
1263497
1564882
1275089
694483
781293
688695
671333
758144
706057
717632
694483
769718
769718
688695
723420
607672
706057
636609
619247
1998282
2094200
2030255
2126172
1982296
1854406
1870392
2014268
2078213
1854406
1806447
1934337
2126172
2014268
1950323
1726516
2168593
1953526
2311971
2401582
2150671
2329893
2204437
2258204
2329893
2383660
2311971
2114826
2204437
1881837
2365738
2061059
1100469
1270542
1210516
1320563
1160495
1310559
1230525
1260538
1180503
1050448
1320563
1320563
1250533
1320563
1200512
1310559
976531
1008032
1023782
937154
945030
913528
1055283
929279
826901
937154
1063158
842651
945030
1000156
984406
889903
1444698
1332705
1366303
1455897
1299108
1198315
1500694
1444698
1243112
1500694
1209514
1220713
1355104
1511893
1455897
1254311
2225851
2424910
2099176
2171562
1918213
2207754
2008694
2388718
2044887
2062983
2388718
2099176
2099176
2406814
2334429
2370621
1917771
1842268
1872469
1766765
1781866
1963072
1615759
1600659
1993273
1736564
1978173
1887570
1585558
1781866
1706363
1842268
2658782
2743863
2254647
2680052
2382269
2807674
2403539
2467350
2360998
2233377
2722593
2318458
2339728
2233377
2382269
2701323
1390737
1463934
1341939
1537130
1378537
1488332
1354138
1537130
1354138
1524931
1439535
1390737
1622526
1341939
1451734
1598127
2640078
2946516
3017232
2922944
2592934
3040804
2757939
2875799
2875799
2852227
2805083
2805083
2852227
2922944
3182237
3111521
98260
96536
99983
113774
110327
105155
98260
116360
115498
100845
112912
114636
115498
109465
112050
96536
1068146
995111
1059017
995111
976852
1040758
1195959
976852
1122923
1223347
1077276
1168570
1068146
1113794
1113794
1077276
2078275
2443897
2597844
2020545
2578600
2405411
2078275
2366924
2155248
2155248
2193735
2443897
2559357
2059032
2251464
2232221
1314870
1174761
1131651
1401091
1454980
1239427
1196316
1304093
1282537
1142428
1401091
1411869
1196316
1228649
1304093
1153206
3094656
3300966
2914134
3043078
3017289
3455699
3043078
3352544
2785190
3146233
3455699
3068867
3146233
3068867
3378332
3429910
1473588
1721360
1551832
1434467
1499670
1695279
1434467
1460548
1473588
1499670
1721360
1499670
1630076
1577913
1603995
1617035
701337
786718
670844
689140
731830
646450
811112
707436
756225
725732
780619
725732
811112
811112
670844
774520
1388768
1318746
1248724
1283735
1412108
1237053
1528811
1493800
1260394
1470460
1388768
1400438
1330416
1528811
1563822
1575493
3091114
3196793
3540250
3302472
3276052
3170373
3276052
3117534
3540250
2959015
3566670
2879756
2985435
2932595
2826916
3434571
1026494
1192953
1026494
1100476
1026494
1035742
1202201
1146714
1165210
1248439
971008
998751
989503
1229944
1229944
1248439
2288738
2050709
2361978
2069019
2233809
1940850
2197189
1995780
1940850
1977470
2252118
2069019
2032400
2416908
2252118
2252118
192530
182307
182307
206161
224902
219791
230014
192530
209568
214680
212976
207864
185715
224902
187419
202753
2562348
2519995
2519995
2689406
2816465
2625877
2287054
2477642
2604700
2392936
2541171
2308230
2223525
2435289
2392936
2392936
1834422
1791761
1663778
1791761
1692219
1692219
1592676
1706439
1564236
1635337
1692219
1606897
1734880
1649558
1550015
1649558
2921708
2821821
3046568
2846793
3171427
3171427
3121483
3271314
2871765
2946680
3371202
2971652
3146455
2896736
3346230
3296286
1340653
1192954
1204315
1431545
1488352
1317930
1431545
1488352
1533798
1340653
1363376
1488352
1283846
1431545
1192954
1454268
1141458
1098221
1003099
925272
1063631
1141458
994452
1150105
1141458
985804
1158752
1046336
1141458
1098221
1003099
951215
2786297
2862287
3242237
2912947
3039597
2684977
2684977
2659647
3419547
3191577
3166247
2988937
3242237
2938277
3140917
3166247
2145297
2161549
1771495
1803999
1950270
1706486
1755243
2015279
1755243
1803999
1869008
1885260
2161549
2047783
1706486
1982774
171380
169975
161547
154523
188237
161547
184023
172785
154523
150309
167166
185428
186833
179809
167166
147499
492898
524552
596904
515508
474810
524552
474810
483854
569772
520029
497420
510985
592382
533596
596904
474810
1705453
1953519
1813982
2093056
1751965
2077552
1969023
1627932
1751965
1875998
2093056
2077552
1953519
1689949
2015535
1767469
3048470
2923532
2998495
3173407
3073457
2648670
3248369
3048470
2673658
2848570
3373307
2748620
3098445
3273357
2823582
3248369
2649926
2343323
2781327
2781327
2496625
2847028
2518525
2409024
2321423
2518525
2847028
2781327
2912729
2430924
2452824
2452824
2884783
2488401
2818720
2950847
2466380
2928826
2752656
2708613
2400316
2378295
2862762
2906805
2686592
2444358
2796698
2620528
694068
791481
754951
675803
639273
651450
736686
681891
821923
773216
712333
700156
639273
639273
791481
809746
296222
281772
305855
322713
298630
276955
291405
291405
272139
257689
291405
315488
293813
281772
303447
310671
489201
480141
529967
593382
498260
498260
570734
602442
480141
552616
525438
511849
539027
602442
557145
489201
1134570
1054795
1001612
1116842
1134570
1143434
1045931
1001612
966157
1196617
992748
1028204
1028204
1107978
1116842
1010476
387342
464811
424232
387342
494323
431610
438988
486945
427921
391031
453744
464811
464811
453744
498012
416854
437174
403802
447186
387116
357081
400465
377104
437174
373767
387116
407139
403802
387116
367093
350407
427162
147330
148568
152282
136187
129997
162187
132473
163425
134949
143616
149806
146092
132473
158472
162187
133711
336781
299061
293673
326004
317921
355641
355641
344864
288284
290979
312533
312533
304450
288284
282896
285590
1304382
1262305
1199189
1314901
1367497
1167632
1367497
1335939
1167632
1167632
1304382
1367497
1157113
1325420
1104517
1167632
1293187
1335587
1250788
1388586
1176588
1409786
1123589
1240188
1324987
1218988
1377987
1388586
1261388
1420386
1123589
1430986
2687084
2294356
2273686
2645744
2191007
2459715
2645744
2563065
2377036
2315026
2356366
2666414
2397706
2253016
2563065
2583735
829099
976322
999568
813601
860093
1022813
898836
976322
906585
953076
922082
1030562
813601
984070
829099
898836
909637
901442
967001
1057145
1040756
999781
942416
950611
860467
917832
1048951
991586
934222
1024366
860467
950611
1020944
1302919
1234856
1040390
1020944
1186240
1293196
1118177
1098730
1137623
1244579
1234856
1254303
1050114
1079284
1089007
433931
382880
441224
455810
433931
444870
401112
484981
386526
441224
477688
390173
441224
386526
463102
422991
1974779
1735412
1840135
1615728
1780293
1870056
1989739
1585807
1810214
1885016
1810214
1720451
1855095
2004700
1989739
1899977
251971
249817
228281
230435
277814
241203
275660
239049
288582
277814
277814
277814
279968
260585
277814
269200
3157542
3181283
2943874
2564019
3181283
2730205
3038837
3015096
3062578
2825169
3205024
2706464
2848910
3038837
2564019
3015096
2605265
2676970
3011591
3226705
3226705
2939886
2676970
2987690
2653068
2844280
2915985
2868182
3226705
3011591
2868182
2844280
1223094
1250892
1000713
1028511
1148967
1130436
1093372
1223094
1195297
1000713
1195297
1167499
1158233
1213828
1148967
1102638
2595540
2982594
2709380
2390629
2732148
2777683
2527236
2777683
3050898
2982594
2754915
2845987
2800451
3028130
2937059
2481701
1879196
2173331
1879196
1797492
1764810
2124309
2107968
1846514
1813833
1830174
2189672
1715788
1928219
1715788
1911878
1960900
51177
47339
45633
56721
53736
57574
55015
53736
55015
49045
47339
49471
48618
46486
54162
57574
1847555
2015514
1969707
1939169
1969707
1786478
1771209
1939169
1679595
1817016
1786478
1862824
1847555
2061321
1679595
1649057
1879265
1770547
1972452
1723954
1832672
2034576
1646298
1894796
1817141
1786078
1692892
1630767
1677360
2096701
2081170
1677360
3008212
3053791
2962633
2666370
2757528
2461264
2620791
2825896
2575212
2780317
2552422
3008212
3076581
2780317
2985423
2711949
1692457
2139521
1852123
1852123
1900023
2123555
1708424
1931956
1884056
2091621
1963889
1820190
2059688
1995822
1931956
1884056
452103
501423
505533
546633
538413
489093
431553
554854
435663
464433
493203
452103
464433
447993
538413
431553
1397324
1179962
1231715
1231715
1335220
1252416
1200663
1159261
1386973
1324870
1386973
1148911
1169612
1355922
1376623
1293818
718116
582109
631072
658273
690915
680035
647393
690915
685475
734437
636512
690915
609311
609311
734437
669154
298975
331364
284026
321398
264094
286517
284026
318906
326381
289009
289009
261603
311432
298975
311432
311432
978551
1168825
1014793
1132582
1177885
1132582
1096339
1069157
1141643
1205067
1141643
1014793
1196007
1078218
1186946
1032915
2800245
3000262
2875251
3125273
2625229
2800245
3375295
2675234
3125273
3300289
2850249
2700236
3225282
2775243
2875251
2750240
2461534
2246638
2539678
2305246
2422462
2363854
2441998
2109886
2148958
2637358
2227102
2383390
2129422
2227102
2227102
2246638
2686335
2590395
2782276
3237993
2998142
2926187
3046112
2518439
3214008
3214008
2518439
2686335
2734305
2878216
3214008
3118068
2363459
2141885
2308066
2363459
2437317
2086491
2437317
2178814
2141885
2252672
2086491
2197279
2344995
2197279
2400388
2252672
796370
947035
753323
839417
796370
896813
753323
767672
796370
760498
918337
839417
825068
817894
760498
903988
