1212114
1258290
1235202
1269834
1258290
1362186
1269834
1212114
1339098
1246746
1212114
1304466
1246746
1316010
1373730
1292922
494090
520798
529701
471834
489639
534152
467383
489639
489639
502993
489639
489639
502993
494090
485188
511896
1974904
1907958
1958168
1958168
1941431
1824276
1974904
2008377
1907958
1941431
1790803
1924695
1941431
1891222
1991641
1974904
804277
846608
776057
776057
747837
839553
811333
839553
754892
740782
839553
832498
783112
740782
839553
747837
2347924
2411381
2263314
2411381
2411381
2432534
2305619
2284466
2432534
2263314
2242161
2263314
2453686
2242161
2411381
2347924
2240128
2045334
2123252
2103773
2064814
2162211
2084293
2103773
2279087
2142731
2123252
2279087
2259608
2240128
2142731
2298566
442587
458829
446648
475071
442587
438527
466950
479131
430406
434467
466950
434467
471011
471011
462890
475071
130718
141713
128275
131940
142935
141713
142935
135605
139270
135605
146600
142935
138048
129497
146600
128275
2258830
2202360
1976476
2032947
2032947
2014124
2221183
1995300
2089418
2164712
2108242
2240007
2183536
2014124
2164712
2221183
1304415
1292663
1257409
1374924
1304415
1339669
1292663
1386675
1410178
1304415
1233906
1339669
1233906
1374924
1245657
1398427
2909882
3093388
3093388
2988528
2909882
2988528
2778806
3040958
3040958
2988528
2883667
2778806
2909882
2752591
3119604
2752591
2714063
2667668
2783654
2714063
2458894
2458894
2551683
2644471
2714063
2458894
2505288
2458894
2505288
2482091
2458894
2435697
1902423
1869903
1804863
1886163
1951203
1869903
1756083
1886163
1788603
1853643
1707303
1788603
1821123
1772343
1869903
1723563
2880467
2829933
2931002
2779398
2905734
2653062
2956269
2880467
2754131
2728864
2829933
2905734
2653062
2981536
2981536
2855200
2630736
2515353
2607660
2446123
2584583
2746120
2469200
2607660
2699966
2676890
2469200
2653813
2746120
2653813
2561507
2746120
1378861
1505363
1391512
1454762
1340911
1518013
1378861
1442112
1442112
1391512
1366211
1480062
1429462
1505363
1378861
1492712
1439180
1615683
1561374
1602106
1615683
1588528
1615683
1574951
1507065
1452757
1602106
1615683
1629260
1493488
1561374
1520643
2751206
2828343
2802630
2725494
3085465
2699782
2879767
2956904
2905479
3008328
2802630
2802630
2699782
2802630
2828343
3034040
277915
301511
291024
293646
311998
309377
311998
277915
306755
306755
298889
293646
301511
296267
296267
304133
2544730
2567656
2498879
2590581
2544730
2407177
2407177
2590581
2636432
2544730
2728134
2682283
2544730
2407177
2659358
2613507
2961971
2935989
3039918
3039918
3065900
2910007
2806078
2987954
3065900
3013936
2910007
3013936
3117865
2961971
2780096
3091882
1720053
1783175
1656932
1862076
1783175
1830515
1735834
1767394
1735834
1656932
1877856
1751614
1688493
1688493
1877856
1688493
1385872
1373608
1410401
1447194
1312286
1361343
1434930
1422665
1336815
1312286
1385872
1471723
1361343
1385872
1398137
1349079
932948
882518
1000187
882518
991782
1008592
907733
1008592
882518
916138
1000187
949758
1008592
958163
983377
991782
309170
284762
322730
306458
295610
306458
320018
303746
314594
306458
287474
284762
298322
317306
306458
311882
1107794
1117957
1158610
1077304
1158610
1189100
1199263
1178937
1138284
1067141
1209426
1199263
1189100
1097631
1107794
1158610
1098676
1098676
1033501
1052122
1052122
1089365
1024190
1005568
996257
1024190
996257
1061433
1005568
1089365
1098676
977636
2903253
2929888
3063065
3036429
3063065
3169606
2956523
2876617
2956523
3009794
2929888
3116335
3116335
3196242
2903253
3116335
2364852
2657643
2702688
2387374
2680165
2477464
2387374
2567553
2364852
2680165
2387374
2702688
2590076
2387374
2612598
2590076
2773637
2609099
2632604
2679615
2515077
2515077
2679615
2468067
2797142
2632604
2773637
2585594
2726626
2679615
2679615
2632604
1334084
1334084
1371141
1371141
1309378
1321731
1457610
1358789
1358789
1457610
1321731
1346436
1321731
1371141
1445257
1457610
877151
845542
892956
900858
885054
869249
877151
853445
908761
845542
940370
885054
916663
845542
900858
900858
395186
395186
410098
402642
413826
410098
421283
402642
432467
413826
421283
443652
410098
432467
428739
406370
2264239
2342317
2127604
2186162
2205682
2127604
2244720
2225201
2186162
2264239
2322797
2244720
2088566
2283759
2088566
2322797
1222440
1312991
1290353
1211121
1188483
1211121
1346947
1312991
1188483
1188483
1199802
1301672
1335629
1256396
1324310
1188483
1623702
1855659
1639165
1809268
1824731
1762876
1855659
1762876
1824731
1824731
1685557
1731948
1670093
1670093
1824731
1778340
1660330
1556559
1615857
1749276
1719628
1630681
1719628
1601033
1689979
1615857
1764101
1645506
1586208
1764101
1749276
1586208
1042881
1025500
1016809
1042881
947284
990737
1042881
921212
982046
929902
1042881
990737
1042881
912521
921212
999428
1416250
1308231
1440254
1440254
1356239
1344237
1368241
1404248
1416250
1440254
1440254
1260222
1428252
1284226
1428252
1260222
2656029
2755320
2978725
2829788
2904257
2606384
2978725
2631207
2680852
2606384
2656029
2780143
2755320
2904257
2631207
2631207
980028
873858
890192
963694
857524
947360
980028
980028
980028
873858
906525
980028
865691
865691
922859
931026
1882829
1800249
1948893
1783733
1948893
1915861
1849797
1866313
1849797
1899345
1750701
1866313
1833281
1750701
1849797
1816765
2894866
3047228
2742505
2818686
2742505
2767899
2793292
2971047
2767899
2666324
2767899
2869473
2894866
2945654
2920260
2894866
2145559
2307488
2246765
2186042
2287247
2246765
2267006
2226524
2145559
2226524
2307488
2428935
2226524
2347971
2226524
2347971
1471021
1311660
1421987
1421987
1397470
1323919
1421987
1409728
1471021
1348436
1348436
1458762
1409728
1348436
1323919
1421987
1961575
1760388
1894512
1978340
1978340
1995106
1810684
1911278
1777153
1793919
1877747
1944809
1944809
1810684
1911278
1777153
2819400
3191774
2925793
3191774
2899195
2899195
3138578
2978989
2952391
3085381
3138578
2952391
3138578
2845998
3165176
2952391
2777991
3007366
2752505
2803477
2701532
2879936
2854449
2701532
3007366
2828963
2701532
2828963
2981880
2879936
2828963
2828963
2923512
2870836
2923512
2923512
3028864
3107878
3028864
2870836
2765484
2844498
2791822
2976188
3160554
3081540
2976188
2976188
2010389
1959707
1858343
1959707
1942813
1807661
2010389
1790767
1925919
2010389
1807661
1993495
1807661
1959707
1773873
1892131
1134706
1166225
1187239
1260784
1197745
1134706
1260784
1145212
1124199
1239771
1197745
1250278
1176732
1103186
1197745
1250278
2084366
2012492
1994523
1922648
2138272
2138272
2102335
1886711
1940617
1904680
2048429
2120304
1940617
1904680
1904680
1958586
2174659
2042288
2174659
1985558
2061198
2250299
2136839
2174659
2155749
2099018
2212479
2023378
2193569
2117928
1985558
2231389
1002643
1029262
949405
958278
940532
993770
1055881
1002643
1002643
993770
1055881
931659
967151
1055881
1020389
993770
1373763
1373763
1452264
1570015
1465347
1556931
1504597
1504597
1413013
1386846
1452264
1530764
1465347
1530764
1413013
1556931
1746738
1913093
1780009
1829916
1929729
1929729
1813280
1746738
1813280
1763373
1963000
1780009
1796644
1763373
1913093
1829916
1688507
1809115
1809115
1763887
1763887
1628203
1688507
1628203
1794039
1733735
1763887
1658355
1718659
1763887
1598051
1598051
1372114
1513173
1346467
1372114
1449055
1372114
1436232
1474702
1513173
1525996
1513173
1538820
1372114
1500349
1500349
1449055
2672159
2894839
2919581
2845355
2894839
2771128
2597933
2894839
2721644
2870097
2672159
2696901
2919581
2622675
2696901
2795870
1229075
1195554
1206728
1217901
1340809
1318462
1284942
1318462
1307288
1217901
1296115
1284942
1340809
1173208
1273768
1262595
1127172
1022980
1032452
1127172
1089284
1060868
1089284
1060868
1041924
1079812
1136644
1022980
1041924
1032452
1098756
1079812
2170844
2391948
2251245
2190944
2412049
2271346
2251245
2251245
2412049
2190944
2150743
2371848
2311547
2110543
2190944
2211045
2103527
2180019
2294757
2122650
2275634
2065281
2218265
2065281
2084404
2065281
2199142
2160896
2218265
2007912
2275634
2275634
2109496
2053492
2221505
1997487
2034823
2053492
1997487
1960151
2109496
2221505
2072160
2184168
2016155
2016155
2165500
2128164
2588593
2497765
2724835
2497765
2679421
2634007
2406937
2724835
2634007
2702128
2702128
2702128
2634007
2475058
2429644
2588593
1377636
1308176
1273445
1308176
1285022
1366060
1331329
1377636
1215561
1342906
1366060
1319752
1354483
1354483
1238715
1389213
945728
945728
945728
1080832
981756
1017784
999770
954735
1026791
945728
981756
981756
954735
990763
1035798
1008777
538616
584348
543698
594510
558941
584348
538616
604673
564023
594510
594510
589429
543698
574185
604673
558941
1461391
1348007
1398400
1461391
1486587
1436194
1398400
1335409
1348007
1348007
1373203
1448793
1322811
1461391
1348007
1499185
79432
76543
77265
75821
77265
77987
75821
85208
86653
76543
78709
77265
82320
83042
77987
85208
715774
721944
647899
691092
734285
734285
728115
740456
721944
678751
715774
740456
715774
691092
728115
703433
1599858
1627926
1515655
1641960
1627926
1473554
1641960
1487588
1613892
1599858
1613892
1641960
1627926
1613892
1487588
1641960
2417953
2458935
2172059
2233533
2233533
2172059
2458935
2438444
2438444
2233533
2172059
2254024
2192550
2172059
2315497
2233533
112263
124737
115382
112263
115382
113303
122658
111224
113303
117461
119540
109145
115382
117461
109145
111224
842559
922045
874353
945891
866405
858456
929994
937943
906148
898199
898199
945891
929994
882302
874353
945891
1114644
1157106
1210185
1125259
1263263
1125259
1273879
1210185
1263263
1188953
1252647
1188953
1188953
1114644
1157106
1146491
2512081
2402860
2381016
2293639
2424705
2468393
2621302
2577614
2359172
2468393
2381016
2468393
2577614
2468393
2599458
2577614
438868
479504
487632
471377
451059
487632
487632
483568
463250
434805
463250
446996
442932
467313
483568
451059
1591372
1563206
1633621
1605455
1647703
1563206
1577289
1506874
1689952
1478708
1591372
1492791
1506874
1506874
1563206
1675869
663761
733298
758584
708012
695369
701690
745941
745941
745941
689047
726977
663761
758584
682726
701690
752263
751308
745047
682438
738786
745047
751308
657394
701220
688699
676177
657394
726264
663655
745047
707481
688699
1776705
1653108
1622209
1792154
1807604
1807604
1745805
1653108
1622209
1807604
1699457
1684007
1745805
1684007
1730356
1853953
327038
357041
351040
333038
351040
336039
351040
315036
357041
351040
336039
330038
351040
342039
360042
351040
979807
1109216
970564
998294
1026025
1109216
998294
1035268
989051
1109216
1072242
1090729
1026025
1044512
1072242
1081485
614376
598756
567517
588343
567517
609169
609169
603963
546690
567517
572723
614376
593550
557104
588343
619583
1561969
1413851
1508108
1427316
1454247
1413851
1454247
1440781
1521573
1494642
1467712
1494642
1427316
1521573
1467712
1454247
2417055
2335809
2335809
2295187
2254564
2417055
2213941
2132695
2213941
2335809
2376432
2132695
2437366
2173318
2254564
2254564
1275877
1355619
1207526
1264485
1207526
1253093
1264485
1321444
1298660
1196134
1196134
1218918
1218918
1264485
1321444
1310052
1349513
1265169
1409759
1421809
1433858
1313366
1277218
1445907
1409759
1361562
1397710
1445907
1277218
1445907
1301316
1301316
1020950
1020950
1085920
1085920
1011669
1076638
1104483
1095201
974543
1011669
1011669
1048794
993106
1058076
1113764
993106
2342426
2342426
2475016
2386622
2386622
2342426
2430819
2408721
2320327
2541311
2408721
2607606
2452917
2320327
2585508
2563409
2021955
1954557
2021955
1920857
1802910
1971406
1836609
1786060
1887158
1937707
1802910
1887158
1904008
1853459
1836609
1853459
3010450
2958094
2879561
2853383
2801027
2748672
2801027
2748672
2879561
3036628
2984272
2905739
2905739
2958094
2827205
2984272
406496
420513
374957
381966
381966
395983
417009
381966
371453
413505
388975
395983
378462
388975
413505
420513
175736
160843
175736
165311
166800
168289
175736
178714
156375
171268
157864
171268
169779
165311
169779
169779
3070639
2814752
2737986
2968284
2968284
2993873
2737986
2737986
2917107
2737986
2712397
2917107
2763575
2840341
3019461
2737986
615236
599461
620494
562652
594202
620494
609977
583685
620494
588944
599461
557393
609977
552135
609977
620494
503700
494785
508158
503700
481413
490328
508158
490328
472498
530446
534903
534903
517073
490328
508158
517073
2121814
2063416
2219145
2043949
2141280
2219145
2141280
2258078
2160747
2199679
2043949
2199679
2297010
2121814
2141280
2258078
2133642
2077493
2021345
2152358
2021345
2002629
2077493
1965196
2040061
2152358
1965196
2133642
2245939
2021345
2096209
2114926
2495900
2323769
2366801
2366801
2452867
2280736
2409834
2431350
2581965
2517416
2280736
2431350
2474383
2560449
2474383
2302252
2095629
2170473
2170473
2020785
2039496
2133051
2039496
2095629
2207895
2002074
2151762
2207895
2133051
1983363
2076918
2151762
2709385
2393290
2686806
2438446
2483603
2686806
2596494
2709385
2709385
2483603
2596494
2686806
2370712
2551337
2664228
2393290
2617170
2687272
2617170
2547067
2500332
2500332
2617170
2687272
2617170
2640537
2570434
2640537
2593802
2593802
2593802
2453596
863005
824478
901532
809068
878416
847595
909238
924649
809068
886122
832184
870711
839889
832184
847595
816773
349250
328877
311414
317235
305594
323056
340519
320146
343429
328877
308504
331787
314325
349250
331787
328877
2373694
2268664
2394701
2331682
2247658
2268664
2331682
2478725
2415707
2478725
2436713
2436713
2415707
2247658
2289670
2478725
2265556
2408429
2326787
2428839
2306377
2143094
2183914
2245146
2224735
2143094
2224735
2285967
2306377
2428839
2388019
2204325
2028723
1871323
2028723
1906301
1993746
2063702
2028723
1976256
2028723
1993746
1976256
1871323
1958768
1853834
2063702
1871323
1367300
1402661
1273003
1296577
1249429
1355513
1367300
1402661
1237642
1343725
1355513
1249429
1320151
1320151
1367300
1379087
861182
885555
885555
942425
885555
909928
974923
893679
958674
869306
926177
950550
853057
877430
877430
950550
1046622
1102195
1028098
1102195
972525
981787
1074409
1083671
1083671
1037360
1028098
1028098
981787
1028098
1092933
991050
2892955
2994462
2994462
2943708
2816824
2842201
2715317
2740694
2994462
2689940
2918332
3045216
2740694
2816824
2943708
2766071
191561
176569
199890
184898
176569
176569
176569
181566
198224
189895
184898
188229
196558
186564
196558
183232
312243
320250
314912
314912
320250
301568
312243
282887
296231
296231
280218
285556
309575
317581
320250
298900
1892644
1928695
2126972
1928695
2144997
1910670
1982770
1982770
2000796
2144997
1964745
2036846
1910670
1964745
2126972
2108947
2266432
2451867
2307640
2390055
2431263
2472471
2472471
2431263
2225224
2163412
2204620
2451867
2245828
2184016
2472471
2410659
2435687
2310780
2269144
2498140
2227508
2331598
2185873
2352415
2477322
2248326
2373233
2435687
2331598
2289962
2456505
2206691
1465410
1327637
1477935
1352687
1477935
1465410
1452886
1390261
1440361
1477935
1465410
1377736
1502985
1315112
1352687
1402786
164768
163242
170870
170870
164768
164768
176973
160191
169344
164768
180024
176973
180024
176973
170870
183075
2025576
1871083
1905414
1836751
1922580
2042742
2008410
1939746
1819585
1956912
1853917
1802419
1888249
1836751
1939746
2042742
910801
819721
842491
850081
804541
888031
827311
880441
865261
796951
888031
850081
796951
880441
850081
796951
2600455
2576598
2767457
2648170
2552740
2505025
2505025
2624312
2552740
2767457
2767457
2600455
2505025
2743599
2624312
2576598
563325
609838
589165
609838
552988
620174
583997
568493
599501
552988
594333
578829
589165
609838
542652
558156
155833
155833
158520
146429
147772
151803
159863
158520
146429
151803
154489
153146
147772
143742
151803
141055
673172
691044
631471
679129
643386
679129
667215
643386
661258
697001
679129
708916
631471
685087
691044
649343
2586827
2473370
2700284
2722976
2677593
2677593
2541444
2654901
2541444
2677593
2609519
2609519
2427987
2382604
2654901
2496061
1225365
1174308
1194731
1092617
1072194
1133463
1092617
1204942
1102829
1215154
1194731
1174308
1102829
1153885
1133463
1123251
117313
110294
115308
109292
113302
108289
118316
106284
120321
119318
118316
117313
114305
112300
120321
112300
596749
591468
612592
617873
607311
586187
596749
591468
633716
602030
596749
586187
575625
575625
575625
596749
349405
349405
331015
321820
352470
364730
340210
358600
352470
321820
367795
324885
343275
358600
361665
321820
927045
864195
848482
840626
895620
879907
911333
856338
919189
903476
919189
840626
934902
895620
848482
934902
1646973
1633015
1507399
1465527
1493441
1465527
1507399
1605100
1646973
1605100
1465527
1646973
1507399
1591143
1619058
1479484
2000499
1880811
1829517
1897910
1846615
1897910
1915008
2034696
1897910
1949205
2034696
1846615
1863713
1846615
1812418
1846615
2456787
2313474
2374894
2374894
2313474
2333948
2436314
2231582
2374894
2354421
2293001
2190635
2333948
2293001
2252055
2395367
2632641
2758005
2682787
2983660
2707860
3008733
2632641
2883369
2783078
2783078
2657714
2758005
2808151
2682787
2883369
2833224
1451065
1464755
1642716
1615337
1451065
1505823
1629026
1642716
1560580
1492133
1574269
1546890
1519512
1451065
1492133
1505823
1625736
1446630
1474185
1611959
1543072
1474185
1543072
1543072
1584404
1543072
1556849
1529294
1529294
1543072
1543072
1598181
228981
259512
259512
239885
228981
261693
228981
250789
231162
246428
237705
246428
255151
242066
261693
250789
1405608
1309498
1297485
1345540
1273457
1321512
1321512
1393595
1417622
1417622
1417622
1381581
1273457
1261443
1369567
1309498
2733583
2733583
2548255
2664085
2664085
2432425
2571421
2432425
2548255
2455591
2455591
2664085
2664085
2617753
2733583
2571421
2485896
2663460
2463700
2352723
2330527
2663460
2397114
2663460
2552482
2596873
2374918
2374918
2641264
2508091
2419309
2441505
222357
224360
234376
214344
226363
238383
224360
236379
232373
220354
216347
232373
230370
222357
224360
222357
1102121
1052476
1151766
1112050
1141837
1052476
1072334
1082263
1141837
1102121
1151766
1072334
1181553
1131908
1141837
1191482
1613644
1719210
1809694
1628725
1643806
1628725
1704129
1809694
1689048
1673967
1779533
1689048
1643806
1809694
1628725
1794614
1764500
1669122
1732707
1891671
1875775
1843982
1780396
1685018
1828085
1669122
1796293
1669122
1732707
1748604
1669122
1700914
859323
941163
949347
900243
859323
932979
859323
916611
982083
924795
892059
957531
949347
875691
949347
859323
604575
620626
583175
625976
620626
642027
625976
561774
620626
599225
572474
636677
561774
593875
599225
599225
486607
477839
504142
490991
490991
517294
508526
517294
495375
482223
473455
508526
473455
490991
473455
521678
504711
504711
479263
500469
479263
500469
487746
475022
453815
508952
453815
479263
500469
491987
508952
479263
2012498
1994998
2012498
1994998
1907498
1977498
1977498
1924998
1994998
1889998
1942498
1872498
2099998
1959998
1924998
1942498
1861946
1968343
1879678
1932877
1897411
1950610
2039274
1897411
2057007
2127938
1932877
1950610
1897411
1897411
1932877
2110205
1440193
1494540
1508127
1548887
1508127
1440193
1589647
1521713
1589647
1480953
1535300
1508127
1576060
1630407
1440193
1453780
2533243
2377693
2377693
2333250
2377693
2399914
2466578
2444357
2666571
2377693
2444357
2444357
2333250
2444357
2377693
2399914
2956224
2850644
3140988
3114593
2982619
2850644
2956224
3114593
3167383
2903434
2771460
2982619
2850644
3061803
3140988
3114593
3091303
2807933
2885216
2962498
2833694
2962498
2962498
3039781
2885216
2910977
2936738
2936738
2730651
2704890
2859455
3065542
2989617
2885630
2989617
2937623
2729650
2911627
3067607
2963620
3015613
2859633
2807640
3067607
2885630
2807640
2729650
2989617
1988723
2211757
1970137
1951551
1970137
2044482
2155999
2211757
2137413
1988723
2063068
2155999
2230344
1970137
2174585
1970137
1686491
1702552
1895294
1782862
1863171
1782862
1847109
1734676
1895294
1686491
1831047
1782862
1734676
1814985
1750738
1895294
2589417
2406096
2543587
2406096
2566502
2635248
2543587
2497756
2497756
2681078
2566502
2543587
2612332
2474841
2658163
2566502
850211
897445
826594
850211
826594
889573
826594
928934
834466
850211
858083
889573
850211
858083
921062
873828
2986993
3144204
2803581
2934590
2934590
2934590
2934590
2803581
2855985
3065598
2855985
3118002
2934590
3118002
2855985
2986993
638248
621598
610498
616048
610498
610498
610498
588298
632698
632698
660448
582748
616048
649348
582748
599398
1466369
1647919
1550161
1480334
1578092
1606023
1647919
1466369
1633954
1647919
1619988
1480334
1536196
1550161
1494299
1480334
448657
444918
444918
418746
403791
415007
407530
411269
444918
422485
400052
415007
403791
392575
433701
437440
291435
307778
288712
318672
326844
288712
326844
307778
302330
326844
285988
326844
315949
291435
324120
310501
38226
41031
40330
38226
39278
36823
39629
41382
38577
39629
39979
39629
42084
37174
39278
41031
1866914
1835799
1742453
1835799
1773568
1789126
1742453
1851356
1742453
1649107
1695780
1649107
1633550
1773568
1820241
1804683
1434504
1447545
1473627
1395381
1486668
1395381
1512750
1421463
1525791
1460586
1512750
1408422
1434504
1499709
1421463
1486668
1232417
1209804
1209804
1232417
1356789
1277643
1266336
1277643
1187190
1322869
1221110
1345483
1288950
1345483
1198497
1198497
1174358
1044979
1064884
1074836
1064884
1074836
1054932
1114645
1094740
1184310
1044979
1164406
1074836
1124597
1174358
1064884
2335041
2401127
2467213
2445184
2621414
2445184
2621414
2313012
2313012
2621414
2335041
2379098
2423155
2379098
2401127
2511270
947156
1015419
895958
947156
1015419
938623
930090
938623
964222
955689
972755
1023952
981288
964222
1023952
998353
2843337
2966960
2917511
2917511
2744438
2892786
2917511
2670264
2917511
2744438
2892786
2818612
2620815
2744438
2917511
2793887
1927459
1943656
1878868
1830276
1911262
1943656
1814079
1927459
1846473
1733093
1846473
1830276
1943656
1911262
1911262
1765488
1314694
1290571
1411186
1278510
1399124
1447370
1362940
1266449
1423247
1350879
1278510
1423247
1423247
1290571
1387063
1423247
1534255
1590046
1548203
1603994
1562151
1464516
1590046
1562151
1534255
1520308
1492412
1548203
1562151
1617942
1631890
1478464
2594226
2810412
2570206
2690309
2858453
2738350
2690309
2594226
2738350
2834433
2858453
2834433
2546185
2642268
2690309
2690309
786048
740195
772947
720544
766396
707443
733644
779497
727094
733644
707443
713993
687792
727094
786048
727094
1797764
1930932
1964224
1930932
1814410
1930932
1964224
1997516
1914286
1914286
1914286
1814410
1814410
1797764
1980870
1831056
1717381
1779831
1686156
1639318
1717381
1686156
1826669
1748606
1639318
1857894
1686156
1670543
1686156
1842282
1670543
1732994
2280542
2302261
2432578
2280542
2410858
2302261
2345700
2454297
2280542
2280542
2476017
2389139
2323981
2345700
2454297
2345700
2227587
2207697
2267365
2227587
2207697
2366811
2247476
2366811
2307143
2227587
2287254
2307143
2187808
2307143
2207697
2327032
2664350
2838653
2963155
2988056
2739051
2614549
2963155
2763952
2639449
2888454
2988056
2614549
2639449
2614549
2963155
2664350
687025
687025
770496
764075
764075
738392
687025
699867
744812
687025
764075
680604
764075
764075
744812
738392
2204067
2410054
2204067
2410054
2183468
2286462
2471851
2307061
2162869
2389456
2286462
2183468
2471851
2327659
2430653
2451252
1684279
1743376
1728602
1713828
1743376
1728602
1713828
1772925
1580858
1610407
1610407
1654730
1654730
1580858
1728602
1713828
2692747
2964493
2791564
2643339
2915084
2890380
2717452
2865676
2840972
2593931
2618635
2865676
2890380
2692747
2816268
2668043
730179
771510
805953
805953
778399
785287
799064
730179
778399
730179
812841
764622
799064
737068
812841
730179
123037
125358
127680
124198
139287
121876
126519
132323
133483
136966
138126
134644
136966
128841
136966
131162
3159171
3053865
3159171
3001213
3053865
3132845
2895907
3080192
2843254
2816928
2816928
3027539
2895907
2948560
2948560
2922233
2346991
2265356
2265356
2265356
2367399
2449034
2163313
2306174
2408217
2428625
2449034
2163313
2449034
2326582
2408217
2244948
2524853
2481321
2524853
2350725
2350725
2372491
2546619
2285427
2524853
2481321
2394257
2437789
2372491
2328959
2568385
2611917
1931397
1738257
1770447
1738257
1738257
1834827
1689972
1818732
1931397
1867017
1883112
1706067
1818732
1931397
1931397
1706067
825589
763150
804776
783963
749274
749274
777025
783963
742337
797838
763150
728461
777025
735399
735399
763150
2646472
2315663
2580310
2602364
2315663
2381825
2646472
2447987
2315663
2558257
2447987
2337717
2447987
2580310
2337717
2359771
1518934
1518934
1561127
1603319
1504870
1687705
1673640
1645512
1575191
1532998
1561127
1645512
1476742
1631448
1617384
1518934
1480189
1426849
1480189
1453519
1546864
1480189
1573534
1533529
1533529
1600204
1466854
1546864
1466854
1493524
1560199
1413514
2108501
2018394
1892244
2000373
2054437
1910266
1946309
2108501
2072458
2072458
1946309
2072458
2126522
2054437
2108501
2054437
2605520
2628993
2675940
2652467
2769832
2769832
2628993
2816779
2511628
2699413
2582047
2675940
2793306
2488154
2746359
2769832
2217785
2068690
1956869
2217785
2105964
2031416
2161874
2217785
2050053
2217785
2180511
2087327
2031416
1975506
2031416
2217785
2238545
2238545
2028084
2104615
2066349
2085482
2238545
2047217
2219412
2085482
2142881
2008951
2085482
2162014
2276811
2123748
29026
29770
28282
26793
26793
29522
28034
28034
28530
27041
27786
28034
27537
26297
28282
27786
63631
68934
63042
65988
65988
62453
70701
67166
64809
62453
68934
64809
65398
62453
63631
67755
2058104
2129073
1969393
2040362
2111331
2058104
2022619
2058104
1898423
1898423
2075846
1898423
1898423
1880681
2093589
2022619
1988877
1919699
1867815
1833226
1954288
2040761
1919699
1988877
2075350
1867815
1885110
1936994
1954288
1954288
2023467
1971583
1721421
1850125
1850125
1721421
1769685
1753597
1753597
1801861
1866213
1898389
1914477
1850125
1817949
1721421
1785773
1882301
450098
415768
434840
446283
423397
453912
427211
442469
431026
457726
457726
423397
411954
446283
457726
438654
3046607
2994970
2736783
2840058
2943332
3098245
2710964
2788420
2788420
3046607
2994970
2917514
2762601
2762601
2969151
2865876
675142
699041
675142
663192
651243
657218
687091
687091
645268
716965
699041
681116
639293
645268
716965
663192
1708701
1678188
1632419
1617163
1754469
1754469
1784982
1632419
1800238
1693444
1769726
1662932
1662932
1617163
1708701
1723957
927903
919311
970862
1022412
1031004
996637
1013820
1013820
1022412
996637
1031004
988045
996637
1005228
953678
953678
1952814
1772302
1903584
1854353
1919994
1755892
1969225
1919994
1772302
1788712
1903584
1837943
1854353
1854353
1887174
1723072
403077
426110
452981
437626
433787
406915
426110
410754
403077
429948
403077
418432
429948
441465
422271
414593
512196
546020
541188
555684
512196
512196
526692
517028
550852
536356
531524
517028
555684
521860
550852
526692
1325118
1255981
1325118
1267504
1255981
1290550
1244459
1279027
1232936
1336641
1290550
1232936
1267504
1232936
1290550
1302073
2800715
2874418
2874418
2702444
2898986
2628741
2874418
2653309
2776147
2874418
2653309
2825283
2702444
2604174
2751580
2751580
2692546
2642684
2717477
2667615
2991718
2767339
2792270
2991718
2991718
2991718
2617753
2891994
2867063
2617753
2667615
2966787
1513800
1421655
1447982
1408492
1487473
1566454
1579617
1500636
1526963
1421655
1382165
1579617
1434819
1579617
1500636
1447982
2143293
2305051
2183733
2365710
2365710
2224172
2365710
2244392
2305051
2203952
2264612
2244392
2224172
2143293
2345491
2163513
2485347
2485347
2355677
2312454
2355677
2377289
2528571
2377289
2485347
2355677
2485347
2355677
2398900
2506959
2485347
2420512
453403
465334
441471
417608
437494
473289
469311
421585
417608
441471
441471
473289
441471
425562
417608
453403
2276335
2255258
2318489
2255258
2360644
2423875
2402798
2444952
2402798
2297412
2213103
2466030
2297412
2213103
2276335
2360644
2100390
2177469
2235278
2023312
2196738
2254547
2312356
2216008
2216008
2100390
2293087
2081121
2023312
2023312
2312356
2196738
1831659
1934369
2054197
1831659
1968605
1865895
1934369
2002842
1797422
1814540
1900132
2002842
2037078
1883014
1883014
2054197
1724737
1724737
1756676
1804586
1756676
1900405
1692797
1740707
1868465
1788616
1916374
1916374
1772646
1788616
1708767
1916374
1554481
1527446
1473378
1527446
1500412
1567998
1567998
1486895
1608550
1527446
1500412
1486895
1527446
1432826
1513929
1513929
1861236
1845595
1814314
1720470
1783032
1720470
1876876
1767392
1642267
1720470
1876876
1642267
1704829
1657907
1767392
1704829
1234351
1127016
1137749
1288018
1245084
1159216
1159216
1137749
1169950
1127016
1288018
1266551
1127016
1148483
1212884
1223617
2264156
2014715
2072279
2014715
2302532
2168218
2187405
2053091
2302532
2187405
2033903
2149030
2014715
2302532
2244969
2033903
776170
743001
789438
789438
749635
723099
716465
716465
756269
776170
736367
716465
796072
749635
736367
769537
1030287
995362
1004093
925512
1030287
995362
969168
1004093
1012824
1047750
1012824
1012824
1047750
942975
925512
969168
957821
992029
983477
897957
983477
906509
1017685
1000581
1017685
932165
1026237
1009133
949269
897957
1009133
897957
977505
1004658
1040862
1031811
986556
1049913
1004658
968454
968454
1004658
968454
1040862
1031811
1049913
1031811
986556
2201607
2125029
2029307
2144173
2144173
2144173
2297329
2239895
2297329
2125029
2010163
2163318
2239895
2086740
2144173
2125029
1658271
1796461
1765752
1719689
1704335
1750398
1796461
1750398
1750398
1765752
1796461
1719689
1735043
1688980
1673626
1612208
2495769
2431775
2346449
2325118
2495769
2239792
2538431
2282455
2559763
2367780
2410443
2410443
2517100
2410443
2474437
2346449
58492
56525
54068
52102
56525
58000
58000
53085
57509
52102
58983
54559
56525
55051
58492
54068
2835786
2638514
2909763
2737150
2687832
2885104
2613855
2959081
2761809
2835786
2811127
2761809
2885104
2934422
2860445
2737150
2079152
2059720
2234602
2273465
2234602
2137446
2118014
2156877
2254034
2312328
2312328
2234602
2176308
2331759
2176308
2079152
851067
757306
807793
851067
786155
764518
793368
836643
843855
778943
829430
815005
764518
858280
843855
829430
391326
387832
391326
370362
419278
394820
380844
408796
366868
398314
380844
384338
384338
401808
391326
384338
3144260
3038571
2906459
3170683
2827192
2800770
2932881
2985726
3091416
2774347
2800770
2853614
3064993
2774347
3117838
3170683
2596560
2641718
2641718
2551403
2709454
2438509
2619139
2506245
2438509
2686876
2641718
2415930
2370772
2619139
2370772
2709454
1058919
1013276
976762
1095434
1013276
967633
1022405
1022405
1095434
1086305
1031534
1013276
1004148
967633
1013276
1031534
196383
194733
193082
189782
191432
186481
184831
188131
174929
183181
176579
196383
191432
189782
179880
186481
2394445
2229311
2167385
2373803
2311878
2188027
2270594
2208669
2394445
2373803
2435728
2311878
2373803
2167385
2208669
2311878
1251869
1274224
1207160
1240692
1229515
1240692
1263047
1341289
1285402
1184805
1251869
1330111
1218337
1330111
1285402
1318934
2772857
2747418
3001809
2925491
3027248
2849174
3001809
2747418
2798296
2721979
2874613
2874613
2900052
2874613
3052687
2950930
1972960
2095179
1990420
1938041
2060259
1868201
2077719
2042800
2060259
1920581
2077719
1885661
1833282
1885661
1885661
2077719
654798
698452
717160
710924
667271
685979
748341
704688
729633
704688
698452
717160
710924
723396
723396
735869
895026
928801
962576
920357
979463
1004794
1004794
937245
945688
945688
971019
1013238
903470
996350
987907
886583
82888
87329
84369
85109
79188
81408
88809
88809
78448
84369
87329
79188
88069
79188
85109
79188
1240735
1263926
1217544
1379883
1333500
1252331
1321905
1287118
1217544
1298713
1368287
1275522
1333500
1298713
1391479
1368287
925949
977391
985965
925949
934523
951670
985965
925949
1011685
1028833
1003112
908802
985965
917376
1003112
925949
2835088
3018844
2782586
3071345
2835088
2966342
2913841
2861339
3045095
3097596
3045095
3018844
2940091
3123847
3045095
2861339
139019
127238
123703
140197
130772
135484
126059
139019
129594
133128
141375
134306
135484
134306
133128
141375
2641962
2882140
2786069
2762051
2714015
2858122
2762051
2762051
2521873
2810087
2714015
2689998
2521873
2882140
2593926
2762051
25912
26154
26396
25427
27365
25912
25912
25670
26638
27365
25427
28333
28091
27123
25670
25427
1946776
1913780
1963275
1963275
1913780
1814792
1748799
1847788
1798293
1732301
1814792
1847788
1732301
1847788
1946776
1979773
1712895
1570154
1570154
1670073
1541606
1598702
1612976
1655799
1655799
1570154
1712895
1498783
1598702
1570154
1612976
1612976
1699718
1583498
1699718
1699718
1685191
1598026
1670663
1699718
1627081
1728773
1627081
1554443
1641608
1656136
1714246
1583498
849325
863720
755755
834929
813336
798941
813336
791743
827732
834929
777348
863720
755755
791743
849325
849325
764458
791282
777870
704106
791282
804693
791282
804693
784576
791282
710812
784576
730930
724224
730930
710812
1196549
1318420
1329499
1285182
1318420
1263024
1329499
1274103
1329499
1196549
1174390
1196549
1196549
1274103
1274103
1296261
1803230
1660870
1787412
1850683
1771594
1755776
1739959
1692505
1834865
1708323
1787412
1676687
1850683
1787412
1866501
1739959
815736
867647
793489
889894
778657
823152
837984
808321
889894
778657
786073
815736
845400
852815
786073
875063
955953
1042858
929882
1016787
912501
999406
921191
938572
982025
1025477
947263
1008096
947263
1025477
990715
999406
401506
370354
384199
366893
411889
380738
394583
370354
377277
398044
398044
370354
398044
411889
370354
398044
1670948
1655332
1655332
1717797
1733413
1764646
1811495
1702181
1733413
1670948
1873960
1811495
1639715
1639715
1858344
1842728
2361213
2426802
2426802
2317487
2601707
2514255
2514255
2361213
2295624
2448666
2579844
2448666
2514255
2492392
2623570
2339350
638612
680390
692327
674422
680390
692327
704264
632644
656517
686359
716200
650549
632644
674422
710232
638612
172155
186772
180276
172155
185148
188396
180276
177027
178652
181900
180276
172155
193269
175403
194893
177027
516730
553972
544661
558627
535351
512075
544661
530696
498109
530696
512075
526040
544661
530696
516730
544661
1297042
1264616
1178147
1232190
1253808
1264616
1178147
1178147
1134912
1242999
1134912
1275425
1242999
1145721
1297042
1167338
2046400
2065348
2027452
2235881
2103244
2008503
2065348
2122192
2027452
2103244
2084296
2197985
2273778
1989555
2235881
1989555
977355
1020221
1020221
985928
934488
960208
900195
1028794
994501
917342
1020221
994501
968781
908768
908768
917342
2286157
2367805
2408630
2143272
2265745
2429042
2265745
2449454
2326981
2204508
2265745
2306569
2388218
2184096
2429042
2429042
1042329
977183
1070248
1014409
1098168
977183
1014409
986490
1079555
1116781
1014409
1079555
1033022
1033022
1070248
1116781
2194193
2213610
2271863
2233028
2233028
2058269
2213610
2252446
2077687
2271863
2233028
2252446
2271863
2135940
2174775
2233028
2132879
2254758
2356324
2132879
2234445
2336011
2315697
2234445
2153192
2173505
2132879
2193819
2295384
2275071
2153192
2315697
2268534
2207223
2288972
2350283
2145911
2370721
2186785
2350283
2166348
2411595
2309409
2370721
2391158
2370721
2145911
2288972
1103862
1065466
1103862
1007874
1036670
1007874
1084664
1065466
1007874
1065466
1007874
1142257
1132658
1017472
1142257
1055868
397379
384021
394039
367325
370664
377343
370664
377343
387361
387361
390700
363985
367325
384021
370664
360646
1983688
2130628
2057158
1928586
2057158
2075526
2185731
1946953
2002056
2204098
2075526
1946953
2185731
2002056
2148996
2167363
65957
66586
73495
74752
65957
71611
68470
75380
72239
69726
68470
67214
70355
72867
67842
71611
1946836
1777546
1828333
1997623
1828333
1980694
1929907
1997623
1929907
1777546
1963765
1794475
1963765
2014552
1845262
2031481
387106
354020
387106
390414
367254
383797
350711
383797
363946
397032
350711
390414
347403
363946
393723
380488
2810569
2623197
2599776
2763726
2787147
2787147
2670040
2693462
2459248
2529512
2506090
2506090
2670040
2763726
2459248
2599776
67733
59764
67164
60903
64318
64318
68302
65456
67164
62041
67164
63180
63180
67164
66595
60334
2204967
2452253
2472860
2163752
2369824
2411038
2163752
2452253
2328610
2163752
2390431
2431646
2328610
2246181
2184360
2287395
992173
933810
950485
925472
883784
1000510
967160
967160
942147
933810
925472
983835
958822
892122
967160
917134
2166264
2329756
2391065
2329756
2391065
2391065
2166264
2329756
2248010
2227574
2370629
2309319
2370629
2452375
2227574
2145828
1208103
1076125
1197951
1126886
1157342
1096430
1177647
1096430
1065973
1147190
1187799
1147190
1065973
1197951
1126886
1065973
834840
842037
820446
784462
798855
820446
784462
813249
784462
813249
762871
798855
755674
856431
827643
806052
2673463
2918735
2722518
2624409
2796099
2624409
2771572
2796099
2575354
2575354
2624409
2869681
2943262
2747045
2648936
2575354
1956798
1992703
2028607
2082464
2064512
2100416
1974750
1884989
1956798
2028607
2028607
1974750
1902941
2100416
2064512
1992703
775112
768598
755571
749058
703463
742544
736031
755571
768598
762085
768598
723004
768598
781626
762085
736031
1742065
1772362
1666324
1711769
1742065
1817808
1772362
1742065
1742065
1711769
1742065
1742065
1742065
1605730
1742065
1711769
1642190
1824656
1763834
1611779
1794245
1748629
1718218
1763834
1626985
1718218
1703012
1642190
1794245
1748629
1794245
1779039
2112821
2292212
2312144
2152686
2112821
2292212
2352009
2212483
2332076
2232415
2391873
2371941
2391873
2391873
2272279
2272279
78946
79670
78222
81119
84016
85465
81119
84016
86913
85465
79670
81119
78946
76773
86189
80395
675174
699951
730922
650397
668980
650397
724728
681368
743311
724728
724728
668980
668980
675174
730922
681368
450166
438721
419646
446351
442536
457796
415831
438721
457796
431091
431091
450166
415831
423461
412016
423461
1986576
2038854
2091133
1969150
2021428
2056280
2004002
1864593
1951724
1899445
1847167
1951724
1986576
2038854
1864593
2073707
2284655
2127093
2166484
2107398
2166484
2343741
2343741
2304351
2205874
2127093
2363437
2363437
2324046
2146788
2363437
2127093
1234720
1191013
1256573
1147306
1234720
1278427
1180086
1147306
1245647
1191013
1289354
1256573
1147306
1191013
1169160
1169160
2527653
2597866
2597866
2621270
2480845
2644674
2738291
2644674
2551057
2480845
2668078
2761695
2808504
2644674
2480845
2504249
1940802
1779068
1746721
1746721
1779068
1924628
1843761
1859935
1940802
1698201
1762895
1779068
1940802
1859935
1762895
1843761
1389260
1481003
1415472
1441685
1441685
1481003
1572747
1520322
1494110
1428579
1481003
1441685
1533428
1454791
1559641
1376154
1956861
1871034
2059854
2025523
1888199
1802372
1871034
1802372
1888199
1922530
1888199
2059854
1888199
1871034
1853868
1956861
2176671
2259591
2383973
2176671
2487624
2425433
2466893
2301052
2259591
2238861
2425433
2301052
2487624
2259591
2238861
2197401
124186
129831
127573
127573
120799
130960
129831
121928
121928
135476
126444
126444
127573
129831
118541
129831
1938838
1841896
1777268
1793425
1761111
1858053
1712640
1938838
1728797
1744954
1793425
1890367
1858053
1922681
1922681
1841896
2902480
2902480
2721075
2824735
3006140
3006140
3109800
2772905
2928394
3006140
2824735
2850650
3032055
2902480
2721075
2798820
407920
446043
419357
442231
407920
442231
449856
407920
404108
453668
449856
446043
442231
407920
449856
411732
1685459
1828564
1796763
1828564
1844464
1876266
1764962
1717260
1844464
1717260
1860365
1812663
1701359
1908067
1876266
1828564
2601157
2532705
2532705
2532705
2646791
2623974
2715243
2738060
2623974
2715243
2578340
2669608
2738060
2487071
2601157
2623974
1907976
1925643
1872643
1890310
1943309
1943309
2119974
1872643
2031641
1907976
1925643
1996308
2066974
1996308
1960975
1943309
610656
631897
600036
557556
584106
594726
621277
594726
600036
621277
621277
573486
605346
605346
594726
573486
1567412
1731617
1761473
1791328
1716690
1612195
1761473
1776401
1731617
1776401
1642051
1716690
1716690
1671906
1567412
1582340
2757934
2456647
2665230
2757934
2526175
2549351
2456647
2433471
2526175
2526175
2526175
2433471
2618878
2711582
2479823
2734758
9465
9733
9465
9912
9465
9376
9376
9823
10448
9823
10626
9465
10626
9465
10001
9733
2167266
2344587
2324885
2246075
2285480
2108158
2147563
2068754
2364290
2364290
2246075
2127861
2088456
2246075
2364290
2068754
1422309
1462946
1611950
1571312
1503583
1557766
1476492
1557766
1435854
1517129
1571312
1422309
1544221
1611950
1625496
1503583
472443
507117
520120
481111
455105
485446
485446
507117
459440
476777
476777
498449
455105
481111
520120
511452
2497464
2564360
2675854
2341372
2675854
2542062
2385970
2608958
2564360
2586659
2586659
2608958
2452866
2542062
2564360
2341372
1234958
1302937
1246287
1325597
1223628
1302937
1257617
1200968
1302937
1268947
1189638
1212298
1291607
1257617
1291607
1223628
598003
561916
546451
598003
587692
561916
577382
541296
592848
546451
546451
556761
582537
546451
567072
577382
2724728
3030305
2775657
2877516
2953911
2902981
3030305
2953911
2877516
2750193
2775657
2750193
2699263
2979375
2775657
2953911
222872
216902
212922
208942
238791
214912
236801
214912
228841
210932
218892
236801
226852
232821
232821
228841
271698
286253
257143
274124
269272
281402
283827
276550
269272
281402
286253
254717
278976
269272
257143
276550
2557992
2536128
2448676
2426812
2536128
2426812
2601718
2448676
2295633
2579855
2623581
2383086
2404949
2383086
2448676
2448676
378713
378713
406256
385599
399370
409699
364942
409699
395927
378713
406256
375270
368384
375270
392484
399370
536567
532020
495642
504736
536567
491095
477453
486548
477453
509284
536567
522925
545661
527472
486548
522925
1256148
1398354
1362802
1398354
1374653
1291700
1362802
1386503
1422055
1327251
1410204
1303550
1279849
1327251
1374653
1267999
1115777
1047264
1057052
1174502
1047264
1037477
1115777
1096202
1066839
1115777
1164714
1066839
1066839
1115777
1066839
1047264
1129183
1069752
1129183
1129183
1168804
1129183
1148993
1168804
1089563
1119278
1168804
1049942
1129183
1139088
1148993
1069752
2875132
3003487
2746778
2823791
2746778
2746778
2695437
2772449
3080499
2900803
2952145
3080499
3080499
2823791
2952145
3003487
309345
291148
293748
304146
285949
304146
278150
296347
283349
301546
283349
293748
275551
309345
301546
298947
1966723
1898905
1881950
1831087
1780223
1881950
1814132
1797178
1898905
1915859
1915859
1949768
1915859
1932814
1814132
1780223
2454067
2518086
2390048
2518086
2518086
2454067
2496747
2518086
2539426
2496747
2262010
2326029
2411388
2475407
2518086
2539426
843294
827677
905760
890143
827677
905760
835485
843294
874527
913568
913568
913568
858910
851102
843294
882335
263126
270051
272359
242353
274667
251586
249278
272359
276975
249278
244661
249278
274667
242353
263126
244661
1708823
1708823
1577375
1635796
1650402
1533559
1577375
1738034
1723428
1665007
1665007
1635796
1665007
1635796
1752639
1635796
2538264
2538264
2468403
2584838
2514977
2631411
2491690
2747845
2771132
2724559
2491690
2445117
2724559
2677985
2724559
2561551
1639260
1779768
1670484
1686096
1670484
1732932
1701708
1732932
1842216
1873440
1842216
1701708
1748544
1732932
1670484
1795379
2768647
2743477
3020342
2995172
2894494
2944833
2995172
2743477
2894494
2642799
2667969
2844155
2743477
2642799
2919664
2844155
2423812
2281235
2444180
2179394
2159026
2159026
2301603
2403444
2240498
2159026
2321971
2342339
2260866
2199762
2423812
2423812
1776999
1731821
1626406
1731821
1656525
1611347
1731821
1581228
1656525
1731821
1611347
1581228
1807118
1761940
1746881
1581228
304296
283839
268496
276167
273610
301738
281282
301738
304296
278724
278724
299181
271053
278724
299181
273610
608036
630980
648189
602299
671134
688342
636717
608036
671134
625244
636717
665398
602299
688342
676870
630980
1264857
1276355
1379844
1253358
1264857
1322350
1299353
1299353
1230360
1322350
1264857
1368345
1207363
1333849
1379844
1218862
2649778
2532531
2626329
2813924
2602880
2579430
2767025
2696677
2696677
2579430
2462183
2532531
2485633
2743576
2767025
2790475
634128
687465
640054
651907
628201
657833
669686
651907
657833
634128
681539
622275
711171
693392
657833
651907
1355546
1429485
1478778
1478778
1441808
1417162
1441808
1293930
1417162
1454131
1355546
1293930
1306253
1466454
1478778
1380192
1657378
1612584
1582722
1657378
1612584
1612584
1717104
1791760
1597653
1746966
1567790
1791760
1597653
1702172
1732035
1672310
2536544
2240614
2346303
2325165
2494268
2409717
2409717
2388579
2409717
2515406
2494268
2346303
2473130
2473130
2325165
2219476
480470
516732
530330
507666
485003
525797
534863
485003
534863
534863
480470
485003
475937
498601
521265
525797
2364016
2470504
2427909
2278827
2406611
2491801
2236232
2427909
2513099
2449206
2342719
2342719
2449206
2470504
2236232
2427909
2761158
2485042
2554071
2531061
2531061
2577080
2692129
2416013
2439022
2577080
2416013
2508051
2646109
2554071
2761158
2623100
828455
890980
937874
867533
836271
883165
898796
930058
890980
836271
836271
914427
820640
875349
906611
898796
2392274
2665677
2392274
2665677
2574543
2437841
2415058
2415058
2483409
2460625
2415058
2528976
2620110
2551759
2551759
2620110
490171
490171
521650
539638
508159
485674
485674
476680
476680
481177
485674
490171
521650
526147
530644
490171
2966890
2992248
2992248
2890816
2789384
2738668
2687952
3042964
2738668
2814742
2865458
2789384
2789384
2738668
3042964
2738668
892597
861278
829958
876937
853448
853448
853448
853448
931746
884767
884767
884767
837788
908256
861278
829958
2121920
2014026
1978061
2157885
2085956
2014026
2085956
2085956
1924114
1942097
2067973
1924114
1996044
2067973
2067973
1906132
273737
268668
281341
283876
299083
281341
301618
288945
294014
299083
278807
288945
296549
301618
276272
301618
1361473
1472866
1336719
1423358
1472866
1423358
1336719
1435735
1448112
1435735
1349096
1373850
1324342
1485243
1324342
1324342
1292433
1364235
1292433
1352268
1256532
1268499
1352268
1256532
1376202
1400136
1352268
1316367
1412103
1328334
1400136
1388169
584340
554116
528929
579303
539003
539003
599452
554116
574265
589378
528929
594415
599452
564191
544041
539003
1160185
1109742
1089565
1210628
1059299
1109742
1129919
1150096
1069388
1099654
1099654
1069388
1129919
1079476
1069388
1160185
2023778
2077035
1935015
2023778
2094787
2041530
1864006
1935015
2130292
1917263
1952768
2006025
2077035
1935015
1952768
1917263
230015
236231
244520
240376
232087
242448
242448
232087
248665
234159
234159
219654
227943
223798
230015
217582
1742058
1917862
1853934
1821969
1869916
1837951
1758040
1853934
1790005
1837951
1885898
1758040
1837951
1742058
1726076
1694112
1063762
956492
983309
1036944
965431
1010127
1072701
974370
1063762
1063762
947553
974370
947553
1019066
965431
956492
1580916
1383301
1541393
1449173
1488695
1422824
1409650
1541393
1462347
1422824
1475521
1567741
1435998
1528218
1567741
1475521
1735061
1751429
1735061
1767798
1931483
1718692
1866009
1882377
1735061
1767798
1784166
1866009
1866009
1784166
1915114
1816903
1780871
1673405
1780871
1642700
1826928
1673405
1826928
1765519
1811576
1642700
1811576
1704109
1688757
1750166
1719462
1842280
340023
342880
334308
320022
300020
337166
340023
302878
308592
325736
308592
320022
314307
311450
322879
334308
930750
930750
955681
955681
997232
972301
963991
955681
872578
972301
889198
939060
988922
930750
889198
972301
2445483
2401813
2314475
2489152
2467317
2532821
2554656
2467317
2620160
2489152
2467317
2489152
2358144
2510987
2401813
2401813
714861
678818
672810
672810
660796
720868
714861
660796
714861
660796
636767
672810
678818
630760
672810
666803
2432106
2455050
2500939
2592717
2615661
2707439
2455050
2477995
2753328
2569772
2500939
2409162
2661550
2432106
2615661
2569772
2942180
2692842
2892312
2867378
2892312
2892312
2992047
2792577
2692842
2967113
2792577
2992047
2892312
2967113
2817511
2742710
2054400
2089821
2125242
2054400
1930428
1965848
1965848
2001269
2125242
2107531
2036690
2054400
1965848
1965848
2018979
1948138
1064828
1035787
1074508
1142270
1151950
1142270
1132590
1055148
1093869
1026107
1122910
1103549
1035787
1151950
1113229
1055148
2012851
1979022
2029766
1792960
1826789
1826789
1826789
2029766
1776045
1877533
1776045
1809875
2012851
1792960
1995936
1979022
509498
488269
488269
450056
501006
501006
458548
467040
492515
484023
458548
458548
496760
445811
458548
496760
1917643
1692038
1772611
1756496
1724267
1756496
1820955
1724267
1837070
1708152
1933758
1837070
1820955
1772611
1869299
1820955
263630
295660
293196
285805
283341
258703
258703
280877
285805
285805
273486
263630
271022
295660
283341
293196
742658
783538
735845
763098
797165
763098
715404
790352
797165
783538
756285
817605
776725
756285
735845
763098
2453611
2539703
2281428
2475134
2281428
2432088
2345997
2281428
2432088
2345997
2582749
2259905
2453611
2582749
2410565
2410565
803445
783018
769401
714930
783018
748974
762592
748974
776210
810254
728548
742165
762592
817063
742165
796636
3024882
3104485
2945280
2865678
3077950
3157553
3077950
3104485
2945280
2812610
2865678
3077950
2865678
3051416
3157553
2892212
2817574
2950478
3163125
3163125
3003640
2977059
2817574
3136545
3030221
2790993
3136545
3189706
2950478
2870736
3109964
3109964
219511
208059
202332
215694
219511
219511
206150
200424
215694
219511
221420
227147
204241
221420
215694
229056
2019465
2037496
1929310
1983403
2055527
2073558
1929310
1893248
2145681
2001434
2127650
2145681
2073558
1965372
2109619
2001434
531179
535879
498274
549981
526478
507675
507675
512376
545281
554682
540580
554682
540580
535879
554682
554682
2675184
2675184
2972427
2625644
2749495
2650414
2972427
2675184
2823806
2799035
2972427
2922887
2600874
2675184
2675184
2823806
2209716
2388883
2329161
2269439
2309253
2209716
2289346
2229624
2110180
2090272
2329161
2368975
2229624
2329161
2309253
2169902
2035024
2052270
1828072
2017778
1845318
1828072
2000532
1931548
2017778
2035024
1914302
1828072
2069516
1879810
2035024
1810826
2912873
2732429
2887095
3041761
2887095
2706652
2783985
2732429
2835540
2938650
2938650
2783985
2990206
2732429
2835540
2732429
35440
35105
35774
36777
39117
37780
37111
37111
36777
36443
37111
38783
39452
39452
37111
39786
2800249
2898503
2898503
2800249
2873940
2603740
2579176
2898503
2775685
2726558
2824812
2824812
2800249
2726558
2947630
2652867
2967692
2646192
2695653
2720384
2893500
2646192
2868769
2794577
2844038
2794577
2745115
2769846
2794577
2621461
2596730
2596730
540696
535825
540696
569923
579665
560181
521211
545567
555309
521211
540696
584536
555309
569923
550438
535825
2523716
2546049
2501382
2345045
2523716
2479048
2345045
2479048
2590717
2680052
2479048
2635384
2389713
2367379
2434380
2568383
1444297
1470557
1457427
1509947
1536207
1378647
1418037
1444297
1496817
1483687
1483687
1444297
1457427
1378647
1575597
1509947
3132019
3079380
3079380
2947782
2974102
2921463
3026741
2974102
3158338
3053060
3158338
3132019
3158338
3026741
2868824
2842504
2812837
2787945
2812837
2787945
2812837
2638591
2912407
2912407
2987084
2688375
2837730
2962192
2862622
2862622
2738160
2738160
991707
947434
991707
1000561
1018270
1000561
947434
1053689
1027125
1035980
1053689
991707
1053689
1062543
938580
1053689
683397
652333
720673
720673
739311
733098
689609
726885
670971
689609
658546
702035
708247
726885
714460
720673
3039613
2907456
2801730
2828161
2854593
3066044
2986750
2828161
2854593
2960319
2801730
3066044
3118907
2907456
3118907
2881024
3077484
3026192
2692798
2795381
2769735
2923609
2846672
2923609
2897964
2872318
2897964
2949255
2974901
3000546
2949255
2872318
3134468
2815708
3001651
3028215
2948525
3054778
2815708
2921961
2815708
2948525
2815708
2815708
2789145
3001651
3107904
3081341
1144423
1035900
1065497
1065497
1183886
1154289
1164154
1134557
1104960
1075363
1154289
1124692
1035900
1104960
1124692
1183886
1665101
1665101
1788442
1757607
1834695
1773025
1850113
1834695
1665101
1788442
1634266
1773025
1757607
1757607
1726772
1850113
2378889
2155233
2155233
2236562
2419554
2378889
2134900
2358557
2378889
2317892
2134900
2216230
2216230
2195898
2419554
2175565
1753932
1606543
1768671
1694976
1724454
1577065
1591804
1768671
1768671
1591804
1665499
1636021
1724454
1577065
1680238
1636021
893532
934899
868712
918352
893532
943173
984540
910079
943173
934899
943173
901806
951446
967993
910079
959720
575956
575956
555568
581053
565762
560665
545374
575956
540277
606538
535180
540277
570859
550471
570859
535180
928302
952519
904086
871797
879869
896014
904086
968664
968664
904086
960591
960591
968664
847581
879869
928302
1005925
1040914
1032167
918453
970936
988431
953442
953442
1005925
979684
1040914
918453
970936
953442
935948
935948
181839
183463
194828
170474
189957
176969
170474
193204
170474
183463
188334
191581
170474
185086
186710
185086
1316275
1236844
1225497
1191456
1191456
1327622
1259539
1248192
1361664
1259539
1236844
1248192
1327622
1202803
1202803
1338969
2606536
2559991
2746172
2792718
2466900
2769445
2606536
2746172
2769445
2559991
2513446
2769445
2746172
2792718
2536718
2676354
1918230
1918230
2153484
2099195
1972519
1954423
1900133
2099195
2008712
1972519
2117291
2044905
2117291
1990616
2135388
1990616
1308962
1252541
1342815
1218689
1320246
1286394
1275110
1218689
1354099
1184836
1184836
1252541
1320246
1354099
1286394
1342815
1712084
1806327
1774913
1806327
1869156
1664963
1822035
1712084
1696377
1727792
1727792
1822035
1822035
1680670
1680670
1712084
3037722
3011307
3064137
3011307
3011307
2958477
2799987
2932062
2905647
3064137
3011307
2879232
2932062
2826402
2826402
3064137
663332
705164
651380
645404
639428
693212
687236
693212
717116
669308
645404
627476
663332
633452
645404
669308
2710082
2785362
2860643
2835549
2835549
2935923
2659896
2810456
2885736
2860643
3011203
2634802
2910829
2910829
2684989
2935923
1321938
1276354
1344730
1242166
1264958
1344730
1321938
1321938
1207978
1264958
1242166
1310542
1333334
1219374
1219374
1253562
2532872
2423697
2532872
2423697
2358191
2598378
2576542
2292686
2358191
2576542
2358191
2336356
2292686
2467367
2314521
2336356
433105
389430
436744
422186
425826
418547
411268
433105
385791
389430
382151
418547
422186
425826
393070
382151
354014
393717
347397
373866
387100
387100
390408
347397
360631
360631
363940
347397
370557
390408
367249
387100
1073748
1073748
1143343
1083691
1103575
1043922
1183112
1143343
1153285
1123459
1073748
1193054
1083691
1173170
1103575
1103575
1478044
1557939
1424782
1517992
1464729
1584570
1571254
1411466
1464729
1451413
1398150
1557939
1451413
1571254
1411466
1584570
706927
726206
764766
739060
758339
751913
764766
706927
713353
758339
674794
739060
706927
771193
764766
713353
647741
671295
665407
683072
677184
635964
624187
647741
683072
706627
635964
688961
635964
706627
665407
641853
2443211
2740050
2694382
2534546
2397543
2443211
2671548
2534546
2671548
2557380
2534546
2488878
2740050
2625881
2625881
2557380
2444968
2401308
2379478
2401308
2444968
2554119
2619609
2597779
2619609
2423138
2292158
2488629
2619609
2575949
2292158
2423138
1787339
1738146
1738146
1803737
1934917
1820134
1770941
1721749
1770941
1836532
1951315
1787339
1754544
1902122
1803737
1820134
1569575
1654417
1682698
1682698
1654417
1626136
1513014
1484733
1513014
1527154
1682698
1484733
1527154
1696838
1583715
1583715
2343292
2447903
2468825
2343292
2489747
2280525
2468825
2301447
2343292
2364214
2364214
2259603
2426981
2364214
2238680
2406058
1483416
1431818
1444718
1535013
1380221
1509214
1496315
1367322
1367322
1354423
1470516
1496315
1444718
1509214
1444718
1457617
2748153
2896702
2822427
2946218
2772911
2896702
2871944
2723395
2698637
2970976
2970976
2748153
2797669
2921460
2822427
2946218
2530353
2819536
2578550
2819536
2699043
2530353
2530353
2554451
2626747
2602648
2578550
2650846
2867733
2578550
2554451
2843634
98710
91783
94380
96978
98710
94380
92649
103905
93515
103905
94380
103905
94380
93515
101307
103039
1924900
2070176
1979378
1961219
1924900
1997538
2106495
1924900
2124654
2088335
1943060
2179132
2142813
2015697
2106495
2088335
2175246
2340979
2340979
2444562
2340979
2340979
2299545
2403129
2216679
2175246
2340979
2382412
2299545
2237396
2423845
2258112
690552
690552
627251
679042
604233
621496
609987
673288
627251
621496
621496
667533
667533
650269
684797
621496
1349452
1449411
1474401
1411927
1424422
1374442
1336957
1399432
1361947
1499391
1486896
1499391
1361947
1374442
1424422
1499391
2771368
2487125
2558186
2771368
2558186
2747681
2795055
2700307
2700307
2795055
2842429
2558186
2723994
2581873
2676620
2747681
2678788
2774459
2822294
2870130
2798376
2774459
2798376
2726623
2846212
2511363
2559199
2870130
2798376
2678788
2535281
2535281
253179
239853
242074
259841
257620
244295
244295
242074
246516
248737
259841
233191
253179
242074
257620
259841
734257
728034
678254
715589
740479
746702
684477
703144
653364
653364
734257
721812
715589
684477
709367
740479
238367
251024
240477
251024
225711
223601
242586
240477
234148
223601
246805
251024
234148
248915
229930
225711
1778844
1630607
1630607
1749196
1556488
1734372
1645430
1586135
1660254
1719549
1586135
1556488
1586135
1630607
1615783
1675078
2103473
2050444
1856006
1891358
1909035
1979740
1856006
1926711
2050444
2015092
2032768
1873682
2103473
2015092
1909035
2121150
2694432
2694432
3002367
3002367
3053689
2822738
3002367
2951044
2797077
2771416
3079351
2720093
3002367
2745754
3028028
3079351
2184609
2368361
2388778
2347944
2184609
2307110
2266277
2347944
2409195
2266277
2205026
2205026
2184609
2368361
2143775
2286693
1180661
1253799
1191109
1212006
1107522
1159764
1149316
1097074
1180661
1107522
1107522
1138867
1232902
1212006
1149316
1222454
1687625
1573210
1687625
1687625
1630417
1630417
1687625
1701927
1701927
1573210
1601813
1601813
1687625
1701927
1616115
1573210
1410016
1510731
1498142
1384837
1359658
1384837
1422605
1359658
1460373
1347069
1447784
1359658
1359658
1485552
1422605
1485552
832553
863676
848114
816991
863676
840333
824772
902580
894800
840333
910361
918142
824772
887019
933704
910361
1848138
2038133
1986316
1899955
2020861
1969044
2020861
1830865
2038133
1848138
2020861
1951772
1882682
2003589
1882682
1899955
1663818
1521611
1592715
1663818
1521611
1678039
1649597
1706480
1692259
1578494
1550053
1649597
1493170
1606935
1635377
1606935
2301496
2124458
2242483
2301496
2124458
2281825
2281825
2360509
2183471
2163800
2104787
2203141
2183471
2262154
2104787
2203141
1629788
1657888
1517389
1643838
1573588
1489289
1545489
1489289
1671938
1559538
1573588
1657888
1671938
1489289
1573588
1559538
651382
669476
633288
693601
633288
717727
699633
663445
651382
651382
717727
693601
651382
657413
717727
681539
703902
747895
659908
672477
741611
685047
672477
691332
672477
747895
754180
722756
659908
735326
666193
716471
1017537
1062963
953941
1072048
999367
1081134
1008452
963026
1072048
1090219
953941
1072048
972112
990282
1008452
1035708
952211
904201
896199
936208
912202
888197
888197
872194
936208
864192
848188
896199
848188
904201
856190
944210
1991366
1973097
2192330
2082713
2174060
2009636
2155791
2082713
2119252
2046175
2192330
2082713
2009636
1973097
2009636
1918289
1166930
1137757
1166930
1137757
1118308
1157205
1050237
1079410
1108583
1118308
1108583
1059961
1030788
1128032
1021064
1157205
2815004
2674254
2650795
2697712
2486587
2510045
2580420
2533503
2627337
2768087
2556962
2815004
2721170
2580420
2744629
2791546
822517
744520
758701
829608
815427
815427
787064
758701
836699
744520
822517
850880
829608
808336
850880
836699
2385223
2425651
2284154
2223513
2162872
2243727
2162872
2243727
2203299
2324582
2425651
2284154
2365009
2284154
2243727
2162872
2510617
2510617
2510617
2620732
2642755
2510617
2466571
2334433
2576686
2576686
2620732
2620732
2312410
2422525
2400502
2356456
1291814
1213182
1347980
1303047
1190716
1201949
1235648
1201949
1269348
1179482
1213182
1347980
1303047
1347980
1269348
1347980
1567476
1596774
1713969
1538177
1626073
1684670
1728618
1655372
1567476
1655372
1538177
1743267
1699319
1757917
1582125
1655372
905114
834279
850020
936596
850020
834279
928726
842149
834279
905114
920855
857891
928726
834279
944467
889373
98819
105284
97896
107131
102514
100666
101590
102514
99743
108978
97896
103437
107131
109902
106208
98819
271076
259392
268740
254718
266403
257055
257055
252381
266403
259392
254718
252381
250045
257055
247708
252381
725619
759526
800215
766308
806997
712056
739182
752745
739182
773089
759526
806997
725619
773089
759526
786652
664241
689072
720111
664241
726319
689072
651825
658033
682864
707696
676656
651825
682864
664241
701488
689072
1823108
2046697
2029498
1960701
1943502
2046697
1943502
2029498
2029498
2012299
1943502
2063896
1857507
1805909
2012299
1805909
876868
800618
853993
861618
869243
869243
853993
914992
831118
831118
884493
853993
907367
892117
907367
884493
2889903
2767450
2767450
2938885
2644996
2718468
2816431
2889903
2938885
2644996
2791940
2938885
2914394
2620505
2816431
2596015
657772
663300
602497
652245
613552
596970
591442
652245
580387
619080
641190
657772
624607
630135
663300
591442
1732166
1831147
1963121
1880637
1930127
1831147
1979618
1963121
1963121
1880637
1847643
1930127
1732166
1946624
1765159
1781656
2735099
2760661
2939593
2811784
2709538
2939593
2939593
2811784
2914031
2811784
3016278
2990716
2760661
2939593
3067401
2914031
997294
1044336
1119604
1063153
1063153
1100787
1044336
1110195
1091379
1100787
1063153
1129012
987886
1100787
987886
1016111
1188991
1095940
1188991
1126957
1157974
1168313
1137296
1095940
1085601
1147635
1157974
1137296
1126957
1230348
1085601
1116618
750248
731174
743890
673952
686668
743890
699384
699384
756606
673952
756606
737532
686668
686668
743890
673952
2358298
2256647
2439619
2419289
2398958
2134666
2175327
2154996
2195657
2215987
2276977
2378628
2134666
2398958
2256647
2317638
2164842
2221316
2108368
2014245
2014245
1995420
2089543
2164842
2202492
2146018
2014245
2051894
2240141
2070719
2183667
2014245
1359688
1336836
1268280
1234002
1245428
1245428
1268280
1279706
1199724
1245428
1302558
1279706
1325410
1336836
1234002
1234002
1485383
1512890
1567904
1444122
1622918
1457876
1581658
1526644
1581658
1471629
1526644
1512890
1512890
1554151
1457876
1581658
1123361
1208950
1134060
1123361
1219649
1230348
1134060
1230348
1144758
1134060
1251745
1198252
1262444
1208950
1134060
1230348
1341144
1318791
1184677
1184677
1173501
1329967
1341144
1262910
1285263
1184677
1285263
1318791
1341144
1262910
1207029
1307615
2532572
2764918
2695214
2788153
2788153
2579041
2439634
2509337
2555807
2718449
2741683
2695214
2486103
2602276
2602276
2555807
1319337
1228348
1262469
1239722
1251096
1353458
1364832
1364832
1330711
1205601
1194228
1285216
1205601
1330711
1239722
1296590
912271
920959
999154
912271
990466
1042596
938336
999154
1007842
938336
1042596
1025219
1016531
938336
1007842
981777
299480
288590
310370
307648
296757
323983
299480
299480
313093
323983
310370
315815
307648
318538
291312
296757
783683
798610
791146
828465
880710
895638
798610
843392
813537
843392
783683
880710
858319
858319
850856
835928
2506918
2437282
2646191
2576555
2460494
2437282
2762252
2599767
2692616
2576555
2785465
2646191
2762252
2762252
2622979
2646191
1800787
1865101
1736473
1816865
1704316
1704316
1897258
1736473
1768630
1752552
1688238
1704316
1832944
1849022
1784709
1800787
1392143
1249359
1285055
1380244
1332649
1308852
1415940
1249359
1404041
1415940
1392143
1380244
1249359
1380244
1249359
1273156
364952
381693
354908
374997
378345
395086
368300
388390
364952
368300
378345
361604
374997
395086
368300
401782
