321280
360314
345301
399348
321280
375327
378330
339296
330288
435379
345301
342298
351306
372324
423369
351306
2329311
1884786
2524902
2222625
1884786
2364873
2115939
2115939
2347092
2080376
1920348
2400435
2027034
2044814
2062595
2507121
1078736
864518
1078736
879820
887470
986928
1040482
810964
841567
979278
1094037
1109338
956326
856868
925723
925723
237903
273478
277925
257914
235680
320169
309052
233457
309052
237903
273478
251244
289042
269031
257914
269031
317943
343379
267072
368814
328117
274703
279790
307769
295051
325574
348466
353553
343379
338292
297595
320487
1636726
1614151
1185215
1444834
1501273
1365820
1286805
1264230
1444834
1456122
1569000
1501273
1501273
1444834
1286805
1535136
3457424
3219891
3167106
3061535
3826919
3061535
3272676
2955965
3246283
2903180
3457424
2876787
3087928
3536601
3035143
3694956
2709127
2579089
2470724
2774146
2860838
3120914
2362359
3012549
2427378
2969203
2795819
2362359
3120914
3055895
2275667
3034222
2499445
3084901
2724621
2814691
2521963
2499445
3129936
2364340
2454410
2589515
2612033
3174971
2544480
3265041
3220006
2679586
1398224
1223446
1258401
1689521
1223446
1666217
1339965
1270053
1584654
1538046
1223446
1514743
1596306
1270053
1433180
1666217
344274
307387
258205
292632
334437
344274
260664
295092
260664
268041
272960
334437
336896
287714
354110
295092
2076222
2058010
1985160
2240135
2240135
2349409
2058010
2240135
2531534
2039797
2549747
1930522
2221922
2058010
2422259
1948735
575401
590155
550811
521303
531139
619662
619662
604909
609827
585237
555729
570483
516385
619662
526221
590155
2367578
2663526
2312088
2275095
1979147
2127121
2090128
2497055
2441565
2460062
2127121
2034638
2145618
2589539
2108624
2552545
2334041
2595453
2464747
2614126
2352713
2464747
2390058
2390058
1979266
2334041
2278024
2632798
2539436
2502092
2334041
1979266
480025
617810
511138
573363
475580
613365
537806
546695
515582
586697
466691
600031
533361
577808
560029
591142
1005332
1055183
1005332
897321
1105034
1188119
1121651
1096725
1088417
1113343
1113343
1154885
922246
1080108
1204736
922246
789942
905544
873432
719297
693608
802787
789942
867010
757831
732142
860588
719297
732142
815632
757831
918388
1488235
1334279
1477971
1149533
1098214
1077687
1221379
1077687
1190588
1159796
1129005
1344543
1149533
1313752
1344543
1344543
2420808
2135018
1882851
2387186
2067773
1849228
1781984
1916473
2387186
2370374
2303130
2000529
2202263
2017340
1866039
1849228
2920514
2327946
2899351
2603067
2306783
2433762
2433762
2222130
2666556
3047493
2941677
2454925
2327946
2687720
2454925
2857025
1250671
1239091
1447536
1621240
1389634
1320153
1378054
1447536
1598080
1239091
1517017
1586499
1285412
1250671
1435955
1482277
74178
82905
82282
77918
76672
77918
76672
70438
82282
85398
87892
74178
82905
79165
74178
81035
795422
978440
1006597
1013636
901009
872853
929166
985479
908049
999557
1013636
1006597
1013636
746148
858775
886931
1998367
1850946
2162167
2047507
2113027
2244068
2178547
2342348
2358728
2031127
2014747
1949227
2014747
2080267
2211308
1769046
392689
419875
428937
438000
425917
353420
401751
359462
386648
356441
407793
347379
353420
404772
371544
323213
654250
663664
569527
597768
588355
635423
527166
522459
578941
682491
494218
578941
545993
682491
663664
578941
3263905
3288445
2601307
3386608
3239364
2576767
2969417
2674929
2895795
3239364
3165742
3484770
3509311
2674929
2724011
2699470
1857143
2343124
2377837
2134847
1874499
1839786
2048064
1822430
2013351
1909212
2065421
2516689
2169560
2516689
1995995
2377837
215283
162220
180413
218315
168284
165252
195574
186477
184961
218315
162220
166768
169800
201638
197090
204670
3561532
3093594
3301566
2807631
2729641
2833628
3717512
3067597
3587529
2755638
3327563
3353560
3015604
3119590
3067597
3067597
3304552
3475900
2668120
2741555
3231118
3084249
3304552
3475900
3084249
2570207
2839467
2839467
2986336
3353509
2814989
3377987
1176271
1005522
1252159
1185757
1318562
1024494
1147813
1290104
1109869
1024494
1147813
1309076
1176271
1043466
1356506
1299590
2491259
3008313
3407855
2702781
3313845
2632274
3337347
3219835
2608771
2867298
3360850
2467757
2749786
2937806
2726284
2984811
1206364
1067502
998071
954676
954676
1145612
1041465
1119575
1197685
972034
937319
911282
1232400
1162969
972034
963355
1879739
1879739
2112627
1896374
2362150
2378784
2328880
2245706
2345515
2062722
1763295
2345515
2046087
2312245
2029452
2229071
924686
924686
724230
853556
847090
898821
711297
924686
737162
853556
730696
750095
937619
911753
918220
724230
3182744
2681524
2681524
3633842
3257927
3257927
3232866
3132622
2831890
3558659
2907073
2831890
3633842
2907073
2831890
3308049
1058266
812331
1006098
879404
924119
894309
1065718
864499
879404
1006098
797426
1006098
804878
1035908
998645
909214
3512605
2943662
2918925
3438395
3388922
3265239
2844715
3487869
2943662
3487869
2745769
3487869
3314712
3240502
2622085
3463132
2621504
3259168
3353636
3377253
3282785
2715973
3046613
2692356
2503418
3022996
2810442
2952145
3235550
2715973
2857676
3022996
303120
270554
323161
303120
290595
340697
275564
358233
288089
270554
290595
333182
288089
290595
308130
290595
1197905
1123553
925279
974847
941801
1090507
1090507
1016154
1049200
1040938
908756
1032677
1007893
1073984
991370
917017
2542610
3382371
3219084
2915837
3149104
2915837
2939164
3335718
2752550
3382371
3009144
3125777
2869184
2892510
3195757
2682570
3182298
2834234
2784511
3580086
3207160
3033128
3182298
3555224
3406054
2908820
3008266
2759649
2983405
3157437
2784511
2734788
1250170
1318539
1103666
1064598
1142734
1220870
1035297
1299005
1103666
1132967
1162268
1328306
1162268
1377141
1230636
1250170
246332
201381
233746
199583
188795
215766
212169
195987
217564
197785
260717
242736
204977
199583
219362
194189
2565670
2585714
2625803
2265005
2645847
2405316
2705980
2886379
2525581
2705980
2285050
2104651
2705980
2886379
2345183
2505537
1696216
1778959
1820330
1861701
1834120
1613474
1475570
1999605
1806539
1778959
1641055
1558312
1737587
1723797
1544522
1875491
1635064
1864547
1993631
1505980
1950603
1778491
1534665
2065344
1921917
2022316
1936260
2079687
1764148
1850204
1835861
1706777
2472464
2332182
2384788
2297112
2104225
2086689
1999013
2226971
1981478
2402323
2209436
2051619
2174366
1999013
2437394
2174366
2774464
3110084
2349344
2729714
2617841
2684965
2998211
3065335
3020585
2819213
2729714
2953461
3154834
3132459
3244332
2505967
2553794
2716308
2809173
2902038
2832389
3227067
2669875
3064552
2646659
2530577
3157418
3134201
3018120
3110985
3110985
2530577
1138778
862217
1179448
1130644
1130644
1081839
1163180
1138778
927290
1065571
1081839
1146912
1098107
1000497
959827
943559
437300
437300
340122
416042
391748
409969
327975
388711
419079
422116
406932
419079
376564
400858
379601
388711
197476
192186
199239
216871
218634
248608
193949
208055
188660
236266
201002
193949
222160
232739
197476
232739
27093
27492
25300
24105
28687
20918
28090
28488
21515
24105
28886
28090
20918
21316
27492
21117
2110592
1954893
1885693
2352791
1902993
2179792
2421991
1972193
2179792
2300892
1937593
1972193
2127892
1902993
1885693
2075992
1041535
967668
967668
960281
1011988
997215
1048922
827319
827319
782998
856866
893800
1071083
1011988
1019375
930734
2588685
2051773
2492808
2013422
2473633
2703738
2205176
2722913
2205176
2013422
2128474
2051773
2032597
2684563
2013422
2550334
2102620
2190965
2526678
2226304
2031944
2456002
2544347
2367656
2526678
2420663
2544347
2279311
2402994
2120289
2137958
2014275
2356678
2319855
2154151
2485559
2448736
2669674
2356678
2559205
2246209
2264620
2227797
2430324
2098916
2319855
2614440
1988447
2078947
2094696
2283692
1921451
2173444
1826953
2189194
1669457
1984449
1889952
1826953
2063197
2063197
2141945
1921451
1653708
2889771
3044580
3457405
2889771
2734962
3147786
3689618
3534809
2734962
3483206
3431603
3096183
3147786
2760763
2863969
3586412
2922248
2333594
2543827
2964295
2228477
2249500
3006341
2627921
2438710
2354617
3027365
2480757
2606897
2291547
2796108
2207453
1729090
2211989
1962751
1978328
1884864
1775822
1853709
2025060
2180834
1713512
1884864
2243144
1884864
1635625
2087370
2134102
271711
290613
259898
323691
252809
335504
307152
278799
271711
297701
285887
330779
262260
264623
314240
264623
3032578
3182954
3508768
3283204
3383455
2756889
2631576
2631576
2731826
2631576
3583956
3358392
3333329
3533830
3558893
2932327
1135456
1144840
1154224
1144840
1107304
1248064
1116688
1172992
1210528
1172992
1032233
1107304
1248064
1116688
1219912
1163608
3567548
3341436
3190694
3316312
2663099
3341436
3366559
3542424
2663099
2989706
2637975
2964582
3567548
3140447
3441930
3240941
2702922
2581895
2783606
2178474
2642408
2117961
2158303
2602066
2279329
2218816
2360014
2178474
2279329
2178474
2924803
2541553
3514909
3411529
2791251
3178925
3514909
3075545
3282304
3747513
3747513
3721668
3695823
3747513
3230615
2946320
3644133
3333994
211151
177302
177302
199868
214374
225657
180526
180526
204703
212762
199868
204703
227269
196644
219210
233716
1468208
1638625
1481316
1586189
1507534
1494426
1455099
1795933
1900805
1599298
1638625
1756606
1376445
1861478
1887696
1402663
3305984
2695648
2822802
3636582
2924524
3687444
3458568
3687444
2822802
2797371
2924524
2746510
3331415
2670218
3382276
3407707
478535
647162
524110
601587
615259
624374
556012
505880
647162
542340
533225
528667
615259
615259
642604
647162
2847709
2431985
2722992
2598275
2722992
2556702
3013999
2889281
2764564
2577488
2598275
2494344
2930854
2619061
2702206
2972426
2938284
2541849
2891645
2611808
2611808
3288080
3288080
2868325
2658448
2658448
2588488
3148162
2635128
2611808
2448570
3241441
2168887
2741800
2516727
2434882
2516727
2209809
2353038
2844106
2803184
2680417
2455344
2700878
2864568
2291654
2721339
2189348
2151517
1712122
1969698
1969698
2106062
1651516
1909092
1878789
1621213
2106062
1651516
2181820
1878789
2136365
1681819
2015153
1923000
1753324
1795743
1710904
1654346
2050257
1512948
1838162
1498809
1569507
1498809
1753324
1498809
2050257
1668485
1569507
3352053
3038551
2580357
2652703
2917974
2869743
3279706
2797396
3255591
2869743
3231475
2966205
2556241
2869743
2821512
3062667
266590
268849
253034
298219
316293
286923
237220
257553
241738
246257
282405
250775
277886
246257
320812
289182
2817361
3508896
2868586
3022260
3201547
3252772
3636957
3175935
2894198
3406446
2766137
3713795
3124710
3227159
3432058
2971036
668144
668144
526986
668144
512871
550513
494050
545807
654028
494050
526986
498755
602270
611681
494050
574039
862785
1183248
969606
1158597
977823
1002474
871002
953171
1092861
1068210
1142163
1133946
1125729
1175031
862785
920304
2316154
1816264
1882916
1982894
1816264
1799601
1782938
2399469
2099535
1966231
1866253
2199513
1832927
2399469
2366143
2416132
2291757
3055677
2334197
2694937
2801037
2376637
2249317
2355417
2461517
2694937
2610057
2779817
3013237
2397857
2249317
2334197
2691881
2165209
2223728
2301754
2262741
2750400
2184715
2438298
2301754
2750400
2496817
2204222
2321260
2048170
2808920
2652869
1615890
1773538
1655302
1734126
1523929
1576478
1484517
1865499
1812950
1865499
1826087
1668439
1458242
1484517
1550203
1694714
1727128
1519353
1740114
1493381
1818030
1428452
1467410
1428452
1882959
1506367
1545325
1480396
1441438
1701156
1636227
1558311
306891
275981
249487
273773
302475
289228
284812
258318
287020
262734
240655
304683
284812
295851
264942
273773
2958894
3066883
2354156
2958894
2483743
2829307
2440548
2591732
2699721
2980492
2526939
2548536
2462145
2526939
2786112
2872503
614349
562285
728889
734095
734095
671619
661206
546666
749714
666412
656000
546666
588317
609142
702857
557079
799458
870206
940955
940955
905580
1011703
983404
771158
940955
976329
877281
884356
749934
792383
969254
969254
1198002
1427619
1237935
1387685
1158068
1178035
1168051
1267885
1297835
1188018
1307818
1407652
1247918
1078201
1098168
1198002
3336302
3361015
3459869
2718468
3336302
3583435
2842035
2767895
2693755
3188022
3163308
2594901
3039742
3361015
2891461
2916175
2376659
2032216
2187215
2324992
2393881
2204437
1825550
1894438
1997771
1842772
2324992
1997771
2411103
2290548
2187215
2324992
2101009
1770850
2025973
1590764
1665800
1890908
1875901
1755843
2116016
1935930
2176045
1635785
1965944
1665800
1950937
1770850
3060844
3011476
3332371
2739949
3381739
3036160
3579213
3159581
2665896
3332371
3208949
2912739
3554529
3011476
3159581
3529844
1333572
1268292
1333572
1277618
1221664
1128407
1035150
1184361
1016499
1258966
1221664
1230989
1109755
1333572
988522
988522
2538862
2726926
3126562
2679910
3126562
3408658
3338134
3197086
3408658
2491846
3056038
3361642
2703418
3291118
3079546
2797450
2474275
2079078
2130626
1872889
2233721
1958801
2027531
1907254
1958801
2457093
1872889
2233721
1958801
1821341
2388363
1975984
268878
252927
275714
259763
255206
248370
255206
303057
321286
293943
309893
284828
312172
319008
325844
323565
2841941
3194248
2771480
2724505
2724505
3194248
3076812
2701018
3382145
3358658
2865428
3006351
2560096
2724505
3006351
2794967
3472378
3075534
3521983
3224351
2877113
3100337
3422772
3373167
3125140
3075534
3298759
2753099
2728297
3001126
2976324
2901915
819128
779584
734390
615758
655302
672250
649653
649653
604460
660951
666600
723092
711794
819128
762636
706145
1514941
1324082
1336011
1550727
1443369
1491083
1276367
1467226
1443369
1586513
1514941
1550727
1359868
1479155
1574584
1574584
236242
236242
242685
294229
240537
268457
300672
236242
225504
268457
311410
270605
225504
283491
292081
300672
321614
337695
326974
292133
385937
337695
343055
310893
356455
284092
318934
289452
345735
326974
310893
375216
1242228
1552786
1242228
1353142
1441872
1264411
1430781
1253320
1519512
1541694
1464055
1330959
1264411
1220046
1552786
1597151
945289
938339
771523
959191
736769
799325
986993
750671
959191
931388
785424
847980
917487
854931
875783
903585
1657896
1945630
1740105
1589387
1781210
1452371
1767508
1507178
1479774
1548283
1794912
1740105
1931928
1452371
1589387
1548283
1153374
1345603
1326380
1259099
1018813
1364825
1316768
1355214
1230265
1335991
1384048
1134151
1287934
1009202
1384048
1287934
2387251
2505627
2505627
2367522
2742379
2762109
2130769
2781838
2406980
2249145
2485898
2406980
2189957
2111040
2111040
2722650
137349
102301
120299
136402
111774
109879
129771
107985
125035
105143
107985
116510
137349
137349
131666
137349
2942067
2942067
2302487
3048664
2366445
2643596
2622277
2515680
2942067
2963386
2771512
2345126
2451722
2494361
2920748
3027344
804430
881655
746511
701462
707898
855913
688592
707898
740075
920267
695027
849478
740075
868784
778688
926703
1372701
1201113
1402981
1382794
1312140
1180926
1079992
1402981
1079992
1170833
1332327
1271767
1413074
1433261
1231393
1322234
2975508
2950712
3074691
3149079
3471426
3421834
3421834
3297854
2975508
2950712
2925916
3049895
2727549
2851528
2826732
3173875
2489615
3234172
3164370
2885161
3350509
2582684
3001498
3350509
3234172
2559417
2605952
2768824
3350509
2931696
2978231
2443080
1444128
1422734
1315761
1272972
1272972
1198092
1123211
1444128
1144605
1155303
1379945
1412037
1123211
1315761
1133908
1401339
3799733
3223222
3459067
3747323
3485272
2987376
3380452
2987376
3459067
2987376
3485272
3590093
3197017
3380452
3013581
3301837
1794424
1639510
1458776
1510415
1858972
1691148
1846062
1458776
1742786
1871881
1445867
1368410
1407138
1833153
1562053
1600781
1852560
1603709
1783435
1589884
1548408
1755785
1811085
1631359
1659009
1589884
1520758
1659009
1728135
1714309
1824910
1479283
2396132
2073249
1801348
1954292
1818341
2277175
2090243
1869323
2277175
2328157
2209200
2039262
2447114
1903311
2379139
2209200
2898350
3654442
2847944
3125178
2948756
2721929
3604036
2973959
3629239
3225990
3074772
3074772
3503223
3352005
3478020
3478020
3253447
3695916
2889061
3461668
2967144
2915088
3565778
3123309
2941116
2993171
2810978
3409612
2732895
3565778
3071254
3357557
1375027
1081056
1014675
1213817
1242266
1033641
1147436
1128471
1052607
1327613
1346578
1062090
1005192
1071573
1137954
1289681
135949
139265
130423
145896
149212
131528
119370
142581
153633
154739
154739
119370
122686
148107
148107
122686
3269910
2919562
3246553
2709354
2569215
2732710
2896206
3106414
3223196
2592571
2522502
2615928
3153127
3386692
2639284
2499145
1159185
1159185
1426690
1159185
1307799
1377152
1070017
1396967
1287984
1337521
1179000
1297891
1040294
1287984
1060109
1337521
1715102
1802311
1540685
1584289
1744172
1831381
1860450
2005798
1773241
1555220
1744172
1627894
1918589
1845915
1613359
1845915
244728
248806
263082
269200
244728
224334
269200
287555
275319
287555
224334
220255
285516
263082
228412
222294
2548585
2548585
2548585
2769328
2147233
2388044
2267638
2729193
2508450
2227503
2789396
2528517
2187368
2628855
2367976
2107098
1474013
1386664
1179210
1168292
1539525
1168292
1583199
1539525
1299315
1310234
1583199
1244722
1321153
1332071
1528606
1201048
1134950
1054600
1335826
1355914
1275563
1124906
1074687
1426221
1215301
1325782
1365958
1365958
1446308
1094775
1386045
1355914
3643608
3036340
3379578
2983534
3485190
2877922
3405981
3221161
3194758
3221161
3062743
2851519
3141952
3590802
3722817
3009937
1888152
1978064
2607448
2049993
2319729
2085958
2211835
2499553
2571483
2211835
2103940
2607448
1960081
2445606
2032011
2427624
1842974
2118559
2463040
2066887
2032439
2187455
1860198
1911870
2239127
2445816
2394144
2256351
2084111
2445816
1877422
1997990
3481838
3457825
2545344
3217699
2665407
3169673
3001585
3481838
2905534
2713432
3481838
2953559
3409800
3385787
3457825
2521331
724951
804242
662650
713623
628668
685305
679641
764596
736278
809906
781587
730614
730614
758933
628668
645659
434065
357103
427908
357103
354025
427908
409437
354025
354025
384810
347868
384810
384810
427908
381731
381731
2737975
2556785
2355463
2456124
2315199
2878900
2597049
2798371
2798371
2113877
2234670
2214538
2677578
2858768
2798371
2174274
1790816
1882652
2173469
1836734
1637754
2096938
1897958
1943877
1867346
2142856
2051020
2158162
1760203
1790816
1882652
1653060
2348149
2511973
2329946
2493771
2621190
2257136
1984095
2147919
2038703
2384555
2530176
2511973
1947689
2311744
2238933
2238933
1742413
2373000
1958140
2207056
2356406
2290028
2356406
1908357
1974734
2057706
1808790
1974734
2323217
2256839
2007923
2389595
505066
659771
577869
514166
573318
523267
536917
650671
482315
505066
618820
518717
623370
618820
646121
550568
650870
679585
545582
646084
569511
607797
526439
636512
579083
526439
650870
564725
559939
574297
564725
622155
67769
55257
59428
71939
62556
68811
70896
60470
56821
69854
62556
55257
60470
66205
68811
66205
439001
496575
507370
442599
478583
410214
442599
507370
500173
503771
492976
503771
503771
449796
381427
474984
176662
153736
155085
183405
172616
194194
159131
171268
163176
173965
176662
184754
182056
144296
190148
146994
1398153
1243945
1408433
1418714
1130859
1480397
1079456
1336470
1305628
1130859
1120578
1120578
1089737
1243945
1470117
1480397
3215056
2827425
2576605
2462596
2781822
2576605
3215056
2439794
3260660
2804623
2736218
2531002
3306263
2599407
2895831
3009840
1770843
1704767
1559399
1823704
1559399
1704767
1599045
1572614
1797273
1902996
1546184
1387601
1797273
1400816
1519753
1585830
636434
792650
838936
821579
810007
630648
792650
648006
624863
769507
786864
804222
688506
636434
676935
613291
1998822
2365578
2402254
2017160
2658983
2072173
2493943
1980484
2053835
2218876
2475605
1943808
2402254
2365578
2292227
2365578
1595405
1571943
1571943
1266939
1372517
1689252
1513288
1454634
1372517
1665790
1266939
1266939
1337324
1571943
1642328
1325593
2522751
2578812
2279820
2205071
2560125
2335881
2429316
2149010
2578812
2223758
2018201
2653561
2522751
2092949
2261133
2261133
1783400
1707186
2194954
1768157
2103498
1966313
1783400
2088255
1996798
1676701
1890099
1691944
2194954
1600487
1752915
1935827
2593585
2695694
2552741
2471053
2266834
2675272
2368943
2654850
2920335
2368943
2777382
2859070
2940757
2736538
2879492
2185146
2861399
2885648
3297884
3103891
2570409
2570409
3103891
2982645
2715904
2643157
3055392
2546160
2594659
2958396
3225136
3176638
89685
88190
86696
84453
88190
107622
82211
103138
103885
101643
85201
101643
103885
97906
78474
98654
1823412
1712902
1837226
1726716
1726716
1947735
1906294
1878667
1491882
2002990
1491882
1712902
1630020
1851039
1712902
1574765
148869
144067
128459
134462
147668
166877
127259
163276
139264
148869
157273
154872
128459
127259
127259
169278
3670247
3670247
3385932
3230851
3230851
3153310
2791455
3618553
3489319
3230851
2713915
3334238
3696093
2791455
3385932
3463472
372693
378173
301442
375433
345289
287740
337067
348029
397356
304183
375433
304183
304183
312404
331587
293221
2758654
3310385
2597733
2459800
2896587
2781643
2620722
3126475
2689688
3218430
2574744
2781643
3218430
3333374
2850609
3011531
2799882
2543404
2906748
2372419
2970867
2671643
2735763
2778509
3056360
2949494
2650270
2286927
3056360
2821255
2757136
2671643
1611005
1412547
1575983
1587657
1482591
1284134
1692722
1611005
1319156
1540961
1424221
1435895
1587657
1505939
1249112
1330830
1945515
2334618
1927828
2440737
1927828
1945515
2546856
2228499
1963201
2157753
2281558
2051633
2316931
2140066
2352304
2493796
2892536
2242763
2682932
2850615
2263724
2913496
2745813
2787734
2326605
2913496
2787734
2494288
2326605
2808694
2557170
2661972
2723031
2958884
2980325
2508619
3023207
2637266
2680148
2744472
2465736
3066090
2765913
2744472
2337089
3087531
2572942
2980325
2440532
2130912
2476958
2313042
2331255
1966996
2367680
2549810
2203764
2568023
2422319
2604448
2513384
2440532
2495171
2367680
2556843
2982984
3030333
3361776
3290752
3338101
2959310
2675216
2675216
3006658
3148705
2817263
3243403
3385450
2959310
2746239
1548277
1908652
1481541
1775180
1801874
1855263
1868610
1454846
1615013
1841916
1481541
1708444
1401458
1881958
1935346
1601666
3483335
3137472
3508040
2742200
3310404
2964541
2593973
3384517
3458631
3162177
3038654
2618678
3063359
3088063
2989245
3088063
189372
173827
173827
200678
186546
189372
175240
176653
193612
182306
168174
155455
183719
171000
199265
169587
2147167
2293982
2642667
2514204
2642667
2385741
2183871
2587612
2110463
2422445
2459149
2569260
2624315
2605964
2422445
2183871
2884711
3024294
2675337
2559018
3280195
3047557
3047557
3280195
3187140
2442699
3070821
3140613
3024294
2489226
2977766
2512490
1555958
1901726
1489464
1635751
1861830
1436269
1635751
1848531
1728842
1476165
1768739
1715543
1888428
1742141
1489464
1436269
2270409
2573131
2746114
2616376
2378524
2724491
2854229
2486639
2983967
2400147
2767737
2767737
2746114
2940721
2919098
2378524
1077228
1029351
925618
1085207
997433
1125105
949556
1085207
933597
981474
989454
925618
869762
885721
933597
1125105
2343600
3124800
2408700
3124800
2604000
2690800
2821000
2929500
2473800
2972900
3016300
3038000
2343600
2842700
2321900
3146500
3659980
3500851
3474329
3341721
2784768
3182592
3262156
2837811
3845632
3686502
3103027
3368243
3553894
3845632
2996940
2811289
534759
635027
501337
506111
544308
625477
549083
606379
539534
654125
615928
553858
568182
529985
654125
520435
1903634
1514570
1625731
2014795
1611836
1681311
1917529
1695207
1486779
1792473
1695207
1903634
1639626
1542360
1945319
1834158
2388733
2355557
2123319
1907669
1874492
1891081
1841315
2372145
2206261
1907669
2156495
2289203
2056965
1741785
2322380
1940846
918331
935658
1169572
944321
1178236
926994
1256207
1238880
1048283
1186899
1117591
1169572
1048283
1030956
1204226
1065610
3212966
3093967
2546573
2808370
2927369
2522773
3189166
2784570
3093967
2689371
2546573
2641772
2808370
3450963
3046368
2713171
1502309
1420151
1690097
1490572
1584466
1431888
1690097
1232362
1420151
1314520
1384941
1255836
1502309
1690097
1572729
1490572
1247395
999686
1273936
1043920
1114694
1238549
973145
946605
1114694
1026226
1212008
937758
1043920
1123541
1220855
946605
908074
875173
756728
697506
802790
934395
756728
815951
750148
940975
756728
848852
881753
855432
815951
927815
1256516
1108177
1212887
977290
1239065
1012193
951113
1239065
1195435
1239065
994742
968564
986016
1151806
1186710
1212887
2227277
2440321
2227277
2266012
2575894
2788938
2730835
2440321
2188542
2130439
2595262
2052968
2692100
2072336
2672732
2614630
1083850
1045484
1189358
1160583
1198950
1381190
1246908
1362007
1266091
1333232
1266091
1390782
1304457
1333232
1323640
1093442
768270
866608
694516
682223
669931
854316
737539
842023
780562
811293
848170
872754
719100
786708
817439
860462
2970995
2970995
2732448
2450529
2298726
2428843
2645704
2537273
2385471
3036054
2493901
2277040
2428843
3144484
2862565
2667390
126502
119324
99586
120222
125605
116633
97792
128296
105867
128296
127399
97792
127399
117530
113044
109455
436835
474278
578287
482599
578287
557485
603249
490920
549164
507561
561645
453477
465958
599088
478439
453477
2386360
2386360
2009566
2206934
2224877
2135164
2099279
1991624
2458130
2296647
2188992
2045451
2081336
2009566
2242820
1901911
2048217
2358031
2031005
2220336
1910522
2426879
2117064
2289184
2065429
2340819
2048217
2203124
1910522
2013793
2254760
2289184
190505
224020
195797
211672
246951
213436
241659
239895
227548
245187
255771
243423
222256
232840
197561
222256
1598909
1833232
1874583
1474855
1626476
1984852
1722962
1847015
1929717
1778097
1778097
1764313
1722962
1695395
1695395
1888366
1283267
1378324
1520910
1497145
1580320
1699141
1722905
1247621
1722905
1413971
1425853
1473381
1592202
1425853
1485263
1485263
2224309
2000154
2258795
2189824
2379493
2155338
2258795
2172581
2207066
2379493
2345008
1844969
2362251
1862212
2482950
2276037
2326193
2148621
2343950
1917777
2201892
2095349
1988806
1882263
2219650
2024320
2148621
2130864
2290678
2130864
2468250
2130864
3131989
2456020
3154522
2613746
2365891
2433488
2906666
2839069
2501085
3064392
2388423
2613746
3199586
2974263
2613746
2771472
650331
504242
579643
565506
504242
607918
508955
499530
659757
574931
570218
655044
551368
504242
622056
589068
2828299
2668637
2554593
2394931
2759873
2623020
2965153
3193241
2714255
2759873
3033579
2873917
2600211
3033579
2554593
2508975
3273468
2746966
3113229
2632509
2518052
2518052
2815640
2930097
2724075
3090337
2495161
3227685
3319251
2586727
2540944
2907206
2995269
2362466
2847615
2214812
2214812
2847615
2214812
2341372
2721055
2510120
2615587
2678868
2594494
2678868
2615587
2214812
3064478
3483551
3038285
2750172
2828748
3562128
3562128
2854941
3562128
2959709
2881133
3797857
3038285
3378783
2750172
3274015
1875109
1633159
1769256
1950718
1920474
2086815
1693647
2056571
2177546
1859987
2117059
1950718
2147302
1648281
2011206
2026327
25652
23632
22420
22824
24238
23026
21410
21208
24844
21410
27066
27672
27874
29288
21410
28884
181994
223501
231483
185187
229887
201151
223501
202747
202747
194765
207537
223501
207537
185187
228290
229887
133397
138450
120260
108133
138450
116217
109143
126323
129355
120260
144514
117228
108133
107122
125313
133397
1088967
1073947
878684
968805
818603
976315
968805
796072
931254
1021376
998845
1021376
1013866
826113
1051416
811092
3385676
2635990
2563440
3313125
2611807
3337309
3071291
2587623
2805274
3264759
3168025
2853641
3506593
3143842
3434042
3216392
3250789
3155875
3416888
2681308
2538937
2515209
2894863
2847406
2942320
2776221
2681308
3037233
3393159
3298246
2610122
3037233
2142433
2356677
1878749
2274275
2257795
1928190
2323716
2060032
2340196
2109473
2043552
1911710
1928190
1812828
2389637
1961150
2762723
2851843
2539923
2851843
2517643
3007804
3052364
2740443
2562203
2985524
3208324
2874123
2985524
2539923
3052364
2985524
2439744
2879338
2417764
2945277
2439744
2593602
2659541
2769439
2923297
2989236
2527663
2395785
2791419
2901317
3165073
2593602
1049592
1099179
933889
900831
1090915
1140502
909096
1082650
1123973
1074386
1033063
900831
1165295
1148766
1190089
1115708
3291903
2955504
3339960
3363988
2595076
3484131
3219817
2931475
2883418
3291903
3243846
2547019
2547019
3243846
3171760
3267874
3342376
2654937
2773461
2797166
3200148
2631232
3389786
2963100
2773461
2749756
2963100
3223852
2820871
3366081
2512708
2678642
1787545
1690546
1510406
2009256
1787545
1995399
1759831
1662832
1718260
1898400
1704403
1912257
1510406
1759831
1579691
1939971
913285
871133
814931
772779
744678
892209
990563
906259
885184
906259
1004613
969487
969487
737653
821956
997588
3083948
2882821
3195685
2905168
2547609
2569956
2949863
3218032
3039253
2614651
2525261
2346482
2771083
2636999
2636999
2949863
352713
355406
360790
288094
333866
290786
347328
366175
320403
355406
282709
379638
333866
317711
360790
371560
1681824
1729876
1405524
1309420
1297407
1429550
1441563
1465589
1513641
1645785
1657798
1345459
1693837
1585719
1429550
1441563
3321770
3056028
3268621
3693808
3428066
3401492
3800104
2923157
3268621
3215473
2843435
3401492
3560937
2843435
3614085
3428066
1347222
1178819
1357128
1267974
1168913
1109477
1188726
1198632
1040135
1287786
1376940
1436377
1089665
1248162
1347222
1357128
1400866
1520598
1484679
1341000
1472706
1484679
1712170
1400866
1293107
1496652
1496652
1496652
1592438
1460732
1281134
1688224
1320805
1413493
1622041
1668385
1471423
1668385
1378735
1262875
1540939
1494595
1309219
1332391
1378735
1251289
1216531
1436665
103672
109008
96812
102910
83090
86139
98336
99861
89189
99099
83090
93000
100623
99099
80041
110533
2705850
2480363
2499153
2066969
2048178
2292456
2254875
2724641
2367619
2160922
2442781
2480363
2386410
2668269
2010597
2630688
646118
513958
606960
518853
538432
690172
553116
602065
523747
709751
592275
665698
606960
655908
606960
562906
2629900
2099994
2472891
2335508
2629900
2296256
2806535
2433638
2531769
2276629
2178499
2394386
2257003
2571021
2217751
2747656
1601881
1397385
1431468
1408746
1261055
1306498
1204251
1556437
1488272
1374664
1306498
1499633
1556437
1226972
1329220
1488272
2727072
2368771
2249337
2528016
2129903
2189620
2388676
2269242
2428488
2209526
2328959
2229431
2388676
2667355
2647450
2289148
1600674
1550653
1638190
1638190
1750737
1363074
1713221
1538148
1625685
1575664
1725727
1700716
1575664
1700716
1563158
1575664
986210
896554
963796
859198
1083337
806899
881612
1023566
836784
821841
1008624
918968
963796
963796
1045980
1001152
981348
906901
940740
879829
913669
818918
737703
961044
940740
852757
710631
839222
744471
818918
839222
818918
1945899
2162110
2178742
1945899
2029057
2195373
2029057
1896004
2078952
2062320
1945899
2378321
2045689
2128847
1879373
1762951
2325794
2867142
2305744
2125294
2606493
2726793
2786943
2586443
2506243
2486193
2446093
2566393
2907242
2185444
2305744
2887192
1984693
1749470
2058200
1764171
1749470
1587754
2072901
1793574
1822977
2131707
1675963
1778873
1675963
1720067
1837678
1999394
1954904
1806805
1851235
1821615
1984523
1836425
1673516
1732755
1629086
1880854
1599467
1866044
1954904
1688326
1851235
1555037
2875063
3225680
2898438
2734816
3319179
3342553
3108808
2641318
3225680
3062059
2501071
3062059
2477697
3038685
3108808
3132183
2136960
1936619
2170350
1986705
2203740
2086875
2237130
2036790
2353995
2070180
1970010
2070180
1769670
2387385
2020095
2153655
919496
940715
905350
884131
848766
827546
792181
884131
799254
905350
912423
742670
778035
940715
933642
799254
1164391
1214581
1234656
1224618
1314959
1184467
1244694
1124240
1415338
1174429
1194505
1124240
1345073
1345073
1224618
1094126
2670791
2632637
2174787
2098478
2651714
2327403
2575405
2441866
2651714
2556328
2422789
2079401
2212941
2117555
2613559
2670791
1582078
1495558
1409038
1680958
1656238
1569718
1384318
1767478
1619158
1433758
1718038
1680958
1359598
1507918
1347238
1347238
675287
911001
707141
764476
777218
719882
713511
904630
668917
904630
891889
758106
758106
904630
879148
675287
2771812
2536913
2795302
3382551
2865772
2959732
2607383
3382551
3312081
3171141
3335571
3406041
3359061
3406041
2536913
3077182
2540013
3269090
3175016
3127979
2822236
3010385
2775199
3151497
3033904
2775199
2939830
3010385
3386684
2587050
2657606
3175016
810055
746271
848325
892974
848325
784541
841947
676109
759028
765406
816433
695244
810055
835569
708001
714379
3067927
2699776
2896123
3411535
3558795
3509709
3067927
3117014
3264274
3166101
2748863
3362448
2896123
3460622
3411535
3288818
1129358
1163843
1077632
1232811
931074
1120737
1051769
1094874
1069011
1051769
1215569
1189706
1069011
1000042
1034527
1206948
1059898
1199884
1419863
1369868
1069897
1199884
1139890
1099894
1269878
1439861
1149889
1219882
1229881
1269878
1149889
1219882
3107137
3558173
3633346
3082079
3207367
3457943
3207367
3483000
3307597
3432885
2981849
3132195
3533115
3508058
2681158
3608288
1507647
1421143
1520005
1334639
1371712
1791876
1581794
1470574
1346996
1767161
1705372
1520005
1791876
1421143
1421143
1594152
390515
372898
387579
419878
343536
352345
358217
343536
328855
361153
358217
408133
314174
387579
352345
390515
873706
843578
692939
717041
662811
783322
795373
849603
825501
717041
692939
662811
747169
704990
704990
704990
1424140
1467960
1292681
1544645
1194087
1172177
1314591
1281726
1150267
1150267
1161222
1248862
1303636
1500825
1161222
1424140
2520416
2055108
2617355
2229599
2539804
2423477
2190823
2636743
2384701
2384701
2442865
2113272
2190823
2326538
2307150
2190823
1251939
1478583
1165598
1543338
1144013
1284317
1251939
1327487
1187183
1446205
1133220
1435413
1554131
1262731
1176391
1197976
1814047
1913903
2329969
2313326
2096972
1863975
2030402
2213471
1963831
2313326
1797405
1913903
2246756
2047044
1814047
1797405
1211292
985741
1136108
969033
952326
893850
910557
969033
977387
1111047
969033
1060924
918911
1102693
952326
1111047
2483823
3199880
2864229
3087997
2685214
3177504
2707591
2573330
2506200
2707591
2506200
2528577
2439070
2595707
3222257
2953736
2913210
2891631
2783734
2977948
2416886
2546362
2287410
2611100
2287410
2265830
2546362
2675838
2481624
2438465
3064266
2287410
2546921
2619174
2438541
2203718
2366288
2564984
2113402
2456604
1950833
2185655
1896643
2510794
2221782
2330161
2275972
2203718
2516303
2264673
2051755
2729221
2148535
2322741
2090467
2767933
2380810
2129179
2574371
2516303
2187248
2284029
2651796
2709865
2280079
2182361
2117216
2100930
2198647
2361510
1807777
2280079
1824063
1856635
1938067
1840349
2166075
1889208
2149788
2035785
543697
577156
547879
564609
602249
589702
585520
485145
572973
451687
489327
497692
514421
447505
485145
598067
3150342
2712795
2472143
2559653
3172220
3040955
2953446
2559653
3150342
3084710
2822182
2669040
2494021
2537776
2537776
2844059
3503109
3371413
3713822
3160700
3213378
3792840
3213378
2870969
3424092
3055343
3213378
2818291
3029004
3002665
3002665
2976326
2730557
3093209
2538565
2602562
2581230
2858552
3007879
2794554
2474567
2773222
2431902
2687892
2773222
3071877
2431902
2922549
365716
327375
412906
421754
424703
395210
315578
350970
318527
324426
421754
407007
409956
309679
324426
386362
1683841
1683841
1810445
1721822
1709162
1721822
1797785
1430631
1772464
1645859
1392650
1468613
1759803
1468613
1329348
1772464
185696
202303
212871
176638
188716
185696
187206
161541
158521
212871
194755
203813
158521
217401
187206
211362
3264018
2924560
3603476
3760149
3029009
3786261
3499028
2872336
3603476
3368467
3264018
2872336
3394579
3107345
2976785
2976785
2638524
2468904
2695063
2205052
2110819
2468904
2563137
2581984
2525444
2581984
2525444
2412364
1978893
2657370
2619677
2148512
3127883
3207406
2995346
3658033
2915823
2889316
3445973
3021853
2995346
2968838
3339943
3048361
3605018
3711048
3817078
2915823
1006531
1145044
1154278
1043467
1181981
1200449
1006531
1108107
978828
1034233
1292792
1071170
1283557
969594
1126576
1089639
3610156
3197566
2939698
3197566
3171780
3300714
3017059
3584369
2965485
3300714
3300714
3713303
3532795
3507008
3300714
3197566
1629979
1377269
1377269
1351998
1478353
1718427
1351998
1604708
1528895
1617344
1655250
1566802
1832147
1743698
1629979
1440447
1303126
1200001
1228126
1096876
1359376
1115626
1153126
1293751
1209376
1256251
1284376
1106251
984376
1237501
1143751
1106251
187458
149174
146534
174257
159735
154455
153135
170296
175577
153135
180857
157095
190098
141253
165016
167656
1907875
1855244
1697351
1460511
1407880
1539457
1881559
1486826
1881559
1789455
1434195
1460511
1789455
1842086
1763139
1407880
2073214
2058916
1730061
1515591
1758657
1715763
2030320
2044618
1644273
1701465
1930234
1801551
1887339
2030320
1915936
1558485
2040789
2621197
2059512
2490137
2696088
2377800
2359077
2134403
2658643
2302909
2134403
2003343
2302909
2228017
2284186
2583751
1453346
1561001
1345691
1216504
1496408
1496408
1410284
1324160
1281098
1421049
1130380
1248801
1421049
1162677
1442581
1291863
306533
289384
252943
270092
297959
265805
257230
265805
289384
280810
293671
237938
304389
289384
306533
242225
1044385
1110695
961497
1102406
1094117
1002941
1036096
961497
870320
911764
1027807
1094117
920053
1118983
911764
1060962
3471373
3088325
3327730
2609515
2777099
2705277
2753158
3279849
3399552
3231968
3351671
2513753
2968623
3423492
3136206
2657396
2398614
2731754
3042686
2665126
2931639
2798383
2554079
3220361
2842801
2354195
2420823
3131523
2620708
2865011
2598498
2354195
1592354
1260614
1437542
1315904
1315904
1205324
1216382
1470716
1470716
1315904
1514948
1326962
1592354
1304846
1338020
1559180
117211
102667
109511
121489
120633
110367
107800
108656
118067
108656
101811
117211
112933
124056
122345
122345
1787767
1945976
2088365
1677020
2294037
1977618
1819409
1756125
1803588
2088365
2278216
1803588
1803588
2214933
2278216
2072544
1344738
1397267
1302715
1313221
1124117
1260692
1113611
1323727
1229175
1145128
1418278
1386761
1176646
1113611
1344738
1502325
3394221
2715377
2763866
3418466
2812355
2594155
3224510
3321488
2763866
2788110
2691132
3321488
3224510
2618399
2545666
3321488
92086
90181
76844
90816
69223
85100
75574
81290
67953
67953
66683
77479
74939
71764
81925
67953
2169765
2391867
2152681
2221020
1896409
1879324
2477291
2050172
2033087
2255189
1913494
1810985
1845155
2118511
2101426
2238104
2595310
2326829
2416323
2577411
2112045
1986754
1968855
2112045
2541613
2434221
2380525
2380525
2255234
2237336
2398424
2076248
1631848
1378848
1416798
1783648
1695098
1492698
1442098
1530648
1669798
1492698
1353548
1404148
1657148
1530648
1758348
1606548
1234434
1301419
1177018
1224865
1167449
1081326
1349265
1157880
1320557
1148311
1291850
1052618
1167449
1196157
1014341
1004772
583131
743626
652679
658029
561732
636629
706177
732926
636629
711527
684778
663378
652679
743626
706177
775725
1872956
1914271
1446032
1597521
1680152
1900500
1459804
1611293
1749010
1928043
1845413
1707695
1845413
1528663
1955587
1817869
164805
155896
203408
212316
167774
213801
155896
210831
178167
161835
203408
170743
212316
158866
207862
215285
1211279
1366857
1177941
1489096
1433533
1477983
1555772
1477983
1489096
1489096
1211279
1344631
1411307
1177941
1444645
1600223
1953612
2101364
1871527
1920778
2183449
1986446
2314784
2052113
2199865
2314784
2249116
1855110
2364035
2298367
2084947
1855110
3189056
3062506
2733476
3543395
3340916
3087816
3442155
2935956
2682856
3138436
3189056
3189056
2885336
2733476
2860026
3264986
1913796
1947971
1947971
1896709
2067583
2084671
2101758
1879621
2375158
2170108
1794184
2392245
2477683
2358070
1965059
2477683
2304980
2324513
2695654
2265912
2656587
2461249
2109642
2265912
2656587
2597986
2695654
2363581
2637053
2558918
2676121
2168244
3167848
3695823
3695823
3511032
3722222
3326241
3141450
3695823
3194247
3299842
3194247
3115051
3405437
2824665
2851063
3194247
2136046
2575233
2814790
2794827
2575233
2435492
2754900
2315713
2515344
2195935
2315713
2275787
2615159
2455455
2275787
2655085
1115898
929915
955277
1208890
1158167
989092
963730
1149714
989092
1048268
1158167
1208890
980638
1082083
1166621
1098991
2850414
2873588
3360244
2665021
3151677
3360244
2827240
2711369
2873588
2433280
2896762
2804066
2896762
2734543
2711369
3360244
2193320
2682901
2839566
2389152
2584985
2252070
2526235
2643734
2447902
2408736
2271653
2741650
2682901
2526235
2682901
2252070
2815265
2999441
2788954
2894197
3578281
2946819
3709835
2788954
3473037
3025752
2946819
3446726
3236239
2920508
3736146
2762643
1859923
2083802
2342125
1963252
1894366
1825480
2359346
2049359
2238796
2376568
2445454
2445454
2187131
2307682
2066581
2032138
3381737
3025765
2873205
2847779
3508870
3559724
2974912
3076618
3152898
3661430
3458017
3102045
3686857
2720646
2898632
2695219
2171091
2401650
2459289
2113452
2324797
2766700
2036599
2440076
2478502
2728274
2670634
2747487
2574568
2785914
2536142
2612995
339265
296857
268585
308637
339265
301569
329841
318061
275653
339265
303925
285077
313349
266229
266229
266229
795034
887480
702588
801197
788871
813523
758056
782708
696425
832013
665610
714914
868991
764219
758056
838176
2175797
2447771
2059236
2408918
2758599
2661466
2739173
2583759
2525478
2370064
2389491
2272930
2389491
2117516
2136943
2136943
3308480
3636803
3283225
3005414
3283225
3005414
3434758
3611547
3131691
3358992
3636803
2980158
3308480
3182203
3333736
3005414
3203284
2702771
2702771
2777848
2802873
2953027
2802873
2978053
2877950
3378464
3128207
2652719
2627694
3278361
3003079
2752822
1972336
1843705
1800828
1886582
1886582
1986628
1972336
1600736
1500690
2029505
1886582
1972336
1643613
1529275
1800828
1772243
2700181
2578369
2821994
2537765
2497160
2903203
2740786
2152024
2395650
2517462
2334743
2273837
2639275
2314441
2355045
2212931
2340713
2175874
1780261
1912132
1879164
2159390
2044003
2175874
2076971
2126423
1912132
1895648
1763777
1978068
1879164
2208842
3121475
3549419
3297687
2920090
3448727
3423553
3423553
3196995
2769050
3121475
2693531
2718704
3196995
3499073
2769050
3297687
891101
883284
961451
938001
883284
844201
1000535
992718
859834
859834
938001
828568
1086518
1039618
961451
1008351
1000402
764593
971819
936090
1014693
864633
1028985
764593
893216
1021839
814613
871779
871779
850341
757447
800321
21017
20090
20090
20553
20708
18390
17617
20708
16690
16690
16226
17617
20244
17308
16690
21790
1318657
1298525
1067005
1389120
1258261
1056939
1127402
1429384
1097203
1127402
1308591
1268327
1338789
1187798
1097203
1298525
2472806
1942919
2561120
2243188
2278514
2455143
2243188
1960581
2243188
2207862
1907593
2525794
2313839
2366828
2508131
2101885
2887782
2845000
2802218
2887782
2909173
3058910
2288834
2823609
2502744
2502744
2887782
2353007
2845000
2524135
2374398
2845000
1784283
1784283
1328983
1648923
1328983
1575091
1390510
1599702
1464342
1562785
1624312
1636618
1513564
1759672
1476648
1501258
3112460
2948646
3299676
2831637
2504009
2738029
2878441
2621019
2784833
2831637
3346480
2480607
2527411
2855039
3346480
2667823
2842044
2447316
2368370
2763098
2684153
2190742
2447316
2565734
2092060
2545998
2624943
2289424
2526261
2407843
2131533
2565734
1855538
1869385
1952469
1689370
1910927
1772454
1537050
1855538
1592439
1537050
1744759
1910927
1924774
1855538
2007858
1883232
3345960
3138459
3657212
3527524
2723456
2749394
3112521
3008770
3735025
3683150
3553462
3423773
2827207
2905020
3112521
3242210
1050234
1106496
993971
1106496
1228398
1162759
1144004
984594
1050234
1284661
1265907
1284661
1294038
1059611
1256530
993971
1468453
1808373
1794776
1509243
1753985
1930744
1917147
1468453
1454856
1672405
1862760
1441259
1957937
1468453
1903550
1713195
849199
936499
1071419
928563
1095228
1071419
1015864
1047610
1119038
888881
1134910
880944
968245
912690
976182
976182
2629250
2856980
2484331
2401520
2401520
2836278
2691358
2298006
2587845
2422222
2442925
2215195
2960494
2567142
2318709
2339411
3761204
2761723
3366672
3182557
2972140
3419276
3471881
2919536
3813808
3708600
2866932
3761204
2919536
3603391
3655996
3156255
2473978
2703050
2771772
2977937
2451071
3069566
2886308
3184102
2703050
3321545
2955030
2611421
3275731
2863401
3321545
2977937
1420302
1633347
1550496
1313779
1301943
1242764
1657019
1337451
1538660
1443973
1597839
1372958
1396630
1668854
1313779
1491317
892104
1000708
1047253
1093797
1101555
1047253
1047253
884347
1016223
1086040
946406
946406
876589
899861
1117069
868832
393628
415909
460471
434477
538454
427050
397342
475325
523600
453044
519887
534741
401055
493892
449331
449331
1763300
1897903
1682538
1574856
1561395
1601776
1574856
1817141
1736379
1574856
1897903
1709459
1521015
1453713
1453713
1494094
2760322
2760322
2412565
2564708
2999405
2868996
2977670
3064609
2825526
3108079
2390830
2977670
2803791
2369095
2477769
2868996
1857447
1888929
1825965
2109304
1747259
1810224
2235233
2062081
1873188
2219492
2077822
2203751
2172269
2188010
1747259
2046340
2220002
2780190
2800938
2261498
2593461
2240750
2987667
2551965
2344488
2572713
2966919
2261498
2821685
2220002
2925424
2220002
1147132
1272449
1079654
1118213
1079654
1060374
1041095
1021815
1176051
1118213
1137492
1137492
1118213
1233890
1195331
1041095
716493
652933
728049
687602
803165
722271
733827
814721
658711
728049
658711
733827
624042
785831
780052
681824
779549
861276
773262
892709
785836
848703
741829
854989
829843
861276
823556
892709
867563
773262
804696
760689
2476742
1996180
2051629
2495225
2088595
2550674
2476742
2273427
1959213
2458258
1959213
2643090
2236461
2162528
2421292
2217978
1957359
1750595
1447343
1847085
1543832
1585185
1860869
1667890
1984927
1654106
1764380
1833301
1984927
1805732
1847085
1681674
3098336
2835765
3675992
3597221
3623478
3544707
3360907
3282136
3334650
3334650
3597221
3282136
3728506
3492192
3649735
3308393
2318609
2620216
2714469
2676768
2507113
2488263
2657917
2431711
2280908
2224356
1979300
2488263
2563665
2507113
2507113
2544814
1195328
1175239
1054701
1064746
1145104
1125015
1285731
1054701
1366090
1325910
1346000
1175239
1376134
1225463
1225463
1416313
14638
19656
16310
16729
15753
15613
16310
16589
18262
18959
19935
20075
15753
20075
19377
18820
2101225
1785251
2180219
2006433
2053829
1785251
2211816
1959037
2069628
2259212
1895842
2101225
1832648
2006433
2196017
1816849
1742410
1325746
1767662
1452008
1515139
1376251
1641400
1464634
1742410
1755036
1805540
1426756
1742410
1767662
1338372
1792914
1385156
1698322
1710367
1481515
1373111
1517649
1722412
1421291
1517649
1312887
1409246
1276753
1529694
1529694
1601963
1662187
1578144
1632562
1686981
1768609
1618958
1741400
1591748
1727795
1877447
1686981
1673376
1550934
1931865
1510120
1768609
1469306
408140
364186
373605
405000
414419
348488
442675
386163
367326
329651
357907
348488
389302
389302
420698
348488
1753241
2070494
2220772
1753241
1970309
2421143
2337655
2421143
1903519
2320958
2304260
1753241
2020402
2220772
1753241
2153982
2167938
1919158
2381178
2025778
2327868
2292328
2416718
2061318
2470028
2541108
2167938
2398948
2558878
2541108
1936928
1954698
791629
883679
754809
859132
859132
705715
828449
852995
693442
883679
742535
865269
822312
834585
717989
711852
2546340
2029691
2343370
2546340
2140401
2177305
2085046
2454081
2620147
1955884
2435629
2343370
1937432
2398726
2066594
2398726
1697447
1921639
1729475
1777516
2177857
1857584
1937652
2017721
1761502
2001707
2289953
1713461
2097789
2289953
1985693
2161844
426993
536575
476116
445886
479894
472337
419435
513903
476116
547911
396763
426993
536575
491231
434550
400542
1220710
1142236
985287
1081200
1264307
1203271
994007
976568
1081200
1011445
1020165
1063761
1159674
1255587
1002726
1238149
2354338
1849837
1849837
2186171
2102087
2387971
2387971
1950737
2068454
2152537
2135720
2034820
2135720
2354338
2068454
1765753
1980484
2156172
2140201
2236031
1964512
2172144
2299917
2204087
2267974
1964512
1724938
2172144
2299917
1916598
2172144
1820768
2873732
2170371
2391427
2853636
2692868
2652675
2311043
2130179
2512003
2371331
2893828
2290947
2632579
2311043
2853636
2592387
2402517
2032899
2014418
2014418
2088341
2254669
2014418
2273150
2494921
2457959
2291631
2310112
2014418
2679730
2420997
2624287
1841973
1811527
2039871
1598406
1644075
1735412
2176877
1704967
1613629
1826750
1857196
2161654
1598406
1978979
1841973
2192100
1252640
1023283
1040926
996819
1102676
1014462
1217354
1217354
1217354
1014462
1234997
1023283
935069
1252640
943890
952712
2123331
2036310
2419206
1844862
2262566
1914479
2158140
2384397
2210353
2419206
2279971
2349588
2471419
2140736
2088523
2262566
66465
71368
77361
61562
71913
77361
76816
67010
76272
64831
62651
64831
68644
75727
70824
64286
233473
233473
177174
195389
216915
180486
210291
210291
221882
240096
178830
175519
190421
223538
188765
188765
1372132
1280657
1657993
1223485
1532214
1360698
1303526
1212050
1657993
1520780
1223485
1257788
1280657
1406436
1200616
1486477
502860
544766
642544
549422
600639
628576
530797
582015
493548
582015
633232
540109
563390
549422
647200
605295
2045300
2189110
1773659
2253026
2029321
1741701
2221068
2093237
2013342
2029321
2061279
2205089
1869532
1693764
1949427
2269005
1180494
1229274
1229274
1297567
1297567
1375617
1317080
1112201
1200006
1346348
1034151
1356104
1063420
1229274
1307324
1200006
808277
964499
876200
978084
937330
964499
713186
896577
821862
978084
794693
760732
882992
882992
971291
937330
3281048
3543532
3569781
3386042
3018564
3753519
3543532
3149806
2861074
2756080
3071061
2887322
3176055
3412290
3412290
3176055
123569
123569
98497
99392
109242
100288
110137
108347
119987
98497
108347
102974
101183
96706
119987
110137
3001647
2812732
2938675
2455893
2581836
2204006
2308959
2959666
2371931
2602826
2959666
2917685
2917685
3022637
2497874
2245987
2447305
2945429
2620565
2533935
2274044
3097032
2274044
2642223
3010402
2468962
2707196
2663881
2447305
2923771
2988744
3140347
1976300
2371560
1886468
2461392
1940367
2425459
2425459
2066132
1976300
2120031
2443426
2353594
2515291
2533258
2227829
1886468
3165989
2308534
2770241
3122017
2858185
2770241
3187975
2726268
2440450
2880171
3034073
3144003
3056059
2396478
2418464
2682296
1263206
1103081
1067498
1236518
1014123
934061
1111977
1218727
1120873
1014123
996331
1023019
1129769
1040810
1245414
1200935
1970695
2180687
2229147
1776856
1793009
1696090
1776856
2099921
1857622
1970695
2051461
2212993
1712243
2277606
1873775
1889929
2031426
1716698
1502111
1945591
1545028
2017120
1587946
1945591
1988508
1573640
1845450
1716698
1545028
1988508
1688086
1587946
1796647
1890502
1756424
1729608
1407821
1595530
1622346
1582122
1796647
1595530
1836871
1756424
1635754
1635754
1622346
1675977
1367934
1236207
1378067
1185543
1337536
1175410
1337536
1357801
1256473
1378067
1063949
1155144
1469263
1104480
1145012
1175410
2338687
2559318
2647570
2824075
2338687
2493129
3177084
2360750
2868201
2669633
2735823
3199148
3199148
2338687
2713760
2868201
1120500
957093
972656
879281
980437
1066031
1066031
964875
817031
1097156
1058250
1019343
1050468
840375
949312
1027125
2924315
2564768
3451651
2684617
3379741
2948285
2660647
3427681
3283862
2612708
3475621
3116074
3092104
2660647
2516829
2924315
2502754
2951966
2566927
2994748
3016139
3058921
2887793
2673882
2738055
2459971
2417189
2438580
2802228
2395798
2459971
2588318
2589071
2612396
2729021
2822321
3102221
2519096
2962271
2775671
3172195
3078896
2938946
2775671
3008921
2868971
2729021
2472446
227068
219238
208276
202012
222370
192616
178522
183220
184786
184786
186352
172258
186352
165994
209842
222370
2343556
2496873
2321654
2562580
2715897
3175848
2956824
2956824
2847312
3066336
2781604
2540678
3175848
3175848
3088238
2978726
2183197
2724166
2047954
2221837
2530963
2318439
2125236
2434361
2105915
2221837
2067275
2511642
2801447
2473002
2279798
2221837
2325714
2258787
1840493
1940884
2409373
2275519
2158397
2308982
1924152
2258787
2409373
1756834
1840493
2392641
2108201
2158397
823232
899223
664918
671251
721911
835897
899223
873893
829565
816900
683916
740909
709246
690249
671251
766239
2804349
2852700
2562595
3505437
3408735
3481261
2949402
2973577
3166981
2804349
2997753
3457086
3481261
3505437
2707648
3142805
64711
60904
62808
63284
67090
67566
58050
60904
50436
58050
68042
62808
68042
62332
59953
51388
1635599
1980726
1845676
2025742
2025742
1890693
1845676
1875687
1575577
1710627
1695621
1650605
2055753
1575577
2175797
1770649
2487000
2800323
2819905
2506583
2114929
2330338
2584913
2134512
2212842
2682827
2252008
2075764
2506583
2369504
2565331
2369504
253093
302425
298135
255238
235934
311004
240224
300280
298135
240224
235934
300280
270252
293845
235934
270252
154174
127881
143418
144613
129076
139832
145808
154174
151784
149393
170906
170906
127881
131466
156564
166125
1932459
2393413
2251581
2464329
2003375
2216123
2428871
2233852
2109749
1897001
1932459
1985646
1932459
1985646
2393413
1861543
1191056
1507265
1328080
1117273
1370241
1496725
1444023
1169975
1138354
1454564
1285919
1433483
1422943
1233217
1444023
1507265
1603398
2046241
1847725
1633939
2168405
2092053
1985159
1679750
1939348
1969889
1618668
1679750
1924077
2076782
2122593
2061512
74258
94696
76302
90608
82433
79708
84477
81071
97421
76983
96059
76302
78346
96059
84477
87202
1078342
1059086
1136111
1116854
1328672
1203507
1059086
1299788
1145739
1059086
1280531
1078342
1290160
1164995
1164995
1376812
1325263
1325263
1442544
1489456
1454272
1325263
1688832
1407360
1336992
1548096
1489456
1653648
1536368
1313536
1548096
1677104
1905295
1856855
2115200
1873002
2066760
1776122
2163640
2195933
2082907
2034467
2341252
2260519
1727682
2131347
1937588
2066760
405898
525735
471615
440689
448421
533466
467749
409764
456152
409764
452286
413629
405898
525735
502541
432958
1446206
1356618
1830155
1740567
1740567
1830155
1471803
1791760
1433408
1842953
1497399
1510198
1714970
1663777
1855752
1535794
2424814
2859451
3133958
2722197
3156834
3316963
2905202
2745073
2722197
2539192
2676446
2722197
3316963
2859451
3316963
2722197
1706632
1606242
1380364
1606242
1781925
1706632
1794474
1643888
1342718
1468206
1317620
1656437
1744279
1681535
1505852
1430559
2241732
2200974
2262112
2486285
2893873
2282491
2262112
2323250
2139835
2771597
2934632
2628941
2527044
2710458
2628941
2465906
703308
728790
621765
606476
723694
672730
667633
738983
611572
575897
698212
621765
631958
575897
575897
616669
1465025
1357303
1389620
1238808
1529659
1540431
1432709
1421937
1400392
1529659
1421937
1443481
1346531
1378848
1378848
1389620
150063
181505
161497
182935
192939
180076
154351
195797
190080
152922
188651
201514
152922
187222
160068
178647
828085
775922
925891
899809
893289
828085
775922
860687
854167
723759
912850
912850
867207
704198
697678
893289
1476701
1712477
1302972
1377427
1551157
1526338
1476701
1575976
1352609
1414655
1513929
1724887
1302972
1712477
1724887
1315381
1992228
1753722
1697603
1851930
1992228
1795811
1613424
1837901
1922079
1823871
1922079
1978198
1879990
1473126
1543275
1894020
2971868
2244936
2736684
2351838
2672543
2287697
2373218
2907727
2587022
2373218
2394599
2415979
3100150
2993249
2758065
3057390
1030781
963065
970589
797538
872778
955541
1045829
1030781
850206
978113
993161
887826
895350
1030781
857730
835158
1774291
1522619
1673622
1711373
1384199
1623288
1610704
1459701
1824626
1346448
1749124
1396782
1812042
1384199
1522619
1774291
1257700
1557702
1280777
1580779
1430778
1373086
1303855
1211546
1315393
1407701
1315393
1626934
1280777
1626934
1361547
1592318
1493933
1268230
1418699
1139258
1150006
1343465
1364960
1364960
1300474
1461689
1225240
1515428
1139258
1472437
1160753
1547671
2202019
2444443
2262625
2323231
2909089
2383837
2787877
2848483
2343433
2161615
2202019
2848483
2363635
2161615
2262625
2484847
231243
245049
250226
220889
250226
208809
234695
220889
181198
215712
219163
191552
217438
207084
243323
213986
210099
252119
255772
237503
264907
257599
246638
232022
232022
263080
204618
255772
197310
257599
208272
246638
3072202
2709511
3093537
2538834
2346821
2624173
2752181
2325486
2517499
2538834
2517499
2496164
2496164
2688177
2560168
2560168
2854868
2832564
3010994
2966386
2854868
2341884
3010994
3055601
2698742
3211727
2721046
3100208
2944083
2431098
2832564
2787957
1521002
1507890
1901253
1612787
1875028
1704571
1770132
1455441
1901253
1416105
1494778
1901253
1402993
1822580
1481666
1639011
2299589
2125670
2744047
2106346
2666750
2802020
2415535
2106346
2492832
2164319
2280265
2744047
2744047
2589453
2376886
2744047
279509
240508
262175
296843
273009
270842
257842
299010
270842
309843
303343
292509
229674
251341
238341
231841
908074
1117630
954642
845983
1055539
1047778
1024494
946881
830461
993448
814938
838222
1047778
845983
1125391
1086584
2633252
3000181
2870677
2331076
2870677
2590084
2633252
2719589
2395828
2849093
3108101
2331076
2698005
2611668
2417412
2590084
1715768
1833086
2023727
1613115
1642445
2053056
1583786
1906409
1979733
1862415
1745098
2038391
1598451
1759762
1745098
1862415
777078
803874
723486
864164
944551
917756
951250
770379
803874
951250
937852
857465
736884
783777
870863
884261
1232932
1085327
1041914
1024549
1024549
972453
1250297
1241614
1163471
929040
972453
911675
1015866
1024549
1015866
937722
2813318
2791677
2705113
3094650
2899881
2834959
3029727
2510345
2445422
2964804
2380500
2575268
2445422
2986445
2986445
3008086
416844
433652
473992
457184
457184
437014
376504
487439
352973
352973
420206
366419
477354
383228
426929
450461
1597139
1711220
1787275
1343625
1445030
1660518
1597139
1546436
1508409
1660518
1356300
1609815
1736572
1774599
1622490
1723896
1151157
1335342
1206413
1114320
1243250
1289296
1335342
1270877
1132738
1086692
1169576
1298505
1298505
1059064
1068274
1224831
823781
922634
935815
724927
883093
883093
705156
948996
955586
883093
929225
942405
869913
771059
810600
757878
708961
735614
687639
740945
746275
602351
666317
629003
698300
671648
772928
629003
570367
762267
719622
724953
3083459
2788717
2788717
2856735
2720700
2720700
2607337
2561992
3196822
2720700
2380612
3151477
2607337
3264840
3015442
3060787
975414
937898
982917
997924
937898
967911
1012930
990421
960408
817847
907885
877873
1050446
960408
1012930
952905
413210
425187
419199
320387
365302
359313
326376
380273
341347
386262
425187
335359
380273
410216
332365
350330
1733801
1379160
1838880
1628722
1865150
1668127
1786340
1602452
1838880
1405430
1694396
1812610
1707531
1773206
1563048
1510508
50105
66193
63435
61597
59758
53322
64355
56080
65734
58839
66193
48726
51484
57919
53782
59298
3354700
3380115
3354700
3329286
2795584
3278457
3583430
2719340
2897241
2693926
3227628
3049728
3253043
3151385
3532601
3151385
1131990
907197
1099877
1115933
947339
1115933
1043679
1123962
1091848
1067763
1083820
963396
899169
995509
1083820
1115933
910893
939138
804975
861465
797914
939138
974444
981505
981505
995627
875587
1009750
840281
804975
819098
748486
1737962
2213442
2098671
2049483
2197046
2361005
2262630
1770753
2033087
2147858
1737962
2328213
2180650
2016692
2033087
1787149
533573
460639
437607
502864
403059
460639
449123
548928
537412
533573
529735
422252
495187
518219
506703
548928
1815642
1847496
1879349
2197883
2022689
2006762
2309370
1990836
1751935
2293443
2022689
1911202
1831569
2293443
2006762
1688229
1000658
1315151
1115019
1095959
1038778
1076899
1029248
1296090
1248440
1181729
1143609
1277030
1048308
1296090
1229380
1372331
1963883
2300548
2431474
2637214
2001290
2543696
2019994
2057401
2281845
2001290
2337956
2169623
2001290
2487585
2319252
2468881
2838363
3046683
3645604
3541444
2760243
3359163
3437283
3333123
3515404
2760243
3697684
2968563
3619564
3255003
2916483
3723724
1333416
1265615
1209114
1457718
1638520
1638520
1570719
1582019
1570719
1593319
1401217
1638520
1333416
1514218
1548119
1582019
3181134
3346082
2474215
3110442
3346082
3110442
3063314
2639163
2921931
2544907
3204698
3157570
2544907
3251826
3204698
2639163
3109940
3085452
2963014
3403793
2669161
2620186
3501743
3085452
3232379
2644673
2914038
3501743
3501743
2620186
3085452
2620186
1945033
1580340
1877498
1472282
1485789
1620861
1661383
1688397
1728919
1688397
1526311
1485789
1904512
1877498
1863990
1918019
918768
1155023
1067521
1120023
980020
1050021
1190024
1260025
1198774
1242525
1216275
997520
1242525
1242525
1093772
1155023
1771984
1739766
2255253
2045836
1755875
2078054
1804202
1739766
2206926
2335797
1933074
1755875
2094163
1820311
1771984
1755875
106062
106062
102668
90789
110305
119638
110305
89092
118789
111153
110305
101820
93335
89941
108608
95032
883446
742094
841040
742094
777432
826905
855175
1024797
841040
1017730
989459
1010662
869311
812770
833973
947054
1272638
1239439
1294771
1438634
1305837
1195173
1195173
1383302
1582498
1460767
1350103
1394368
1604630
1283704
1195173
1582498
2095552
2237623
2148829
2095552
2379695
2060034
2060034
1988999
2131070
2575043
2504007
1953481
2450730
1900204
2166588
2379695
1138624
1347372
1347372
1375838
1043739
1309418
1214533
1176578
1005785
1271464
1252487
1318907
1224021
1100670
1024762
1375838
201808
200416
180931
150312
185106
158662
162838
164230
161446
172580
183714
151704
147528
201808
168405
192065
3255093
3330210
2804388
3129897
3355250
2854466
2629113
3255093
3630681
3605641
2829427
3380289
3530524
2779348
2679192
3380289
2596885
2488682
2055868
1983732
1911596
2362444
2542784
2182105
2218173
2109969
2272275
2254241
2037834
2200139
2236207
2272275
1374037
1315317
1291830
1303574
1374037
1315317
1409269
1350549
1432757
1679379
1538452
1655891
1315317
1268342
1550196
1679379
1585229
1489877
1692500
1680581
1573310
1346849
1620986
1311092
1299173
1442201
1454120
1370687
1418363
1537553
1299173
1299173
451913
439183
369168
378716
407358
350073
455096
343708
350073
350073
461461
416906
410541
448731
381898
461461
2103867
1975806
1939217
1975806
2103867
2250223
2652702
1994100
1975806
2561230
1939217
2323401
2305107
2122162
2451463
2433168
3086522
2438999
2870681
2374247
2309495
2395831
2805929
2395831
3108106
3086522
2957017
2352663
3021769
2762760
3043353
2352663
2303959
2076808
1979458
2109259
2011908
2352635
1963233
1930783
1995683
1865883
1736082
2206609
1768532
2222834
1849657
1947008
1081169
1111768
1152567
1264764
1081169
1132167
1397360
1172966
1356561
1162766
1101568
1458558
1448358
1193366
1203565
1172966
1771493
1890474
1692172
1784713
1388110
1665732
1745053
1388110
1811153
1758273
1626072
1440990
1784713
1890474
1520311
1877254
1774997
2005890
1515241
1645119
1601826
2092476
1515241
1702842
1876013
1904874
1558533
1774997
1529672
1861582
1702842
1601826
2442011
2066317
1793085
2442011
2083394
2117548
2049240
1793085
2100471
2083394
2151702
1946778
2442011
2117548
1912624
2049240
1007145
1292186
1358695
1263682
1330191
1007145
1206673
1064153
1311189
1168668
1121161
1035649
1064153
1311189
1206673
1073654
1500703
1248676
1283044
1638172
1248676
1477791
1592349
1225765
1328867
1523614
1340322
1386145
1649628
1409057
1340322
1237221
2778073
2974751
2999335
3466445
2950166
3441860
3368106
3368106
3515614
3220598
3171428
2876412
2753488
3540199
3097674
3466445
2371659
1869629
2492838
2388970
2111988
2475527
2233168
2008120
2094676
2060054
2129299
2302413
1956185
2423593
2250479
2406281
3642288
3290619
3441334
3365976
3014307
3391096
2964069
2813353
3165022
2888711
3139903
3215261
3340857
3466453
3215261
3039426
1949267
2328291
2021462
2021462
2165852
2508779
2617071
2147803
2526827
2617071
2400486
2274145
2490730
2418535
2021462
1949267
3152117
3349125
3472254
2634973
2955110
3521506
2955110
2758103
2708851
3423002
2955110
3570758
2831980
2610347
2585721
3447628
777930
783735
766319
737292
656015
754708
609572
685043
644404
737292
824373
795346
760513
615377
609572
754708
1202642
1288545
1288545
1213380
1138215
1224118
1127477
1385186
1481827
1556992
1374448
1213380
1191904
1492565
1267069
1352972
905517
835862
820383
851341
1052567
1091265
835862
1021610
874560
1052567
1091265
828123
1083525
828123
1021610
866820
40791
44287
40791
44676
49726
55942
41179
44287
52446
44676
42733
55165
43122
49726
45064
52446
302251
314438
353438
324188
309563
307126
258376
268126
326626
304688
321751
302251
275438
285188
299813
343688
