1090555
995724
1071589
1033656
1119004
1100038
1119004
1014690
1043139
1119004
1090555
1081072
1014690
1109521
1014690
1128487
236739
243196
249652
253957
256109
258261
225978
230283
230283
230283
253957
230283
256109
243196
243196
247500
1312282
1335716
1323999
1370866
1347433
1300565
1370866
1382583
1265415
1323999
1300565
1241981
1312282
1335716
1382583
1406017
2055456
2264808
2264808
2264808
2017392
2036424
2169648
2226744
2264808
2131584
2150616
2207712
2245776
2169648
2264808
2226744
1179581
1269454
1269454
1202049
1246986
1325624
1325624
1202049
1325624
1280688
1348093
1314390
1348093
1179581
1235752
1269454
1578074
1676704
1592164
1507624
1549894
1690794
1634434
1535804
1592164
1606254
1493534
1690794
1563984
1563984
1648524
1690794
2102585
2255500
2274614
2007013
2159928
2236385
2064356
2179042
2007013
2083470
2102585
2198157
2083470
2255500
2217271
2064356
2751244
2603856
2947761
2874067
2947761
2775808
2849502
2603856
2603856
2702114
2652985
2849502
2775808
2726679
2652985
2775808
1130781
1014804
1111452
1043798
1159776
1130781
1053463
1140446
1150111
1140446
1034133
1034133
1159776
1150111
1150111
1043798
2411327
2455571
2521938
2566183
2455571
2610427
2654672
2499816
2610427
2389205
2610427
2455571
2588305
2499816
2588305
2477694
3111214
2818707
3004848
3190989
3004848
3031440
3111214
2845299
2925073
2871890
3164398
3111214
3164398
2792115
2925073
3058031
2893834
3000030
2920383
3026579
3053128
2840736
2946932
2893834
2867285
3159323
3159323
2814187
2973481
3053128
2787638
2814187
323353
323353
337535
326189
300661
300661
331862
331862
337535
314843
340371
323353
314843
326189
334698
320516
2082408
1908874
1822107
1943580
1926227
2082408
1926227
1822107
1908874
2082408
1874167
2065054
1856813
1960934
1926227
2030347
1694511
1759063
1791340
1791340
1742925
1920445
1742925
1791340
1726787
1936584
1710649
1791340
1872031
1855892
1904307
1920445
1598764
1543634
1626329
1612546
1598764
1557416
1626329
1502287
1488504
1488504
1488504
1653894
1447157
1557416
1447157
1460939
235269
264122
259683
253025
239708
246366
241927
250805
255244
244147
253025
241927
257464
255244
255244
255244
399076
447562
399076
402806
417725
436373
421454
421454
413995
399076
399076
440103
443833
436373
406536
413995
1528692
1459206
1653766
1612075
1570383
1459206
1500897
1556486
1612075
1584280
1667664
1598177
1625972
1667664
1500897
1598177
1748484
1617347
1602777
1631918
1631918
1529923
1559064
1617347
1690201
1646489
1748484
1748484
1704771
1529923
1675630
1631918
2822160
2796029
3083472
3005078
3005078
2822160
2743767
2900554
2926685
3135734
2822160
2926685
2900554
3031209
2743767
2822160
2288008
2415119
2330378
2309193
2245637
2245637
2372749
2521045
2245637
2224452
2245637
2309193
2224452
2415119
2521045
2457490
282611
287944
301274
317271
287944
290610
303941
282611
306607
295942
290610
311939
287944
317271
287944
282611
665237
659551
619751
597007
625436
670923
653865
665237
608379
642494
682294
648180
625436
682294
642494
602693
1105544
975480
1040512
1096254
1068383
994061
1059093
1021931
1086963
1114834
984770
1021931
1068383
1049802
1077673
1040512
1385690
1437492
1554045
1450442
1476343
1476343
1502244
1515194
1372740
1515194
1541095
1437492
1450442
1554045
1411591
1385690
299592
276347
289261
289261
286678
294426
294426
276347
281513
273765
271182
271182
299592
291843
302174
302174
856932
865093
865093
979351
930383
946706
897738
881416
865093
856932
889577
881416
905899
889577
938544
914061
1534545
1403387
1482082
1547660
1534545
1416503
1560776
1377155
1482082
1416503
1390271
1534545
1377155
1508313
1495197
1573892
2140691
2120870
2101049
2279440
2120870
2358725
2081228
2140691
2081228
2279440
2140691
2319082
2180334
2120870
2160512
2239797
1467124
1453540
1426371
1453540
1575800
1426371
1630138
1426371
1616554
1453540
1426371
1616554
1480709
1602969
1535047
1616554
1152074
1132380
1132380
1063453
1122534
1161921
1122534
1033912
1073300
1181614
1171768
1083146
1161921
1112687
1083146
1181614
1668817
1773119
1609217
1624117
1579416
1579416
1713518
1728418
1668817
1698618
1773119
1653917
1758218
1653917
1683718
1758218
2708689
2611950
2805428
2660320
2684505
2902167
2805428
2829613
2563581
2563581
2660320
2611950
2805428
2539396
2660320
2684505
635476
693247
687470
664361
618145
612368
618145
618145
664361
681693
670138
652807
670138
618145
647030
635476
2682062
2588773
2495483
2728706
2472161
2565450
2705384
2448839
2752029
2752029
2682062
2612095
2682062
2728706
2518806
2542128
2382756
2403842
2446015
2424929
2509274
2509274
2382756
2403842
2509274
2509274
2214065
2446015
2467101
2467101
2382756
2424929
2163693
2125398
2221136
2106250
2144545
2067954
2221136
2259432
2201988
2240284
2297727
2029659
2240284
2201988
2163693
2240284
2507721
2528973
2316454
2486469
2316454
2401462
2295203
2337706
2465218
2380210
2273951
2465218
2528973
2507721
2295203
2273951
1527957
1571201
1556786
1614445
1556786
1715348
1672104
1628859
1657689
1542371
1686518
1513542
1628859
1657689
1571201
1715348
885350
941183
885350
845469
869398
837493
869398
853445
861422
869398
845469
925231
925231
853445
893326
917254
1920705
1872284
1710880
1888424
1936845
1840003
1694739
1856143
1759301
1888424
1872284
1856143
1856143
1888424
1775441
1710880
2828568
2828568
2959520
2907139
2880949
3064282
3038092
3090473
2907139
3142854
3038092
2828568
2776187
3090473
3090473
3142854
2085504
2050745
2015987
1824816
1842195
1998607
1911712
1911712
1824816
2085504
1859574
1876953
2033366
1894332
1963849
1963849
1386531
1267003
1255050
1326767
1350673
1410437
1338720
1302861
1362626
1350673
1410437
1338720
1350673
1374578
1386531
1350673
349479
334015
324737
346386
364943
364943
334015
334015
355665
343294
334015
340201
343294
349479
364943
355665
2011638
1994444
1839703
1908477
1925670
1891283
1925670
2028831
2046025
2028831
2028831
2028831
1874090
1874090
1822509
1925670
710307
716593
754309
704021
697736
678878
704021
735451
666306
660020
697736
729165
716593
672592
691450
741737
276565
294658
289488
294658
297242
299827
284319
284319
297242
294658
302412
302412
273980
310166
279149
276565
1479937
1620883
1578599
1634978
1606788
1649072
1634978
1550410
1663167
1663167
1536315
1494031
1536315
1649072
1536315
1564505
2385349
2198670
2426833
2177927
2219412
2260896
2219412
2281638
2281638
2406091
2447576
2343865
2302380
2447576
2240154
2447576
334791
366080
344177
337920
334791
344177
356693
337920
353564
341049
347306
337920
347306
350435
331662
359822
2970070
2970070
2711803
3073377
2711803
2815110
2737630
3099204
2789283
2840937
3047550
2763456
2944243
2840937
3073377
2995897
32610
35962
33829
35962
35048
35962
35353
33829
34743
32915
32000
32915
35353
35353
33829
34439
1615766
1831201
1677319
1723484
1846590
1800425
1646542
1723484
1646542
1723484
1677319
1692707
1615766
1615766
1785036
1738872
2770988
2724805
2540072
2447706
2655530
2724805
2586255
2770988
2747896
2632438
2747896
2470797
2516981
2632438
2655530
2770988
989240
1082565
1101230
1026570
1035903
1063900
1054567
1045235
1054567
989240
1035903
1119895
1026570
1091897
1073232
1110562
289453
318664
292109
310698
313353
302731
278831
294764
294764
292109
294764
318664
316009
284142
289453
310698
605071
645028
610779
616487
673569
684986
673569
605071
599363
645028
627904
667861
684986
656445
616487
633612
2240654
2161339
2181168
2121681
2319969
2280312
2339798
2101852
2220825
2121681
2280312
2260483
2319969
2280312
2082024
2339798
583651
544082
558920
578705
573759
519351
553974
593544
578705
544082
593544
539135
588597
558920
583651
534189
2245989
2204397
2391563
2183601
2370766
2183601
2391563
2329174
2183601
2245989
2453951
2433155
2287582
2287582
2433155
2370766
335614
321393
341302
324237
304328
327081
327081
310016
332770
298639
318549
341302
318549
307172
298639
341302
2928757
2878261
2979253
2651030
2676278
2928757
2752022
3004501
2827765
2701526
2954005
2928757
2802518
2979253
2802518
2777270
1334540
1209070
1311727
1209070
1288915
1345946
1345946
1220477
1300321
1231883
1334540
1345946
1288915
1209070
1323134
1243289
1556755
1612353
1654052
1542855
1459458
1584554
1584554
1515056
1501156
1487257
1584554
1640152
1501156
1528956
1542855
1528956
1007520
946721
981463
1007520
911979
1007520
1042262
964092
1016205
981463
981463
981463
990149
938036
955407
938036
1826890
1795392
1716647
1779643
1842640
1842640
1779643
1858389
1700898
1795392
1716647
1669400
1795392
1653651
1763894
1842640
2448159
2518106
2634685
2611369
2658001
2611369
2448159
2448159
2588053
2564738
2774580
2751264
2611369
2704632
2541422
2634685
2220018
2200545
2278440
2083701
2122649
2200545
2161597
2239492
2258966
2336862
2220018
2161597
2103175
2317388
2142123
2083701
1094230
1124346
1114307
1184579
1164501
1104269
1054075
1114307
1164501
1164501
1074152
1184579
1124346
1084191
1194618
1094230
2238334
2103262
2257630
2045374
2296222
2064670
2238334
2103262
2122558
2296222
2219038
2103262
2180446
2083966
2199742
2064670
641249
705962
664781
653015
658898
670664
653015
617717
676547
670664
664781
688313
617717
658898
629483
664781
618054
653371
700461
665143
647485
671030
694575
706347
618054
706347
682802
688688
682802
694575
659257
700461
762495
748243
798126
812378
819504
855135
783874
791000
833757
748243
791000
762495
819504
855135
805252
755369
2529697
2441708
2419710
2573692
2441708
2529697
2419710
2639684
2551694
2617687
2353718
2617687
2529697
2573692
2617687
2507700
1466079
1439663
1400039
1439663
1466079
1439663
1479287
1571742
1439663
1386831
1400039
1426455
1400039
1532118
1452871
1492494
378916
345967
345967
372327
382211
392096
385506
382211
382211
385506
365737
372327
349262
388801
362442
385506
2082632
2198333
2217617
2198333
2140482
2236901
2314035
2198333
2256184
2217617
2275468
2121199
2024781
2275468
2236901
2159766
2263847
2327918
2263847
2562846
2285204
2520131
2349275
2391989
2349275
2477417
2370632
2562846
2541488
2306561
2370632
2242490
2623790
2601554
2423670
2579319
2623790
2379199
2468141
2356964
2379199
2668261
2356964
2334728
2668261
2401435
2557083
2356964
2232730
2252845
2333304
2413762
2112042
2192501
2313189
2373533
2313189
2313189
2252845
2333304
2232730
2252845
2413762
2373533
2705859
2430687
2430687
2751721
2682928
2568273
2499480
2568273
2705859
2637066
2499480
2407756
2499480
2545342
2522411
2568273
2323790
2089458
2245679
2206624
2265207
2128513
2069930
2226152
2284735
2206624
2108986
2128513
2050403
2284735
2089458
2148041
1397960
1486120
1397960
1423149
1410554
1486120
1448337
1397960
1511308
1473526
1372772
1347583
1410554
1448337
1385366
1334989
855604
810572
825583
840593
855604
878120
810572
795561
810572
893130
878120
803067
803067
795561
878120
855604
1227134
1143227
1174692
1132739
1101274
1111762
1153716
1248111
1111762
1248111
1132739
1195669
1164204
1216646
1195669
1206157
1783413
1933420
1883418
1900085
1933420
1966755
2000090
1983422
1983422
1833416
1766746
1800081
1983422
1883418
1883418
1966755
833473
742421
819465
763433
805457
742421
812461
777441
812461
791449
770437
784445
798453
833473
833473
798453
1375967
1363681
1351396
1326825
1461964
1326825
1314539
1425108
1363681
1461964
1351396
1412823
1400537
1339110
1400537
1400537
396565
382274
414428
407283
392992
418001
389419
425146
385847
410855
428719
382274
410855
396565
410855
392992
220320
229984
202927
212590
226118
218388
204859
226118
214523
214523
216455
204859
206792
228051
222253
206792
241495
226402
232870
258745
250120
254432
232870
228558
256588
226402
252276
252276
239339
258745
252276
245807
2494001
2404127
2359190
2404127
2404127
2651280
2538938
2381658
2673749
2583875
2673749
2449064
2359190
2651280
2628812
2628812
1313124
1460390
1300852
1435846
1288579
1460390
1288579
1423574
1337668
1435846
1423574
1288579
1313124
1399029
1472662
1300852
1255338
1198277
1369460
1369460
1323811
1312399
1255338
1300987
1300987
1209690
1266750
1358048
1209690
1255338
1266750
1278163
840032
902257
917813
871144
871144
824476
925591
878923
878923
894479
840032
917813
816698
886701
863366
863366
1065216
1084761
1026126
1143397
1045671
1104307
1172715
1104307
1045671
1094534
1123852
1123852
1026126
1065216
1045671
1114079
1195902
1216882
1227373
1195902
1153940
1122469
1101488
1153940
1153940
1174921
1206392
1164431
1153940
1248354
1185411
1258844
1992242
1903303
2027818
2010030
1992242
1974454
2134545
1938878
2027818
1885515
1903303
1885515
2098969
1974454
2045606
2134545
2606415
2819668
2748584
2511637
2748584
2606415
2559026
2772278
2701194
2582721
2843362
2559026
2701194
2606415
2559026
2511637
1844342
2033948
2068422
1999474
1844342
2016711
2068422
1965000
1965000
2051185
2033948
1827106
2068422
1913290
1947764
2016711
2785533
2914493
2862909
2940285
2940285
3043453
2811325
2733949
2888701
2991869
2991869
2940285
2862909
2862909
2708157
2914493
1986252
1967689
2209010
2041942
2171883
2097631
2190446
2134757
2060505
2023378
2153320
2023378
2209010
2060505
2190446
2153320
1568967
1658623
1613795
1643680
1793106
1718393
1628737
1778163
1658623
1658623
1763220
1643680
1658623
1703450
1733335
1568967
2691631
2646011
2714442
2486337
2417906
2486337
2577579
2600390
2417906
2623200
2577579
2554769
2668821
2600390
2737252
2554769
1211703
1119285
1201434
1211703
1098747
1160359
1170628
1088479
1160359
1221971
1211703
1180897
1160359
1119285
1129553
1119285
2927284
2634556
2854102
2780920
2780920
2829708
2683344
2902890
2732132
2658950
2756526
2805314
2780920
2780920
2854102
2829708
1602762
1694348
1816463
1709612
1633290
1785934
1709612
1709612
1801199
1648555
1724877
1831728
1663819
1709612
1801199
1694348
892389
853249
853249
923701
915873
876733
908045
892389
931529
939357
939357
908045
900217
923701
861077
821937
2881859
2983872
2805349
2983872
2983872
2881859
2907362
2703337
2830852
2932865
3034878
2728840
2881859
2830852
2728840
3009375
1302017
1347304
1324661
1234086
1290695
1302017
1302017
1222764
1279373
1256729
1347304
1268051
1200120
1279373
1335983
1222764
1291376
1235229
1347523
1302605
1212770
1291376
1291376
1257688
1313835
1325064
1302605
1336293
1325064
1280147
1179082
1302605
323515
320797
293610
301766
312641
318078
296329
288173
312641
301766
296329
307204
320797
315359
290892
296329
2400816
2446114
2559360
2378167
2695255
2559360
2604659
2446114
2649957
2649957
2378167
2514062
2582009
2536711
2378167
2582009
2841905
2917354
2766457
2791606
2992803
2741307
2841905
2841905
2892205
2691008
2967653
3017953
2665858
2917354
2867055
2967653
3027018
2848958
2696335
2823521
2848958
3027018
2950707
2976144
2798084
2899832
2696335
2670898
2823521
2670898
2976144
2899832
1402374
1440971
1376642
1453837
1543898
1543898
1505300
1440971
1466703
1453837
1466703
1453837
1466703
1492435
1466703
1440971
2406577
2559723
2515967
2428455
2428455
2494089
2428455
2406577
2450333
2603479
2625357
2494089
2297187
2515967
2515967
2297187
417687
398701
402498
425281
455659
410093
429079
421484
398701
444267
421484
448064
429079
440470
451862
410093
890086
906880
957262
1007644
881689
915277
915277
1007644
890086
890086
965659
915277
990850
965659
974056
915277
977176
1070240
977176
1079547
1098159
977176
995789
1023708
977176
1005095
1079547
1098159
986482
1033014
1005095
1079547
728135
755873
790546
769742
832154
811350
762808
735069
735069
776677
797481
811350
748938
804415
748938
776677
1404359
1564857
1551482
1524732
1578232
1591607
1591607
1538107
1404359
1457858
1604982
1417734
1484608
1551482
1538107
1538107
1737910
1737910
1833574
1785742
1833574
1690077
1769798
1721966
1897351
1849519
1753854
1769798
1674133
1753854
1913295
1865463
1468549
1551674
1607091
1662508
1565529
1537820
1523966
1662508
1565529
1468549
1579383
1510112
1662508
1496257
1662508
1648654
1478705
1478705
1492397
1643006
1478705
1615622
1560856
1465014
1533472
1533472
1478705
1601931
1601931
1465014
1519780
1465014
750791
828703
779123
786206
807455
757874
807455
757874
807455
757874
772040
743708
779123
842869
842869
757874
2737527
2907109
2834431
2761753
2907109
2810205
2785979
2907109
2810205
2664850
2858657
2834431
2907109
2640624
2810205
2592172
1075036
1065173
1104624
1045448
1134212
1173663
1134212
1173663
1094761
1084899
1183526
1124350
1144075
1163800
1065173
1094761
892900
992112
892900
892900
967309
917703
925971
892900
925971
950773
950773
942506
942506
942506
892900
892900
1880858
1813079
1931692
1830024
1965581
1880858
1796135
1914747
1982526
1846969
1931692
1830024
1830024
2033360
1999471
1846969
1385610
1397765
1361301
1385610
1324838
1336992
1446383
1458537
1458537
1385610
1397765
1434228
1336992
1288374
1300529
1336992
1075407
1146424
1075407
1176860
1156569
1176860
1146424
1115988
1217442
1085552
1207296
1197151
1166715
1136279
1217442
1207296
27093
28303
26852
28545
28061
25884
26126
28787
26126
28787
28545
28303
25400
26126
25400
26852
1522268
1606063
1620029
1578132
1466405
1508303
1633995
1633995
1522268
1522268
1661926
1606063
1480371
1647960
1564166
1647960
2906504
2959350
3170732
3091464
2959350
3012195
3091464
2853659
3170732
2985773
2985773
3038618
2985773
3065041
2853659
2853659
401737
401737
419513
401737
408847
387516
415958
405292
412403
405292
387516
376851
391072
405292
408847
391072
415833
451476
431674
459397
447516
463357
415833
463357
455436
439595
451476
475238
455436
427714
423754
443555
2772080
2747107
2971870
2772080
2697159
2747107
2896949
2747107
2772080
2797054
2722133
2896949
2772080
2996844
2847001
2921922
778104
785309
799718
835741
814127
763695
842946
799718
857355
756490
835741
835741
828537
763695
806923
778104
1116748
1066893
1056922
1126719
1086835
1086835
1056922
1076864
1116748
1186545
1046951
1106777
1106777
1196516
1086835
1096806
120231
117174
112080
120231
119212
113099
120231
110042
120231
113099
118193
119212
106985
119212
117174
110042
329564
332703
357812
329564
370367
351535
373506
367229
357812
342119
357812
342119
357812
357812
335841
345258
2202328
2341214
2261851
2261851
2202328
2341214
2142806
2301532
2321373
2341214
2162647
2242010
2202328
2380896
2261851
2122965
461841
527818
527818
501427
475036
470638
479435
479435
475036
461841
488232
501427
510224
519021
519021
492630
637231
661278
673301
709371
703359
673301
661278
697347
637231
631220
673301
643243
667289
685324
703359
667289
680458
771186
777667
758225
686939
777667
699900
758225
680458
771186
680458
771186
712861
725822
758225
732303
725666
662564
738286
738286
706735
725666
750906
713045
725666
725666
675184
694115
700425
725666
738286
694115
1748800
1675934
1617640
1748800
1573920
1559347
1748800
1530200
1675934
1544774
1734227
1559347
1661360
1544774
1675934
1661360
64900
60880
66049
68346
63751
62028
60880
60880
63751
66049
68346
60880
64900
60880
67197
60880
414229
441328
452942
460684
449070
456813
449070
406486
445199
464556
429714
410357
464556
425843
445199
437456
1875580
1858051
1858051
1998282
1858051
1945695
1998282
1963224
2103454
1893109
2068397
2033339
1998282
1980753
1980753
1840522
890872
816633
846329
779513
801785
876024
876024
794361
846329
794361
824057
868600
853753
779513
861177
786937
598715
568012
614067
593598
598715
614067
614067
547543
542426
588481
562895
557778
568012
552660
542426
568012
2657965
2708593
2809849
3012361
3037675
2683279
3012361
2987047
2835163
2759221
2784535
2784535
2936419
2809849
2860477
2708593
656183
723642
735907
705244
729774
729774
735907
699111
717509
656183
699111
674581
656183
656183
643918
662316
2362529
2362529
2423628
2301429
2281062
2240329
2403262
2219962
2281062
2219962
2240329
2321795
2138496
2423628
2382895
2342162
902806
894289
945391
996493
1013527
919840
962425
919840
1022044
987976
1005010
987976
894289
945391
962425
1013527
1228742
1175319
1218058
1132580
1121895
1228742
1121895
1153949
1271481
1153949
1250112
1196688
1250112
1207373
1239427
1153949
589586
617662
673813
645737
612046
617662
628892
623277
617662
634507
673813
628892
673813
628892
623277
589586
1992091
2115495
2097866
1903946
1974462
2097866
2009720
2115495
2080237
1886316
1886316
1992091
2044979
1992091
1851058
2027349
2448908
2304854
2366591
2469487
2304854
2201959
2222538
2366591
2243117
2201959
2325433
2366591
2284275
2387170
2325433
2201959
2375889
2248609
2333463
2418316
2418316
2333463
2269823
2439529
2291036
2269823
2333463
2503169
2269823
2524382
2545596
2397102
635194
668921
663300
623952
668921
618330
640815
663300
674542
663300
601467
652058
635194
595846
590224
618330
2319444
2215898
2340154
2298735
2195188
2278026
2236607
2443700
2402282
2278026
2422991
2381572
2278026
2215898
2236607
2485119
318732
281546
300139
289514
316075
289514
305451
302795
302795
300139
302795
313419
308107
294827
286858
300139
256120
249006
272721
260863
267978
284578
251377
267978
263235
275092
277464
270349
256120
277464
284578
277464
2101269
2358972
2200386
2240032
2319326
2279679
2140916
2299502
2081446
2101269
2259856
2220209
2299502
2319326
2259856
2140916
426287
408376
415541
411958
379718
379718
379718
394047
411958
401212
426287
404794
408376
386883
419123
422705
1454116
1454116
1427916
1558917
1572018
1467216
1388615
1375515
1480316
1545817
1454116
1493417
1441016
1401716
1454116
1493417
2716282
2482120
2622617
2458704
2646033
2763115
2716282
2528952
2622617
2692866
2669450
2482120
2763115
2646033
2739698
2528952
1298912
1443236
1334993
1431209
1383101
1359047
1359047
1419182
1371074
1407155
1371074
1286885
1359047
1310939
1371074
1407155
2051158
1964975
1809846
1827082
1809846
1878792
1809846
2051158
2068395
1913265
1999449
1896029
1878792
1844319
1930502
1982212
2478454
2308987
2414904
2330170
2414904
2330170
2414904
2393720
2372537
2436087
2372537
2330170
2499637
2457270
2245437
2266620
2408268
2500012
2454140
2408268
2683499
2729370
2591755
2637627
2522947
2614691
2454140
2568819
2637627
2729370
2568819
2660563
2847316
2920953
2700041
2945499
2577312
2822770
2577312
2847316
2700041
2650949
2847316
2724587
2945499
2626403
2626403
2675495
1687676
1718361
1825758
1610963
1641648
1795073
1841101
1764388
1841101
1641648
1810416
1718361
1841101
1703018
1733703
1656991
2187357
2364710
2266180
2325298
2187357
2266180
2325298
2305592
2305592
2108533
2207063
2226768
2207063
2069121
2187357
2345004
489359
526644
545286
489359
517323
494020
508002
503341
517323
508002
503341
545286
531304
526644
512662
554607
3112550
2798680
2746368
3034083
3112550
3112550
2903303
2955615
3112550
2772524
2877147
2824836
3007927
2903303
3086395
3138706
1278869
1335456
1244917
1346774
1312821
1346774
1290187
1256234
1335456
1267552
1222282
1312821
1256234
1278869
1358091
1290187
1062611
1072271
1023970
1033630
1043290
1101251
1033630
1139891
1130231
1091591
1139891
1033630
1072271
1023970
1101251
1023970
2889086
2597750
2767696
2573472
2889086
2670584
2913364
2694862
2913364
2816252
2622028
2694862
2840530
2670584
2743418
2646306
1818910
1850543
1787276
1787276
1850543
1660744
1676560
1850543
1692377
1771460
1771460
1866359
1882176
1676560
1897993
1692377
1744920
1657674
1526805
1541346
1570428
1570428
1584969
1657674
1541346
1686756
1628592
1614051
1730379
1555887
1614051
1744920
781922
774878
753745
760789
838277
739656
831233
774878
803055
803055
810100
817144
760789
796011
803055
774878
2440252
2596966
2596966
2664129
2350702
2552190
2686516
2373089
2664129
2574578
2641741
2440252
2395477
2462640
2485028
2350702
2646005
2551505
2646005
2669630
2551505
2480630
2551505
2622380
2787755
2575130
2551505
2669630
2811380
2716880
2835006
2551505
50197
49354
47244
46401
45979
48510
48932
45135
44713
45557
46401
45557
45135
50619
47666
44713
1112733
1204610
1112733
1204610
1194401
1102524
1122941
1153567
1082107
1112733
1225027
1204610
1102524
1214818
1214818
1163775
1110728
1184777
1153042
1258826
1174199
1258826
1248247
1195355
1258826
1227090
1131885
1227090
1131885
1163620
1195355
1184777
1441067
1504271
1365221
1403144
1339939
1466349
1403144
1504271
1390503
1441067
1403144
1339939
1453708
1365221
1390503
1453708
979096
970868
937957
896819
872136
962640
888591
896819
880363
937957
905047
896819
896819
946185
913274
872136
883792
808895
898772
883792
801405
838854
846344
838854
838854
793915
868813
861323
786425
846344
853833
801405
1129736
1069750
1079748
1049755
1169727
1059753
1199720
1079748
1199720
1049755
1079748
1109741
1109741
1109741
1199720
1179725
872008
826512
902338
909921
909921
856842
887173
834094
796181
818929
902338
902338
834094
909921
864425
864425
2890217
2839063
3043680
2813486
3018103
3018103
2864640
2736755
3069258
2762332
2941372
2941372
2711177
3018103
2711177
3069258
1580928
1650881
1580928
1496985
1510976
1482995
1482995
1538957
1594919
1524966
1608909
1482995
1608909
1566938
1524966
1622900
740432
701800
721116
676046
688923
772624
721116
766186
676046
721116
746870
708239
733993
759747
727555
721116
345411
323823
366999
339243
326907
348495
342327
339243
348495
345411
360831
333075
323823
366999
329991
351579
2376481
2250296
2334419
2481635
2271327
2397512
2292358
2376481
2250296
2292358
2460604
2208235
2334419
2397512
2229265
2418543
459055
451208
435514
411972
439437
470826
470826
427666
439437
419819
411972
439437
462978
419819
451208
431590
2028632
1921862
1904067
1993042
1975247
2099812
2064222
2064222
2064222
2046427
2064222
2082017
1957452
1993042
1993042
2028632
545593
581966
613143
576770
576770
555985
581966
587162
566378
576770
555985
587162
587162
555985
607947
545593
277632
280005
282378
284751
275259
284751
249157
251530
284751
261022
263395
258649
263395
268141
272886
272886
894762
833581
856524
810639
825934
810639
818286
856524
802991
825934
894762
802991
910057
902409
825934
879467
1965459
2039627
2150880
2002543
2169422
2002543
2021085
1984001
2095253
1984001
1965459
2095253
2021085
2206506
2095253
2076711
2108250
2262984
2224301
2262984
2185617
2146934
2301668
2321010
2321010
2127592
2321010
2243643
2088909
2224301
2146934
2282326
27051
26076
27295
28026
28757
28514
25589
26076
26320
27782
26076
27295
26808
28514
28270
28270
1555360
1449912
1449912
1542179
1515817
1436731
1449912
1423550
1463093
1568541
1542179
1463093
1555360
1436731
1489455
1397188
2429182
2515939
2602695
2515939
2429182
2407493
2450871
2581006
2429182
2537628
2602695
2299047
2299047
2450871
2385804
2299047
2326183
2054795
2268028
2054795
2054795
2151719
2074180
2248643
2074180
2132334
2287413
2229258
2171104
2035410
2268028
2151719
2462012
2484808
2575994
2553197
2439215
2735569
2575994
2575994
2621587
2416419
2416419
2553197
2621587
2484808
2507605
2575994
2471566
2180794
2243102
2305411
2430027
2367719
2409258
2430027
2305411
2243102
2326180
2367719
2388489
2326180
2367719
2180794
1430959
1383260
1347486
1419034
1407109
1299787
1323637
1323637
1299787
1430959
1419034
1311712
1335561
1252089
1335561
1275938
1305462
1389299
1377322
1353369
1269532
1269532
1377322
1341392
1293485
1353369
1437206
1257555
1341392
1317439
1269532
1401276
1990999
1917935
2064063
2082329
2045797
1972733
2137127
2100595
2009265
2027531
2027531
2155393
1936201
2155393
1990999
2082329
2614943
2546129
2683757
2454376
2431438
2683757
2637881
2408500
2592005
2408500
2523191
2683757
2431438
2729633
2752572
2614943
2004056
1864644
2073763
1934350
1951776
2004056
2056336
1969203
1916923
1916923
1934350
1882070
1847217
2056336
1934350
1847217
2357809
2220270
2063083
2279215
2141676
2279215
2338160
2102379
2161325
2220270
2357809
2102379
2141676
2259567
2338160
2180973
2710244
2733408
2687079
2571257
2710244
2756573
2478599
2571257
2756573
2501763
2571257
2501763
2478599
2524928
2687079
2663915
519704
511042
519704
463403
498050
498050
459072
506711
498050
493719
454741
489388
463403
476395
463403
498050
2551359
2274962
2317484
2466314
2487575
2551359
2466314
2296223
2530098
2381268
2530098
2466314
2445052
2508836
2381268
2530098
2858589
2760860
2883022
2614265
2663130
2663130
2711995
2785292
2931886
2711995
2565400
2565400
2760860
2834157
2638698
2785292
699550
731937
725459
744891
725459
706027
777278
680118
744891
757846
706027
712505
770801
777278
757846
738414
2609168
2634017
2882509
2907358
2857660
2807961
2981906
2609168
2932207
2857660
2807961
2907358
2882509
2981906
2634017
2609168
1312938
1301996
1258232
1301996
1214467
1192585
1192585
1258232
1236349
1181644
1181644
1291055
1312938
1192585
1236349
1214467
645794
718903
694533
700626
724995
706718
682348
664071
639702
676256
724995
694533
706718
651886
718903
694533
1357996
1322259
1357996
1250786
1310347
1393733
1417557
1405645
1262698
1286523
1405645
1310347
1429470
1369908
1322259
1393733
1572952
1530053
1558653
1530053
1673049
1715948
1587252
1601551
1558653
1515754
1530053
1673049
1715948
1673049
1587252
1644450
360027
360027
390030
366694
353360
376695
350026
366694
383362
356694
396697
366694
356694
353360
380029
350026
2419433
2460791
2481470
2481470
2316039
2378075
2171286
2481470
2191965
2274681
2274681
2460791
2274681
2357396
2191965
2233323
2243968
2124819
2184394
2124819
2243968
2104961
2243968
2224110
2104961
2243968
2164536
2204252
2124819
2124819
2343259
2303543
2273674
2174818
2075963
2095734
2135276
2293445
2075963
2174818
2115505
2372529
2075963
2293445
2155047
2095734
2234132
2155047
1281487
1121301
1131980
1281487
1249450
1217412
1121301
1228091
1228091
1260129
1206733
1153338
1270808
1142659
1131980
1281487
1993807
1959432
1925056
1993807
2045372
1993807
1959432
1856304
1804740
1821928
1925056
1821928
1873492
1925056
2028184
1976619
855522
782401
855522
862834
775088
862834
855522
840898
797025
833586
782401
789713
797025
818961
811649
818961
2335658
2335658
2316030
2159011
2355285
2080502
2198266
2178639
2316030
2335658
2217893
2217893
2276776
2178639
2198266
2198266
2561198
2427570
2672554
2383028
2583469
2449841
2449841
2494384
2605740
2360756
2405299
2405299
2494384
2472113
2605740
2650283
1071474
1008971
982184
955397
1035758
1071474
982184
1053616
955397
1026829
1062545
1026829
1000042
1026829
1017900
1008971
2289918
2146798
2249027
2412592
2167244
2392146
2453484
2249027
2412592
2330809
2392146
2208135
2412592
2330809
2249027
2269472
376069
390261
418643
372522
383165
425739
372522
390261
404452
400904
400904
386713
372522
404452
393809
383165
1726119
1822911
1774515
1919703
1758383
1839043
1758383
1693855
1742251
1726119
1758383
1806779
1887439
1806779
1871307
1903571
2825078
2979173
2927808
3004856
2902125
2773713
2953490
2799395
2748030
2799395
2850760
2696665
3030538
2799395
3030538
2722348
1152394
1008345
1142791
1008345
1142791
1152394
1046758
1046758
1123584
1094775
1046758
1017948
1104378
1008345
1113981
1008345
2908883
2908883
2635398
2660260
2859158
2685123
2660260
2958607
2784572
2809434
2660260
2610536
2759709
2709985
2859158
2784572
1414071
1438451
1365310
1340929
1279978
1279978
1292168
1304358
1328739
1377500
1377500
1365310
1353119
1292168
1279978
1377500
389935
429650
411598
407987
407987
382714
393545
426040
382714
429650
407987
429650
429650
422429
393545
422429
1972319
1854317
1938604
1854317
1972319
1871174
1770030
1854317
1854317
1871174
1871174
1921747
2006034
1803745
1955461
1871174
1707418
1832733
1832733
1864062
1770076
1691754
1770076
1879726
1660425
1770076
1801404
1832733
1738747
1785740
1660425
1644760
785205
724805
798628
751649
724805
791916
785205
704671
751649
778494
778494
731516
771783
744938
778494
731516
1419117
1346342
1394859
1273567
1443375
1406988
1297825
1273567
1406988
1406988
1285696
1309954
1406988
1370600
1309954
1322083
2263750
2203114
2405235
2304174
2425447
2263750
2263750
2243538
2304174
2142478
2122266
2405235
2385023
2425447
2142478
2182902
2418079
2460501
2418079
2418079
2460501
2354445
2227178
2290811
2227178
2481712
2439290
2460501
2269600
2460501
2439290
2290811
2322750
2322750
2199418
2178862
2322750
2384415
2446081
2446081
2219973
2363860
2363860
2322750
2158307
2384415
2261084
2199418
1821545
1708706
1821545
1853785
1837665
1724826
1708706
1692586
1869904
1934384
1757065
1692586
1918264
1902144
1869904
1740945
3089750
2908000
2882036
2933964
2908000
2856071
2752214
2752214
2804143
3089750
2778179
2882036
2985893
2778179
2726250
2985893
34583
36419
33971
32747
35807
35501
35195
35807
32135
36113
35807
36726
35501
35195
33665
36726
1396837
1384795
1276420
1384795
1360712
1348670
1445004
1336628
1312545
1312545
1360712
1324587
1348670
1288461
1420920
1372753
2366648
2477239
2344530
2410884
2587830
2344530
2609948
2477239
2587830
2388766
2654185
2410884
2410884
2366648
2433003
2654185
2540095
2848705
2540095
2730009
2824965
2801226
2492617
2492617
2730009
2801226
2516356
2730009
2492617
2540095
2635052
2682530
1602340
1703389
1660082
1559034
1645647
1587905
1587905
1631211
1559034
1631211
1717824
1573469
1616776
1616776
1645647
1631211
2895024
2920419
2945814
2895024
2717259
2742654
2844234
2818839
3021999
3047394
2742654
2742654
2971209
3021999
2717259
3047394
150754
154687
142889
149443
150754
142889
148132
145511
154687
149443
150754
145511
142889
148132
146821
153376
3009939
2882399
2780367
3060955
2984431
2831383
2856891
2856891
2805875
2984431
2907907
3009939
2933415
2907907
3035447
2678335
2384124
2489617
2257534
2510715
2299731
2405223
2510715
2489617
2405223
2468518
2215337
2278632
2215337
2257534
2531814
2215337
2720472
2516436
2561777
2629789
2539107
2561777
2584448
2607119
2697801
2448424
2561777
2720472
2697801
2629789
2697801
2697801
2645114
2551481
2785562
2528073
2621706
2762154
2551481
2598297
2645114
2668522
2808970
2598297
2645114
2715338
2574889
2691930
98957
102589
99865
99865
108036
95326
100773
97142
108036
108036
102589
100773
108036
102589
95326
98957
902598
902598
910586
902598
894611
846685
950524
950524
942536
870648
950524
934549
918573
894611
926561
926561
1341889
1379512
1479840
1329348
1442217
1417135
1392053
1454758
1442217
1392053
1379512
1392053
1392053
1354430
1366971
1492381
353740
338088
369393
356871
360001
363132
341219
356871
341219
369393
366262
356871
353740
350610
328697
375654
88009
82509
90367
84080
88009
91152
86438
91152
88009
92724
91938
84866
91152
83294
92724
93510
115006
115006
114039
102442
109207
104375
115006
114039
104375
115972
102442
115972
107274
108241
108241
102442
1620486
1605619
1605619
1620486
1739421
1784022
1709687
1650220
1590752
1575886
1709687
1561019
1724554
1784022
1635353
1605619
1652877
1597318
1583429
1458421
1500090
1583429
1652877
1611208
1652877
1458421
1513980
1486201
1500090
1513980
1472311
1569539
886205
886205
886205
958712
950656
894261
942599
862035
886205
878148
910374
902317
862035
958712
845923
902317
855951
929318
970078
913015
855951
896711
872255
880407
880407
888559
913015
945622
970078
978230
945622
904863
2079159
2007464
1935769
1899921
2097083
2025388
2150854
2150854
1935769
2079159
2079159
1935769
2043312
2007464
2132931
1989540
1739969
1680987
1754714
1695732
1651496
1680987
1754714
1695732
1666241
1754714
1739969
1607259
1651496
1666241
1651496
1725223
326682
339010
366747
354419
332846
351337
351337
366747
369829
357501
329764
354419
360583
323600
342092
339010
923007
957193
923007
914461
905915
1025564
931554
974286
897368
974286
914461
931554
940100
914461
991378
991378
417166
444714
444714
472263
452585
464392
448650
413230
417166
425037
468328
448650
417166
468328
444714
436843
2658438
2525516
2392594
2614130
2326133
2547669
2436901
2414747
2326133
2658438
2591977
2481208
2392594
2547669
2370440
2525516
1358021
1524570
1370832
1345209
1473324
1447701
1434890
1409267
1498947
1486136
1524570
1409267
1524570
1345209
1422078
1409267
2418086
2593946
2549981
2352138
2330155
2527999
2374120
2418086
2549981
2484033
2462051
2615929
2506016
2308173
2527999
2527999
254427
252049
285339
254427
249672
285339
252049
249672
261561
273450
282961
280583
275828
263939
271072
285339
2719689
2743135
2485233
2672798
2813472
2672798
2719689
2602461
2672798
2743135
2743135
2461788
2532124
2555570
2813472
2508679
2038184
1953260
2038184
1987229
1902305
2004214
1885320
1953260
1851350
2021199
1987229
1919290
1970244
1919290
1936275
1783411
606448
601265
564981
601265
554615
601265
549431
549431
596081
585715
559798
601265
559798
554615
575348
585715
1168070
1138623
1168070
1158254
1118992
1099360
1030650
1177886
1069913
1030650
1118992
1118992
1030650
1177886
1118992
1069913
1866362
1882046
1834995
1787944
1646790
1709525
1646790
1882046
1646790
1646790
1709525
1756576
1834995
1850678
1709525
1882046
1150836
1102072
1092319
1121577
1092319
1043554
1053307
1160589
1033802
1033802
1102072
1033802
1160589
1024049
1024049
1072813
726164
794029
732950
732950
732950
719377
807603
780456
739737
800816
739737
800816
766883
766883
726164
773670
600020
543608
569250
605148
594892
558993
615405
538479
548736
579506
548736
615405
543608
553865
538479
584635
2329441
2369604
2289278
2229034
2128627
2249115
2329441
2349522
2148708
2269197
2128627
2229034
2289278
2289278
2128627
2389685
1230337
1241129
1197959
1251921
1154790
1241129
1251921
1133205
1187167
1262714
1295091
1208752
1230337
1295091
1208752
1143997
616980
605554
605554
645544
599841
622693
628405
599841
679820
616980
611267
679820
656969
605554
685533
622693
868138
900591
973612
908705
941159
876251
973612
860024
884364
860024
868138
924932
876251
876251
949272
933045
1781342
1733198
1717149
1781342
1781342
1749246
1749246
1701101
1877631
1829486
1925775
1813438
1861583
1701101
1877631
1829486
2729772
2908355
2755284
2831819
3061426
2806307
2933867
3061426
2729772
2908355
2908355
2959379
2729772
2933867
2908355
2755284
344379
344379
326868
312276
329787
315194
312276
335624
326868
335624
344379
321031
338542
323950
323950
344379
697683
656643
627329
703546
685958
615603
685958
627329
685958
621466
644917
627329
668369
680095
680095
650780
1011376
1084930
1066542
1103319
965404
1057347
1020570
1020570
1020570
1048153
974598
1084930
1103319
1103319
965404
1038959
2984409
2683460
2758697
2708539
2733618
2808855
2808855
2934251
2683460
2708539
2909172
2683460
2859013
2683460
2984409
2783776
1416616
1505154
1353374
1391319
1429264
1378671
1391319
1454561
1454561
1479858
1378671
1441913
1328077
1505154
1353374
1454561
336044
354713
354713
367159
357824
342267
326709
373382
370270
329821
360936
326709
336044
348490
326709
342267
1511588
1626757
1713133
1540380
1669945
1583568
1698737
1540380
1727529
1713133
1554776
1713133
1655549
1727529
1641153
1655549
103424
95259
107053
103424
103424
106145
106145
98888
103424
103424
108867
103424
97073
104331
108867
100702
1427015
1630874
1440605
1508558
1522149
1562921
1522149
1508558
1603693
1590102
1440605
1549330
1508558
1576511
1562921
1454196
835805
835805
743725
750808
842888
779141
779141
842888
757891
793307
814556
835805
779141
842888
821639
849972
2744829
2696674
2528132
2792984
2768906
2841139
2889294
2672596
2768906
2672596
2889294
2528132
2600364
2672596
2792984
2624442
1974266
1957814
1793291
1941361
1924909
1793291
1793291
1793291
1826196
1875553
1743935
1727483
1924909
1859100
1760387
1743935
1618258
1689234
1575672
1547282
1561477
1646649
1646649
1703430
1561477
1618258
1703430
1561477
1646649
1504696
1689234
1660844
2884187
2910171
3066073
2780252
2988122
3066073
2936154
3092056
3014105
2962138
3014105
2858203
2806236
2936154
2832220
3092056
1144964
1154920
1144964
1154920
1105139
1125051
1154920
1095183
1144964
1154920
1105139
1055358
1065314
1184788
1045402
1045402
2690526
2528166
2644137
2620943
2574555
2620943
2736914
2690526
2713720
2736914
2760108
2458584
2528166
2504972
2435389
2504972
1783051
1634463
1604746
1693898
1664181
1619604
1560169
1634463
1708757
1753333
1604746
1619604
1753333
1634463
1723616
1589887
2229714
2169452
2289977
2189539
2109189
2229714
2149364
2390414
2330152
2370327
2410502
2269889
2330152
2149364
2370327
2390414
2759025
2478446
2571972
2712262
2478446
2548591
2759025
2712262
2735643
2642117
2665498
2501827
2455064
2478446
2665498
2735643
1765398
1878773
1830184
1716809
1781595
1943558
1749202
1862576
1894969
1943558
1716809
1878773
1700613
1716809
1830184
1911165
2453784
2660178
2522582
2430852
2637245
2568447
2499650
2614312
2453784
2591380
2407919
2476717
2476717
2522582
2430852
2476717
2091846
2056088
1984572
2038209
2091846
2056088
2038209
2056088
2091846
1913056
2091846
2002451
1930935
2091846
1966693
2127604
789287
774671
796595
840445
781979
803904
840445
781979
803904
767363
774671
855061
833137
855061
833137
789287
1362987
1362987
1315163
1410811
1410811
1398855
1327119
1267339
1303207
1351031
1315163
1339075
1374943
1315163
1351031
1291251
27468
30319
29541
28505
30578
30319
30578
30319
28505
29282
30060
28764
28764
29541
27727
30578
1431856
1494111
1344700
1357151
1481660
1394504
1481660
1469209
1469209
1319798
1419406
1332249
1469209
1469209
1431856
1431856
1915592
2025055
2079786
1933836
1915592
2061542
1970323
2061542
2061542
2098030
2043298
1952080
1988567
2098030
1915592
1952080
1455387
1467826
1355873
1480265
1405630
1492705
1318556
1343434
1492705
1330995
1492705
1330995
1492705
1330995
1467826
1430509
2569412
2591951
2546874
2389103
2637029
2614490
2411641
2614490
2366564
2659567
2456719
2434180
2479258
2411641
2389103
2546874
1013578
1004447
1086629
967922
1068366
1004447
967922
1050104
1013578
1013578
995316
967922
1040972
1050104
1040972
958790
2700980
2801016
2976080
2750998
2976080
2926062
2625953
2826026
2826026
2625953
2876044
2826026
2826026
2750998
2650962
2700980
568243
519675
577956
534245
558529
524532
568243
519675
524532
514818
529389
582813
529389
582813
582813
573100
2230454
2113062
2269585
2113062
2171758
2328281
2250019
2289150
2308716
2093496
2191323
2171758
2328281
2093496
2113062
2054365
650321
605081
678596
627701
672941
622046
622046
593771
622046
627701
644666
593771
644666
633356
633356
622046
2634322
2778013
2634322
2658271
2849858
2825910
2754064
2610374
2706168
2825910
2801961
2610374
2801961
2562477
2610374
2610374
2397316
2555629
2713942
2691326
2510397
2646094
2578245
2713942
2713942
2713942
2713942
2668710
2397316
2668710
2668710
2419932
1379305
1418342
1366293
1483404
1431355
1483404
1496416
1379305
1522441
1483404
1418342
1444367
1509429
1392318
1535453
1392318
1625560
1729004
1566448
1655115
1655115
1655115
1729004
1758560
1551671
1566448
1714227
1699449
1758560
1669893
1655115
1596004
953818
929569
905319
856820
881069
945735
856820
937652
921485
945735
856820
897236
864903
921485
889153
961901
637823
702786
643728
690975
685069
679163
649634
708692
661446
690975
649634
667352
626011
673257
673257
655540
2244863
2387718
2306087
2163232
2428534
2244863
2142824
2285679
2265271
2142824
2428534
2326494
2448942
2285679
2285679
2428534
2664334
2619929
2664334
2397901
2642132
2486712
2464509
2420104
2464509
2331292
2531118
2353495
2597726
2508915
2553320
2664334
1224876
1100312
1193735
1214496
1110693
1100312
1193735
1152214
1172975
1193735
1245637
1204115
1193735
1100312
1100312
1235256
1108872
1161675
1203918
1129993
1267282
1246161
1140554
1256722
1151115
1140554
1225040
1225040
1225040
1214479
1172236
1119433
1217325
1217325
1330040
1296225
1318769
1273682
1228596
1341312
1194782
1228596
1341312
1330040
1206053
1273682
1352583
1262411
2347616
2412828
2499776
2369353
2586725
2543251
2347616
2608462
2304142
2369353
2499776
2456302
2478039
2478039
2412828
2586725
366721
360343
347587
382665
363532
369910
341210
338021
382665
341210
344399
373098
353965
357154
369910
376287
699539
663041
729954
656958
644792
669124
663041
650875
650875
729954
693456
723871
705622
650875
644792
717788
833419
887942
903520
841208
919098
911309
919098
895731
903520
903520
833419
833419
848997
934676
872364
880153
2886914
2886914
3094980
2834898
2912922
2834898
2756873
2886914
3042964
2964939
2938931
2834898
2938931
2938931
2912922
3042964
1615568
1715648
1558380
1629865
1658460
1501192
1515489
1701351
1515489
1644163
1615568
1644163
1601271
1529786
1515489
1586974
1827356
1747208
1859415
1747208
1699120
1699120
1811326
1907503
1795297
1699120
1907503
1923532
1811326
1683091
1795297
1875444
2001334
1894120
1894120
2126418
2054941
2144287
1876251
1894120
2108549
1876251
2126418
2090680
2054941
2001334
2072810
1929858
183971
183971
165419
166965
179333
180879
170057
182425
182425
165419
162327
174695
180879
173149
182425
171603
2743101
2695807
2766749
2695807
2695807
2814044
2553922
2695807
2530275
2743101
2719454
2553922
2506627
2553922
2672159
2814044
1480782
1480782
1402156
1467678
1559408
1375948
1402156
1454573
1389052
1389052
1546303
1415261
1520095
1520095
1559408
1520095
923827
1047004
941424
1029408
994214
1029408
994214
941424
1029408
985416
994214
1029408
959021
1038206
1055803
976617
607569
664887
601837
682083
607569
653424
659155
687814
676351
647692
687814
619033
659155
647692
641960
624765
118056
110870
107790
111897
120109
116003
119083
112923
122163
110870
113950
109844
114976
112923
118056
107790
2146444
2202929
2014645
2052302
2259415
2033473
2184101
2014645
2184101
2052302
2033473
2184101
2108787
2033473
2184101
1995816
1634326
1634326
1735568
1648789
1518622
1590937
1706642
1634326
1663253
1735568
1562011
1533085
1590937
1663253
1663253
1533085
2113534
2170146
2264500
2226759
2226759
2038050
2113534
2245629
2264500
2094663
2000309
2245629
2226759
2132404
2019179
2132404
1862172
1931786
1896979
2071014
1931786
2001400
1896979
2053610
1844768
1966593
2071014
2088417
1949189
2036207
2071014
2018803
1917102
2036921
1848634
1797283
1848634
1917102
1848634
1985570
1831517
1848634
2054038
1985570
2036921
1951336
1934219
2054038
1007504
980518
1043487
971522
998509
1070474
980518
998509
989513
944535
1025496
1016500
1007504
962527
998509
989513
676260
724564
718526
658146
694374
676260
633994
700412
633994
724564
694374
712488
646070
682298
658146
712488
1493691
1455391
1366025
1531990
1391558
1366025
1506457
1353258
1391558
1391558
1442624
1468157
1531990
1404324
1506457
1493691
1673834
1865129
1753540
1673834
1705716
1689775
1673834
1753540
1912953
1881071
1673834
1801364
1833247
1881071
1673834
1721658
2309595
2224839
2479107
2542674
2415540
2457918
2309595
2415540
2542674
2500296
2224839
2330784
2224839
2309595
2224839
2267217
1001061
1084483
1001061
1065945
1112290
1047407
1047407
1019599
1038138
991792
1056676
982523
1075214
1001061
1103021
1075214
2202960
2184291
2128284
1978930
1997600
1960261
2034938
2221630
2221630
2034938
1960261
1997600
2053607
2146953
2034938
2146953
2271650
2377802
2399032
2314111
2356572
2292881
2271650
2335341
2271650
2271650
2292881
2526415
2356572
2399032
2335341
2377802
709428
729134
768547
788253
715997
761978
768547
788253
768547
768547
748840
768547
696290
761978
755409
735703
1688539
1568997
1643711
1628768
1673596
1568997
1703482
1643711
1673596
1703482
1733368
1568997
1718425
1703482
1748311
1658654
1774709
1606418
1606418
1790008
1652315
1790008
1774709
1805307
1713512
1713512
1820607
1606418
1744111
1728811
1790008
1667614
1832931
1660604
1848597
1879929
1770267
1660604
1707602
1801599
1676270
1660604
1660604
1644938
1832931
1691936
1644938
1676270
758626
663798
670120
708051
727017
701729
695407
708051
663798
720695
670120
727017
701729
663798
689086
745983
1712751
1742538
1608496
1668070
1623390
1772325
1578709
1578709
1608496
1593603
1653177
1593603
1608496
1593603
1742538
1638283
1416393
1494360
1546338
1390405
1559332
1455377
1481366
1416393
1520349
1416393
1364416
1390405
1442382
1546338
1403399
1416393
526238
535311
517165
521702
517165
476336
539848
521702
503555
494482
476336
539848
489946
530775
539848
535311
179115
180646
166868
172991
172991
166868
163806
177584
176053
169929
182177
179115
176053
174522
166868
179115
1063548
1045368
1054458
1072638
1081729
1090819
1054458
972647
1054458
963556
1045368
1081729
1090819
963556
963556
1072638
104195
110948
102265
108054
103230
106124
111913
103230
111913
101300
105159
102265
106124
110948
103230
102265
595523
539051
549318
539051
600656
605790
574987
580121
605790
600656
590389
590389
605790
616058
554452
616058
272649
284713
255759
277475
272649
277475
262998
267824
260585
287126
284713
260585
275062
270236
270236
253347
1462016
1500156
1500156
1500156
1525582
1385737
1360311
1411164
1500156
1373024
1500156
1487443
1462016
1411164
1423877
1449303
487058
509607
473529
500587
532156
527646
482548
482548
478038
505097
487058
509607
478038
518626
505097
487058
2298105
2383220
2361941
2468335
2255547
2532171
2255547
2404498
2468335
2489613
2383220
2383220
2383220
2298105
2383220
2447056
1331540
1407628
1369584
1331540
1344222
1458354
1458354
1496398
1331540
1382266
1420310
1394947
1483716
1483716
1521760
1458354
1743423
1743423
1621078
1789303
1666957
1804596
1743423
1697544
1743423
1712837
1728130
1636371
1804596
1819889
1819889
1697544
1435239
1314631
1338753
1290509
1350814
1435239
1302570
1302570
1326692
1314631
1399057
1278449
1314631
1447300
1350814
1338753
2099072
2081283
2027917
1992340
1938973
2081283
1992340
2081283
2081283
2099072
1867818
1992340
2116861
1992340
2027917
1992340
191193
183022
184656
178120
194461
184656
186290
192827
184656
174851
196095
183022
179754
186290
178120
171583
2272320
2292429
2191884
2392974
2413083
2111448
2131557
2191884
2151666
2191884
2312538
2332647
2252211
2151666
2211993
2312538
1299804
1383277
1323653
1430977
1407127
1383277
1264029
1359428
1275954
1371353
1407127
1323653
1252105
1299804
1323653
1287879
2324866
2285792
2070889
2188109
2246719
2246719
2090425
2285792
2168572
2344402
2090425
2227182
2188109
2246719
2109962
2129499
1285723
1469398
1334703
1310213
1444908
1432663
1359193
1359193
1322458
1359193
1297968
1359193
1432663
1297968
1371438
1383683
1667583
1858164
1858164
1731110
1731110
1874046
1731110
1778756
1683465
1667583
1715229
1810519
1905810
1762874
1889928
1667583
126842
129067
124616
127954
127954
119053
132405
119053
126842
122391
121278
125729
126842
133518
119053
122391
1900975
1804315
1804315
1884865
1868755
1691545
1804315
1884865
1836535
1900975
1755985
1868755
1868755
1900975
1804315
1900975
1833272
1802717
1619390
1772163
1680499
1787440
1634667
1680499
1817995
1711054
1695776
1802717
1619390
1711054
1726331
1665222
894713
856477
879418
864124
864124
833536
910007
856477
864124
848830
894713
810594
894713
871771
864124
856477
2676484
2954232
2726983
2979482
2676484
2878482
2979482
2853233
2903732
2928982
2752233
3004732
2752233
2853233
3004732
2726983
1458133
1370143
1382713
1445563
1370143
1458133
1508414
1445563
1420423
1407853
1382713
1420423
1345002
1470704
1319862
1407853
2414825
2269103
2289920
2269103
2310738
2414825
2477277
2206650
2394007
2227468
2498095
2352372
2394007
2331555
2227468
2394007
2564516
2774341
2751027
2587830
2447947
2494575
2657772
2751027
2564516
2727713
2541203
2447947
2681085
2751027
2797654
2447947
1264289
1296706
1285900
1145424
1210259
1188647
1210259
1134618
1134618
1199453
1221065
1210259
1188647
1285900
1199453
1145424
545298
570312
550301
525287
585320
525287
545298
590323
550301
550301
580317
535293
550301
565309
590323
540295
632606
666495
672144
638254
610013
638254
638254
655199
660847
593068
643902
672144
610013
660847
598716
598716
869550
899795
861989
892234
824182
892234
846866
869550
816621
877111
793937
816621
839305
877111
907357
869550
58015
59120
65198
62435
61883
60778
62435
61330
64093
64646
62988
65751
62435
65751
61883
66303
1502272
1364564
1339526
1389602
1477234
1402121
1502272
1314488
1352045
1377083
1489753
1489753
1414640
1339526
1389602
1477234
2706435
2583415
2681831
2583415
2829455
2657227
2927871
2657227
2952475
2927871
2829455
2632623
2903267
2903267
2804851
2804851
2860837
2835520
2708935
2810203
2658300
2860837
2683617
2835520
2759569
2987423
2962106
2886155
2784886
2784886
2886155
2987423
2731184
2684497
2661154
2684497
2684497
2684497
2777871
2591124
2614467
2777871
2707841
2451063
2754528
2637810
2544437
2544437
1426084
1426084
1518516
1571334
1571334
1492107
1452493
1452493
1478902
1426084
1544925
1465698
1558129
1452493
1584538
1558129
1253662
1144648
1177352
1275464
1275464
1220957
1275464
1275464
1210056
1275464
1220957
1210056
1264563
1188253
1155549
1188253
1604453
1604453
1590740
1590740
1549600
1494747
1577027
1549600
1467320
1563313
1645593
1590740
1604453
1481034
1453607
1563313
632509
655099
672041
666394
638157
626862
615567
592978
621215
604272
660746
666394
632509
666394
649452
677689
2261156
2320143
2103858
2103858
2162845
2064534
2064534
2202169
2300480
2202169
2261156
2202169
2103858
2162845
2261156
2300480
842064
864224
797745
878997
827291
834677
834677
819904
886383
797745
827291
871610
819904
886383
871610
834677
2869538
2975817
2816398
2949247
2789829
2949247
2975817
3002387
3028957
3002387
3055526
3161806
3135236
3082096
2922678
3002387
1108642
1161435
1256461
1150876
1203669
1203669
1267020
1129759
1267020
1150876
1171993
1161435
1171993
1108642
1182552
1171993
470186
532286
501236
465750
501236
510107
514543
487929
483493
510107
487929
505672
479057
518979
474622
518979
1157628
1190391
1299601
1179470
1157628
1288680
1310522
1234075
1179470
1190391
1244996
1223154
1266838
1190391
1277759
1266838
1388123
1362653
1528209
1349918
1502739
1337183
1375388
1426328
1515474
1477269
1502739
1349918
1451799
1490004
1502739
1400858
2697782
2822680
2797700
2722762
2922597
2897618
2722762
2847659
2972556
2897618
2922597
2997536
2697782
2872639
2722762
2797700
1901764
2019572
1800785
1834444
1783955
1783955
1851274
1767125
1969083
1952253
1868104
1985912
2019572
2019572
1935423
1817615
2054843
1915532
1985188
1828462
1828462
1828462
1950360
1932946
1967774
2089671
2037429
1880704
2037429
1967774
1932946
2037429
888351
873545
821725
829128
829128
836531
843934
873545
821725
866142
799516
880948
858739
873545
888351
829128
2740115
2486827
2555905
2532879
2694063
2671036
2624984
2417748
2671036
2440775
2694063
2532879
2717089
2486827
2763141
2486827
1426701
1530461
1465611
1491551
1478581
1478581
1517491
1465611
1361851
1543431
1426701
1452641
1543431
1439671
1426701
1387791
491712
528823
533462
547378
547378
547378
538100
528823
538100
500990
505629
547378
500990
556656
505629
542739
987551
887122
1004289
979182
903860
887122
912229
920598
920598
1004289
887122
920598
895491
920598
912229
895491
748986
685512
698207
710902
729944
698207
717249
710902
748986
666470
666470
679165
755333
748986
761680
742638
1827963
1827963
1946442
2014145
2014145
1980294
1811038
1912591
1811038
1946442
2031070
1811038
1878740
1794112
1811038
2031070
1370927
1484123
1333195
1345773
1509278
1358350
1408659
1345773
1433814
1471546
1446391
1509278
1396082
1496701
1458969
1471546
1220446
1310849
1197845
1310849
1186545
1299549
1299549
1197845
1265648
1254347
1197845
1197845
1356051
1322150
1310849
1197845
119424
130691
128438
125058
128438
126184
131818
122804
122804
120551
128438
135198
123931
125058
132944
130691
2948458
3052828
2765810
2974550
3000643
2870180
2948458
2896273
2817995
2739717
2844087
3105013
2948458
3026735
2844087
3000643
892747
781153
818351
885307
840670
848109
855549
803472
833230
877868
840670
885307
885307
788593
781153
870428
353569
363482
393222
380004
380004
376700
376700
386613
373396
376700
370091
376700
370091
353569
396526
376700
1598305
1463994
1611736
1463994
1437131
1584874
1463994
1490856
1558012
1571443
1463994
1490856
1490856
1423700
1598305
1598305
2246663
2169854
2150652
2246663
2246663
2265865
2035438
2189056
2054640
2285067
2304270
2189056
2169854
2169854
2035438
2150652
2169018
2209943
2169018
2435030
2209943
2332718
2435030
2250868
2312255
2271330
2373643
2455492
2230405
2209943
2312255
2189481
987261
1013242
1013242
978601
961281
1039222
952620
926640
1013242
995921
935300
987261
969941
1004582
1013242
987261
2323564
2280535
2474166
2581738
2388108
2560224
2323564
2366593
2366593
2345079
2581738
2366593
2560224
2538709
2345079
2474166
2188468
2003004
2058643
2225560
2095736
2207014
2188468
2207014
2151375
2114282
1984458
2151375
2225560
2003004
1965912
2040097
1293034
1351808
1269524
1281279
1246015
1257770
1316544
1269524
1316544
1234260
1363563
1234260
1269524
1340054
1234260
1281279
278511
307143
275908
278511
304540
309746
304540
281114
281114
283717
301937
294128
299334
301937
275908
307143
2445219
2581064
2603705
2716910
2490501
2513142
2694269
2581064
2603705
2513142
2671628
2513142
2581064
2399937
2716910
2671628
1921988
1841905
1889955
1857922
1889955
1889955
1857922
1873938
1809872
1697756
1745806
1793855
1729789
1841905
1825888
1889955
32552
34031
34031
31368
33144
32848
32552
32256
34919
32848
34623
32256
31072
35215
32848
32848
902870
872522
872522
902870
796650
811825
887696
842173
804237
872522
895283
804237
849760
887696
834586
834586
919273
970344
1012903
902249
927785
927785
978855
987367
944808
1021414
910761
1012903
910761
919273
953320
953320
2273205
2157618
2157618
2292469
2234676
2196147
2196147
2196147
2022767
2176882
2022767
2215411
2119089
2022767
2099825
2099825
2814477
2626845
2626845
2650299
2486121
2791023
2533029
2767569
2697207
2579937
2697207
2791023
2650299
2791023
2744115
2744115
3080857
2695750
2772771
2978161
2798445
2926814
2747097
2901140
3003835
2978161
2952488
3029509
2798445
3003835
2875466
2695750
503027
511699
477008
490017
459662
485681
485681
485681
463999
516036
494354
511699
511699
490017
472671
520372
2525812
2548984
2711193
2641675
2711193
2502639
2618502
2456294
2525812
2525812
2572157
2548984
2688020
2595330
2641675
2641675
1555004
1641393
1698986
1670190
1698986
1670190
1569402
1511809
1569402
1713384
1540606
1698986
1713384
1670190
1555004
1612597
1251201
1194841
1330106
1206113
1273746
1206113
1341378
1217385
1228657
1251201
1206113
1239929
1285018
1352650
1307562
1341378
1977871
1960821
1858517
1892618
1892618
1807365
2029023
2046074
1824416
1824416
1875568
1960821
1807365
1790315
2011973
1858517
1030406
1039138
925619
943084
969280
934351
1021674
916887
1047871
1012942
1039138
1039138
1012942
925619
925619
925619
2442255
2486659
2464457
2464457
2619873
2420052
2508862
2575469
2531064
2531064
2420052
2508862
2553266
2486659
2619873
2575469
431749
427994
412977
439257
439257
412977
443012
427994
431749
420486
450520
397960
424240
401714
431749
431749
1602336
1660077
1717819
1515723
1660077
1559029
1703384
1559029
1573465
1559029
1645642
1732255
1732255
1688948
1587900
1573465
556275
582029
582029
618084
556275
561426
551124
582029
540823
576878
561426
571727
561426
576878
587179
561426
1618291
1618291
1478783
1604340
1492734
1506685
1562488
1562488
1506685
1604340
1562488
1618291
1534586
1478783
1646193
1478783
9909
10372
9724
10464
10001
10927
9724
11020
10742
10372
10650
9816
10094
10742
10001
10094
1642539
1809835
1703374
1596913
1612122
1733791
1657748
1718583
1718583
1688165
1749000
1672957
1688165
1764209
1627330
1703374
2139244
2066727
1976081
2012340
2102986
2102986
2084856
1957952
2121115
2012340
1994210
2012340
2157373
1921694
1994210
2139244
2442543
2238998
2157580
2259352
2177934
2320416
2218643
2177934
2300061
2177934
2422189
2218643
2361125
2320416
2238998
2137225
1100893
1100893
1022954
1032696
1100893
1061923
1032696
1091151
1139863
1032696
1071666
1071666
1061923
1120378
1110635
1169090
2734680
2683564
2683564
2990257
3015815
3066931
3066931
2939142
2862469
2990257
3066931
2913584
2683564
2734680
2939142
2811353
2789344
2552959
2576597
2576597
2623874
2647513
2718428
2789344
2576597
2529320
2836621
2718428
2718428
2647513
2576597
2600236
2082409
1852991
1976524
1923581
2082409
2082409
2100057
2082409
2100057
2082409
2011819
1976524
2011819
1870639
1941229
2082409
1623188
1514066
1514066
1445865
1486786
1514066
1486786
1554987
1541347
1445865
1486786
1554987
1595908
1568627
1527706
1595908
789761
831695
810728
831695
831695
768794
824706
789761
817717
733849
831695
747827
796750
782772
782772
789761
2016175
1893451
1840855
2051239
2051239
1858387
1981111
2068771
2068771
2068771
2086303
1840855
1946047
2068771
1858387
2068771
1126063
1126063
1105589
1074878
1146537
1218195
1167011
1177248
1167011
1085115
1207958
1156774
1156774
1197721
1074878
1197721
1172633
1142042
1172633
1121649
1193026
1203223
1162436
1131845
1213420
1080861
1131845
1203223
1182829
1111452
1152239
1172633
2775852
2698745
2878662
3058578
3058578
2698745
2698745
2698745
3084280
2750150
2955769
2852959
2827257
3058578
2750150
3032876
2798836
2823388
2897041
2897041
2872490
2725183
2725183
2921592
2921592
2774285
2602427
2946144
2774285
2676080
2700632
2700632
911222
979994
928415
911222
979994
1022976
911222
919819
1022976
1022976
1022976
902626
945608
1014379
1031572
928415
876299
976448
984793
951410
976448
968102
943065
918028
918028
959756
876299
934719
876299
1001485
943065
909682
1727381
1774924
1822467
1870009
1711534
1790772
1695686
1695686
1663991
1695686
1711534
1759076
1727381
1759076
1663991
1727381
1707222
1914642
1802954
1802954
1898686
1707222
1866775
1755088
1771043
1850820
1882731
1898686
1739133
1755088
1818909
1882731
784452
806242
798979
820769
798979
798979
791716
784452
762662
806242
791716
813506
777189
762662
791716
769925
973726
1045854
1063886
1009790
1063886
982742
1036838
1027822
964710
1054870
955694
955694
964710
946678
991758
991758
1233637
1266681
1310739
1167549
1189578
1178564
1222622
1277695
1321754
1156535
1167549
1233637
1277695
1244652
1244652
1167549
1294486
1329790
1329790
1329790
1329790
1306254
1376863
1294486
1270950
1306254
1400399
1400399
1235646
1235646
1341558
1270950
881099
889182
881099
905349
889182
848765
953850
864932
953850
970017
864932
881099
873015
970017
873015
953850
857651
813290
879832
865045
872438
828077
791109
872438
776322
783716
887226
798503
783716
865045
783716
857651
1563458
1452771
1591130
1591130
1521951
1646474
1563458
1494279
1604966
1494279
1591130
1563458
1549623
1494279
1646474
1632638
2721190
2721190
2865678
2793434
2745271
2697108
2552620
2552620
2600783
2817515
2817515
2648946
2673027
2648946
2745271
2528539
352187
364765
364765
371054
358476
349042
342753
345898
361620
364765
374199
345898
333320
367910
367910
339609
970679
872795
905423
962522
946208
872795
864638
872795
880952
889109
856481
954365
962522
872795
978836
905423
2803413
3030717
3005461
3030717
2853925
2778157
2803413
2853925
2803413
2904437
2879181
3005461
3030717
2778157
2954949
2803413
2323922
2453029
2345440
2560618
2496064
2366958
2474547
2366958
2560618
2366958
2474547
2409993
2582136
2259369
2496064
2302404
2563059
2409713
2453526
2387807
2453526
2322087
2475433
2606872
2475433
2453526
2322087
2584965
2563059
2343994
2343994
2365900
2226621
1998249
2207590
2055342
2093404
2188559
2283714
1998249
2169528
2093404
2093404
2245652
2226621
2055342
2055342
2226621
2896618
2677546
2774911
2774911
2750570
2726228
2799252
2701887
2653204
2628863
2628863
2628863
2823594
2604522
2580180
2726228
2557311
2846818
2653813
2774441
2581437
2774441
2798567
2726190
2870944
2557311
2726190
2702064
2774441
2581437
2702064
2677939
2355805
2333580
2378030
2666949
2622500
2666949
2355805
2444703
2378030
2378030
2489152
2466928
2378030
2355805
2578051
2533602
635579
657686
580311
652160
607945
641106
630052
630052
641106
635579
596892
663213
624526
646633
596892
641106
1268322
1180091
1191120
1246264
1235235
1224206
1279351
1290380
1191120
1158033
1290380
1268322
1290380
1213177
1169062
1301409
2144839
1961519
1943187
2163171
2126507
2108175
2163171
2016515
2089843
1998183
2016515
2199835
1998183
2108175
2089843
2144839
1003506
994039
1031907
1126577
1041374
1088709
1117110
1041374
1079242
1003506
1012973
1107643
1136044
1088709
1031907
1041374
2704912
2803272
2704912
2926223
2704912
2778682
2827862
2581961
2950813
2901632
2778682
2581961
2655731
2655731
2950813
2655731
