2565607
2542069
2659757
2659757
2565607
2824521
2659757
2753908
2565607
2683295
2518531
2659757
2518531
2565607
2612682
2612682
2686445
2807456
2904265
2710647
2759051
2710647
2589636
2855860
2565434
2783254
2589636
2638040
2662243
2759051
2880062
2638040
1704498
1660793
1602519
1573382
1587951
1675361
1660793
1558814
1719066
1689929
1587951
1529677
1748203
1748203
1646224
1631656
571595
597113
571595
551181
592009
571595
566491
546077
586905
586905
535870
556284
607320
551181
551181
602216
1179325
1257947
1179325
1224252
1201788
1179325
1201788
1246715
1190557
1179325
1325337
1179325
1302873
1201788
1190557
1246715
560322
565658
624358
624358
565658
560322
613686
565658
603013
581667
603013
613686
592340
570994
608349
597676
1116032
1208181
1167226
1208181
1105793
1208181
1116032
1218420
1105793
1126271
1187704
1075077
1136510
1167226
1085315
1075077
1982866
2000892
2018918
2054970
1910762
2018918
2036944
2018918
2109049
2072996
1964840
2127075
2036944
1892736
2145101
2036944
873814
881157
851785
859128
844442
866471
807727
851785
807727
844442
866471
771012
815070
866471
793041
771012
2367643
2429949
2243030
2388412
2284568
2180724
2243030
2492256
2201492
2409180
2388412
2222261
2263799
2492256
2429949
2409180
2050293
2147926
2147926
2108872
2245559
2147926
2226032
2108872
2186979
2089346
2245559
2284612
2089346
2128399
2069819
2226032
2425225
2654020
2562502
2722659
2539623
2562502
2722659
2402346
2722659
2699779
2516743
2448105
2448105
2699779
2470984
2562502
325903
328866
340717
317015
343680
328866
314052
337754
343680
337754
328866
352568
311089
325903
317015
349605
1396106
1325714
1384374
1231858
1325714
1290518
1302250
1325714
1267054
1360910
1313982
1325714
1278786
1278786
1360910
1255322
1526669
1579312
1381898
1395059
1408220
1474025
1447703
1447703
1421381
1526669
1434542
1487186
1460864
1460864
1513508
1395059
779368
772015
816130
801425
786720
838188
808778
860246
874951
786720
779368
808778
786720
779368
838188
882303
1677535
1693512
1677535
1757418
1677535
1693512
1885230
1789371
1725465
1869254
1837300
1677535
1773394
1757418
1789371
1773394
2882127
2731755
2882127
2882127
2806941
2731755
2731755
2882127
2857065
2957313
2656569
2731755
2781879
2806941
2907189
2681631
1520774
1680094
1622159
1578709
1520774
1709061
1520774
1738028
1738028
1564225
1622159
1549741
1607676
1520774
1564225
1723544
780728
788164
862519
877390
884825
840212
780728
884825
892261
847648
862519
803035
832777
892261
795599
810470
1668462
1640420
1626400
1682482
1584337
1640420
1570317
1570317
1500213
1612379
1472172
1626400
1556296
1500213
1500213
1486193
1648711
1782391
1574445
1633858
1708124
1752684
1767537
1574445
1693271
1648711
1722978
1752684
1604152
1648711
1767537
1678418
2650807
2750838
2675815
2675815
2850868
2875876
2650807
2975906
2625800
2650807
2850868
2700822
2825861
2725830
2800853
2800853
2164239
2030171
2068476
2279154
2049323
2087629
2221696
2049323
2087629
2279154
2202544
2202544
2164239
2279154
2087629
2279154
1380510
1242459
1311484
1253963
1242459
1311484
1380510
1299980
1242459
1230954
1369005
1380510
1276971
1230954
1380510
1288476
1169890
1096772
1148999
1148999
1201226
1159444
1096772
1253454
1190781
1117663
1201226
1117663
1169890
1253454
1201226
1138554
637834
710042
655886
722077
673938
679956
698007
661904
667921
710042
649869
685973
710042
691990
698007
716059
1899886
1815069
1882922
1984702
1865959
1798106
1899886
1848996
1933812
2001665
1798106
1798106
2035592
1882922
2018629
1967739
2658313
2681632
2798224
2774906
2611676
2471765
2751587
2658313
2471765
2541720
2471765
2658313
2611676
2728269
2518402
2541720
2713182
2616282
2567833
2640507
2834306
2785856
2906980
2713182
2810081
2737406
2906980
2858531
2640507
2616282
2785856
2616282
2273230
2083794
2197456
2235343
2083794
2045907
2216400
2140625
2026964
2102738
2083794
2159569
2121682
2045907
2235343
2064851
615041
609646
566485
615041
620436
588065
598856
615041
566485
647412
571880
647412
647412
571880
604251
615041
2212012
2331580
2112372
2271796
2291724
2152228
2092444
2132300
2231940
2212012
2152228
2251868
2152228
2092444
2192084
2212012
377884
387916
401293
364507
394604
401293
371196
354475
384572
357819
387916
374540
384572
397949
361163
357819
2701114
2606338
2582644
2724808
2630032
2606338
2487868
2558950
2653726
2795890
2701114
2582644
2606338
2701114
2630032
2748502
1083722
993412
1038567
984381
984381
957288
1011474
1056629
1047598
1020505
948257
1056629
1065660
1065660
993412
1056629
2538064
2538064
2632067
2655567
2655567
2702569
2655567
2467563
2585066
2514564
2820072
2538064
2491063
2655567
2585066
2679068
2616531
2685387
2685387
2639483
2662435
2754243
2662435
2685387
2662435
2409963
2616531
2639483
2639483
2616531
2524723
2731291
1239291
1286503
1416333
1369122
1239291
1333714
1404530
1345516
1345516
1369122
1298305
1404530
1380925
1239291
1392728
1404530
398402
412889
416511
402024
402024
412889
380293
423755
409267
398402
409267
434620
394780
427377
409267
383915
149143
149143
162702
155922
158634
153211
149143
149143
157278
155922
162702
159990
154566
142364
142364
151855
284385
269013
286947
299757
302319
274137
271575
299757
269013
297195
292071
304881
274137
297195
297195
307443
2449696
2472806
2519027
2588358
2750130
2472806
2472806
2542137
2634578
2426585
2680799
2703909
2703909
2634578
2750130
2657689
1472645
1433548
1563871
1459613
1381419
1511742
1420516
1485677
1485677
1420516
1407484
1537806
1537806
1368387
1420516
1498709
642389
682538
648125
602240
676803
602240
630918
688274
613711
625182
665331
659596
653860
653860
636653
688274
1936529
1869752
1769587
1752893
1769587
1752893
1853058
1986612
1869752
1936529
1919835
1869752
1919835
1886446
1853058
2003306
672872
654686
727429
709243
678933
636500
636500
636500
684995
684995
648624
648624
660748
660748
715305
642562
401390
363327
363327
366787
401390
387549
373708
387549
411770
415231
380628
387549
397929
404850
394469
411770
843996
829318
836657
866013
792622
777944
873352
770605
880692
829318
851335
821979
814640
836657
777944
829318
2451536
2200096
2262956
2200096
2367722
2200096
2472489
2472489
2221049
2388676
2346769
2346769
2346769
2242003
2388676
2367722
1419718
1456754
1407373
1296264
1395027
1382682
1456754
1444409
1308610
1395027
1296264
1370337
1469100
1357991
1370337
1357991
254126
249420
251773
275303
249420
280009
282362
247067
270597
249420
282362
247067
263538
275303
258832
272950
800886
772025
757594
822531
858607
772025
865822
865822
858607
829746
786455
786455
822531
808101
786455
829746
406842
437839
461088
449464
406842
441714
453338
437839
445589
430090
464962
445589
422341
433965
406842
418466
6311
6852
6672
6852
6912
6491
6431
7153
7153
6732
6491
6792
6551
7032
6672
7092
335812
312850
330071
321461
338682
341552
312850
332942
315720
321461
312850
309980
312850
312850
327201
324331
1262696
1356229
1391303
1227621
1251004
1286079
1321154
1379612
1297770
1402995
1239312
1379612
1227621
1391303
1367920
1332845
2793443
2643794
2718619
2743560
2992975
2618853
2818384
2818384
2968033
2893209
2943092
2893209
2943092
2818384
2868267
2818384
2343562
2474976
2474976
2365464
2628294
2431171
2518781
2496879
2606391
2321659
2431171
2299757
2321659
2387367
2299757
2431171
1222593
1158806
1254487
1158806
1243856
1116281
1126912
1254487
1243856
1222593
1116281
1137543
1116281
1148175
1275750
1137543
1000350
991087
1092975
1037400
972562
1046662
1018875
1092975
1055925
991087
1083712
1074450
1046662
1055925
1046662
1028137
206825
210361
210361
205057
185612
196219
196219
210361
194451
190915
201522
197986
205057
187380
201522
203290
2317321
2295864
2510431
2338778
2574801
2274408
2467518
2317321
2553344
2531888
2531888
2252951
2531888
2360234
2274408
2274408
470974
506187
510589
514990
466572
479777
475376
528195
462171
462171
528195
479777
484179
475376
484179
519392
369362
366150
385422
385422
356515
346879
343667
382210
372574
340456
340456
372574
385422
362939
385422
353303
268641
263928
268641
268641
275710
249789
266284
282780
261571
259215
266284
273354
273354
261571
280423
275710
1531118
1675563
1531118
1531118
1646674
1733341
1690007
1545562
1531118
1704452
1545562
1560007
1545562
1675563
1718896
1646674
1835348
1887787
2097541
2062582
1905266
1835348
1852828
1905266
2010143
1887787
1975184
2010143
1887787
1957705
2062582
1975184
31752
32918
30878
30587
32626
31752
33209
33791
33209
33500
32335
32918
34083
34374
32044
33209
2077814
2252584
2116652
2272003
2252584
2097233
2272003
2116652
2213746
2213746
2291421
2252584
2097233
2194327
2097233
2213746
2985657
2934620
2985657
2807028
2704954
2832546
2755991
2730473
3062212
3011175
2960139
2807028
2909102
2960139
3011175
2679436
3018567
2782331
2861076
3123560
3018567
2939821
2887325
2966070
2782331
3097312
2782331
2861076
2913573
3044815
2782331
2861076
1404494
1417034
1404494
1417034
1404494
1417034
1316713
1467195
1391954
1316713
1479735
1454655
1492275
1454655
1504815
1454655
920072
936954
1012923
962277
886308
970718
928513
928513
953836
987600
1012923
894749
886308
903190
903190
894749
3010019
2701299
2829932
3010019
2752752
2855659
3010019
2958565
2701299
2984292
2984292
2855659
2804205
2727025
2778479
2727025
2572651
2759753
2689590
2572651
2783141
2549263
2502488
2619426
2619426
2642814
2596039
2619426
2806528
2502488
2666202
2806528
827539
793058
820643
758577
730992
813746
806850
758577
758577
813746
758577
730992
779266
786162
786162
730992
2976955
3027843
2849734
2747958
3002399
2849734
3002399
3027843
2900622
2926066
2875178
2773402
2976955
2976955
2951510
3002399
290798
288179
293418
293418
288179
309137
311757
277699
275080
290798
293418
290798
301278
306517
306517
282939
2478711
2779863
2501877
2640870
2548208
2455546
2478711
2756698
2664035
2733532
2594539
2548208
2432380
2756698
2687201
2548208
1015378
928594
963307
1015378
1015378
1041414
1041414
989343
937272
919915
954629
989343
971986
1006700
1006700
1006700
2958749
3063483
2801647
3089667
2880198
2749280
3089667
2906381
2827830
3037299
3089667
3037299
3063483
2984932
3142034
2906381
1246644
1183255
1172690
1267773
1267773
1183255
1130431
1214949
1204384
1204384
1204384
1172690
1204384
1236079
1225514
1130431
120123
117898
132357
117898
117898
131245
122347
131245
119010
129020
130133
133470
120123
125684
123459
124572
1051401
1024895
936542
1016060
954213
927707
1024895
945378
927707
945378
1024895
1051401
1051401
927707
989554
1060237
547144
527946
556743
556743
527946
503948
508748
527946
571141
508748
561542
513547
527946
561542
513547
542344
1032088
963282
937480
989085
1023488
1023488
1023488
937480
963282
903077
1006286
937480
954682
1014887
997685
1023488
207498
215113
211306
222728
220824
207498
222728
209402
201787
217017
222728
209402
211306
222728
209402
218920
2774916
2749458
2825832
3029496
3054954
2851290
3054954
2800374
3004038
2774916
2978580
2724000
2673084
2673084
3004038
2749458
2948062
3078507
3078507
2739350
3052418
2843706
3104596
2948062
3078507
2895884
2765439
2817617
3052418
2791528
2895884
3026329
2370572
2091681
2270968
2191285
2191285
2211206
2390493
2390493
2350652
2191285
2091681
2350652
2330731
2350652
2270968
2290889
3047721
3127227
2968216
2862208
3021220
2809204
2782702
3180231
2994718
2782702
3100725
2835706
2994718
3021220
2888710
2782702
1633177
1534624
1576861
1520544
1675415
1619098
1520544
1633177
1590940
1633177
1478307
1576861
1590940
1661336
1520544
1562782
1588513
1673612
1574330
1574330
1560147
1560147
1631063
1574330
1574330
1631063
1645246
1531781
1588513
1659429
1560147
1616880
288933
291584
315441
294235
304838
302187
280981
283632
296886
296886
280981
296886
286283
291584
307489
280981
2287677
2224714
2245702
2350641
2203726
2413605
2518544
2497556
2287677
2287677
2434592
2266689
2455580
2497556
2455580
2392617
2549839
2684041
2684041
2393270
2616940
2482738
2527472
2370903
2482738
2438004
2393270
2616940
2370903
2505105
2393270
2684041
1391578
1471097
1524109
1471097
1577122
1563869
1457844
1497603
1457844
1444591
1471097
1471097
1404831
1418084
1550616
1550616
318874
348399
351352
327731
348399
354304
342494
336589
318874
318874
345447
327731
345447
310016
345447
310016
2371017
2502741
2546648
2349064
2546648
2371017
2349064
2480787
2590556
2568602
2392971
2612510
2612510
2634464
2371017
2414925
2059870
2024957
2077327
1972587
2094783
2077327
1920218
1867848
2042414
2007500
2094783
1920218
1937674
2007500
2059870
1920218
741472
695540
688978
774280
767718
728348
780842
780842
761157
715225
695540
754595
695540
761157
695540
695540
84805
88732
90302
87161
83235
93443
83235
92658
91087
90302
89517
82450
92658
91873
93443
87161
1310939
1404578
1369463
1240710
1299235
1322644
1240710
1229006
1287530
1287530
1357759
1252415
1240710
1252415
1322644
1240710
212209
212209
208642
197942
197942
189026
187243
199726
203292
203292
192593
205076
187243
205076
206859
203292
2873471
2848484
2873471
2698564
2773524
2848484
2998405
2898458
2673577
2973418
2773524
2748538
2673577
2723551
2923445
2948431
2093184
1988524
1901308
1936195
1953638
1971081
1936195
2058297
1918752
2093184
1883865
1971081
1848979
1988524
2075740
1848979
3079182
2898053
2923929
2742800
3105057
2923929
2794551
2716925
3105057
2923929
2898053
3053306
2768676
2898053
2716925
2949804
2692166
2738986
2762396
2598525
2785806
2551705
2738986
2715576
2481474
2645345
2458064
2458064
2785806
2762396
2738986
2575115
2686610
2859144
2661962
2711258
2859144
2735905
2809849
2711258
2760553
2637314
2735905
2661962
2612666
2859144
2588019
2908440
2642490
2574734
2439222
2687661
2461807
2687661
2642490
2484392
2552149
2552149
2484392
2371465
2710246
2642490
2597319
2416636
837485
892791
892791
869089
908593
869089
916493
853287
948097
884890
837485
900692
908593
861188
837485
948097
1083277
1130789
1045267
1073774
1102281
1121286
1054769
1064272
1121286
1130789
1026262
1140291
997755
1102281
1007257
1035764
122685
111150
113247
122685
119539
112199
110101
125830
116393
119539
119539
118490
116393
125830
113247
121636
616265
655481
638674
621867
638674
621867
621867
616265
605060
638674
605060
633072
627469
621867
599457
621867
2794226
2654515
2654515
2444948
2701085
2701085
2631229
2468233
2747655
2584659
2770941
2747655
2747655
2444948
2584659
2607944
3011750
3063233
3011750
2805819
2805819
2754336
2702853
2805819
2728594
2702853
3011750
2883043
2857302
2780077
2754336
3011750
601802
606902
581402
591602
571202
535502
576302
596702
606902
591602
596702
566102
535502
581402
555902
561002
1371085
1371085
1472647
1510733
1459952
1498038
1371085
1447257
1383781
1447257
1383781
1409171
1510733
1447257
1371085
1498038
1629526
1547365
1533672
1615833
1451511
1533672
1629526
1492591
1478898
1547365
1574752
1574752
1643220
1643220
1574752
1588446
2401590
2601723
2401590
2379353
2379353
2668434
2535012
2446064
2623960
2490538
2557249
2379353
2623960
2379353
2557249
2623960
1340706
1462588
1450400
1279765
1462588
1426024
1279765
1401647
1401647
1340706
1365082
1462588
1413835
1401647
1377271
1316329
1669084
1730902
1730902
1761811
1669084
1808175
1715448
1761811
1839084
1746357
1823629
1839084
1669084
1638175
1761811
1653630
374890
385022
361380
354625
401909
405286
388399
354625
364758
378267
385022
405286
378267
354625
378267
405286
598122
565791
614287
587345
603510
635841
646618
619676
646618
603510
608899
587345
619676
592733
576568
571179
2563555
2492999
2751706
2610593
2657631
2751706
2657631
2563555
2563555
2587074
2492999
2751706
2798744
2704668
2610593
2798744
950639
1030599
1030599
941754
959523
959523
986177
1003946
959523
1030599
1012830
986177
1066137
932870
986177
1039484
1700789
1793559
1839944
1654404
1762636
1669865
1731712
1716250
1855406
1855406
1700789
1793559
1824482
1855406
1700789
1855406
618547
634968
585704
574756
574756
634968
640442
613073
624021
613073
585704
618547
585704
580230
651390
645916
422424
408343
383701
383701
373141
390742
397782
404822
397782
390742
383701
397782
415383
380181
404822
383701
984127
993411
1011979
974843
993411
1002695
1086253
1002695
1114106
1039832
1002695
1002695
1114106
1002695
1049116
993411
1645241
1645241
1703480
1630681
1601562
1616122
1630681
1601562
1659801
1747159
1674360
1528764
1557883
1557883
1703480
1688920
1043489
1025951
1017183
1017183
938263
929494
1017183
938263
990876
1025951
938263
955801
999645
1025951
938263
1043489
1220735
1254645
1254645
1220735
1186826
1299857
1232038
1333766
1311160
1186826
1186826
1322463
1209432
1277251
1345070
1288554
1471570
1564372
1511342
1418540
1551114
1511342
1511342
1484827
1590886
1458312
1458312
1405283
1564372
1458312
1537857
1524599
1078353
1199290
1169056
1118665
1138821
1158978
1138821
1078353
1068275
1169056
1108587
1138821
1138821
1158978
1068275
1088431
2431411
2726816
2499581
2613199
2658645
2613199
2431411
2522305
2567752
2499581
2726816
2408687
2545028
2567752
2567752
2704092
66690
61471
62631
65530
62051
63791
66690
66690
68430
65530
64951
62631
67850
64951
61471
61471
2381906
2553575
2532117
2446282
2403365
2317530
2338989
2467741
2553575
2274613
2575034
2317530
2296072
2338989
2467741
2296072
2109009
2387558
2387558
2327869
2128906
2327869
2268180
2248284
2109009
2248284
2089113
2109009
2208491
2228387
2168698
2089113
2265442
2147245
2107846
2344240
2068447
2127546
2127546
2147245
2344240
2127546
2265442
2147245
2166945
2186644
2285142
2344240
2833245
2808392
2659274
2659274
2758686
2783539
2733833
2858098
2833245
2858098
2957510
2957510
2684127
2609568
2858098
2634421
1623345
1474538
1447483
1461011
1528650
1569234
1542178
1474538
1501594
1528650
1542178
1447483
1623345
1447483
1596289
1461011
2065909
2139691
1955235
2010572
2065909
2121246
2047463
2029018
2121246
2213474
2065909
2195028
1973681
2084355
2213474
2158137
506581
540034
549593
554372
540034
559151
573488
520918
568709
501802
540034
506581
559151
520918
501802
501802
2177639
2216875
2059928
2334586
2138402
2314967
2079547
2158020
2334586
2177639
2275730
2118783
2334586
2334586
2236494
2138402
2186590
2290713
2290713
2249064
2415661
2478135
2311538
2436486
2186590
2457311
2478135
2394837
2415661
2415661
2269889
2374012
1087283
1147688
1107418
1127553
1067148
1087283
1077216
1177890
1177890
1097350
1057081
1067148
1127553
1107418
1127553
1177890
1590796
1738092
1693903
1590796
1605526
1561337
1664444
1605526
1605526
1576067
1649715
1620256
1708633
1664444
1723363
1679174
1786353
1662085
1786353
1832954
1755286
1631018
1724219
1646552
1817420
1817420
1677619
1646552
1677619
1832954
1755286
1832954
2673862
2580042
2462767
2697316
2697316
2580042
2509677
2697316
2462767
2697316
2767681
2603497
2603497
2556587
2767681
2673862
1065249
1038394
1020491
957829
975733
1011539
1047346
984684
957829
1002588
1065249
957829
939926
1020491
1029443
1038394
1874223
1981322
2034871
2052721
2034871
2017021
1892073
2106270
2017021
1981322
1874223
2106270
2124120
2070570
2052721
1981322
1370675
1525846
1499984
1409468
1370675
1551708
1499984
1383606
1551708
1357744
1461191
1357744
1370675
1551708
1383606
1383606
1384477
1436722
1449783
1475905
1410599
1567333
1384477
1436722
1397538
1554272
1410599
1515088
1436722
1436722
1541210
1397538
1907987
1907987
2017015
1944330
2017015
2107871
2107871
2126043
1998844
1962501
1907987
1907987
1926158
2180557
2162385
2017015
771934
765502
720472
720472
765502
771934
726905
752636
733338
701174
675442
688308
714039
688308
759069
720472
3028686
2875979
3028686
2901431
2672370
2901431
2697821
2748724
2875979
3003235
2672370
2799626
2774175
3054138
2799626
2926882
853562
837900
830070
884886
931871
869224
924040
892716
861393
877055
822239
900547
853562
931871
884886
822239
2866809
2790700
2841440
2942920
2917550
2866809
2942920
2892180
2917550
2714590
3019030
2765330
2714590
2917550
3044400
2968290
1303728
1353394
1465142
1316144
1390643
1365810
1328561
1415476
1415476
1427892
1390643
1328561
1452725
1440309
1340977
1390643
1813886
1685469
1926250
1781781
1701521
1765729
1765729
1733625
1781781
1845990
1813886
1862042
1910198
1701521
1894146
1829938
881951
964377
873709
881951
898436
956134
931407
980862
898436
906679
964377
939649
931407
890194
947892
972619
1903231
1821195
1837603
1788381
1952453
1919638
1936046
1804788
1755567
1837603
1870417
1788381
1952453
1739160
1854010
1755567
1552838
1462256
1397554
1475196
1488136
1358733
1358733
1539898
1488136
1539898
1501077
1552838
1475196
1462256
1501077
1384614
1428194
1467502
1519913
1467502
1441297
1572324
1441297
1559221
1428194
1559221
1428194
1467502
1467502
1454399
1572324
1388886
74808
75520
84782
75520
84070
79083
82645
85495
79795
77658
84070
76233
79795
80507
76233
74808
177614
197721
187668
187668
179290
177614
189343
201073
196046
175939
201073
196046
199397
196046
187668
175939
2887825
2645150
2548081
2912092
2693685
2863557
2645150
2548081
2815023
2620883
2717953
2790755
2742220
2839290
2839290
2620883
899038
963255
923119
882984
923119
955228
923119
963255
947201
842848
858902
874957
931147
882984
842848
842848
1908151
1808595
1991114
1808595
1974521
1858373
1941336
1841780
1792002
1742225
1908151
1742225
1742225
1908151
1858373
1825188
1319400
1308405
1308405
1297410
1187460
1297410
1242434
1165470
1319400
1209450
1275420
1176465
1308405
1242434
1242434
1220445
155318
152441
161070
168261
159632
159632
151003
153879
153879
153879
172575
172575
168261
159632
171137
162508
447016
394864
420940
398589
417215
402315
424665
406040
420940
402315
428391
417215
398589
432116
447016
447016
1542733
1667820
1514936
1542733
1528835
1598327
1584429
1459342
1667820
1501038
1473241
1570530
1584429
1501038
1653921
1640023
1262480
1345072
1262480
1286077
1250681
1321474
1368670
1250681
1356871
1356871
1368670
1368670
1309675
1368670
1404066
1297876
2561267
2496150
2517856
2279094
2300799
2496150
2409328
2539562
2409328
2496150
2539562
2452739
2496150
2539562
2604679
2344211
1934283
1971127
2136923
1952705
2026392
1989549
2100079
2044814
2081657
2118501
2173766
2100079
2155344
2026392
2007970
2007970
2615911
2430714
2592761
2708510
2731659
2430714
2569612
2500163
2546462
2592761
2592761
2708510
2777959
2592761
2546462
2777959
1871603
1770435
1837880
1804158
1939048
1837880
1787296
2006493
2006493
1939048
1787296
1955909
1821019
1770435
1955909
1787296
2619988
2500898
2691443
2643806
2500898
2524716
2572352
2834351
2762897
2572352
2691443
2810533
2786715
2548534
2548534
2858169
1347783
1436788
1335068
1385928
1513077
1500362
1360498
1449503
1424073
1462218
1385928
1449503
1500362
1360498
1373213
1474933
1570932
1488970
1557271
1434329
1529951
1557271
1543611
1625573
1557271
1611913
1584592
1557271
1557271
1529951
1639233
1598252
1177837
1209107
1156990
1219530
1177837
1094450
1115297
1219530
1156990
1177837
1136144
1094450
1188260
1229954
1156990
1209107
147496
156882
142133
144815
147496
142133
143474
140792
151519
140792
159564
158223
146155
160905
158223
142133
2734098
2879271
2903467
2637316
2903467
2564729
2613120
2540533
2879271
2661511
2613120
2588924
2685707
2661511
2709902
2903467
2153735
2272289
2311807
2074699
2114217
2252530
2094458
2311807
2351325
2074699
2252530
2292048
2094458
2252530
2213012
2133976
2001481
2018886
1966673
1879652
2053694
2053694
1931865
2018886
1984077
1879652
2071098
2018886
1984077
2088502
2053694
1862248
2805834
2858279
2832057
3146730
2963170
2910725
2805834
2753388
2989393
2936948
3068061
2805834
2779611
2884502
2989393
3041839
1073689
991797
1000896
982698
1055490
982698
1064590
1055490
1091887
1064590
973599
982698
973599
1082788
1082788
955401
1392248
1286952
1275253
1357150
1380549
1298652
1333750
1298652
1333750
1310351
1240154
1310351
1368849
1345450
1286952
1345450
2170971
2209396
2267032
2209396
2209396
2094123
2074911
2151759
2094123
2055698
2286244
2113335
2036486
2170971
2055698
2094123
2850478
2978878
2773438
2953198
3004558
3055918
2850478
2747758
3004558
2953198
2901838
2953198
3004558
2876158
3004558
3081598
1651461
1791680
1776100
1729361
1822840
1729361
1698201
1698201
1776100
1807260
1713781
1822840
1729361
1760520
1635882
1853999
1146514
1168146
1297940
1135697
1297940
1178962
1168146
1168146
1265491
1276308
1254675
1276308
1265491
1287124
1189778
1168146
1409629
1350894
1409629
1409629
1245172
1374388
1292160
1386135
1245172
1292160
1339147
1292160
1292160
1256919
1292160
1280413
922644
947580
897707
972516
997453
972516
955892
881083
906019
997453
947580
872771
897707
989141
997453
980828
2451820
2321635
2430123
2278240
2603703
2495215
2560308
2451820
2430123
2451820
2582006
2603703
2538611
2321635
2495215
2473518
495022
504275
513528
541286
513528
536660
545912
508901
485769
522780
518154
527407
513528
545912
555165
513528
2819765
2717228
2768496
2999204
2845399
2717228
2845399
3076107
2871033
2973570
2896667
2999204
2947936
2896667
2742862
2973570
152094
173822
170925
173822
157888
173822
163682
166579
163682
157888
169476
166579
169476
165131
160785
162234
1376443
1238798
1364972
1273209
1296150
1296150
1261739
1238798
1227328
1342032
1364972
1215858
1284680
1284680
1215858
1342032
2456224
2367712
2544737
2633249
2478352
2544737
2478352
2456224
2367712
2434096
2500480
2456224
2367712
2588993
2345583
2367712
1798593
1798593
1643542
1814099
1736573
1736573
1752078
1674552
1829604
1752078
1752078
1829604
1783088
1783088
1829604
1783088
1369915
1369915
1357230
1484074
1420652
1496759
1357230
1331862
1407968
1446021
1420652
1433337
1446021
1496759
1344546
1471390
1139901
1090768
1051461
1149728
1041634
1041634
1051461
1031807
1071114
1031807
1090768
1139901
1130075
1061287
1179208
1100594
1565988
1522888
1652190
1609089
1652190
1580355
1724024
1623456
1666556
1724024
1637823
1537255
1680923
1637823
1695290
1695290
2660188
2683121
2637255
2499659
2706053
2706053
2683121
2751919
2568457
2706053
2568457
2453794
2499659
2568457
2660188
2430861
1434473
1346391
1346391
1396724
1396724
1333808
1484805
1358974
1396724
1333808
1384141
1409307
1421890
1346391
1371557
1509972
1188272
1118373
1078431
1068446
1068446
1068446
1148330
1118373
1128359
1178286
1168301
1198257
1118373
1058460
1048475
1108388
820803
858455
805743
790682
798212
903637
903637
850925
873515
820803
843394
835864
896106
813273
820803
828334
184641
205156
200027
201737
200027
182931
201737
186350
179512
182931
182931
194898
181221
181221
203447
181221
53385
48047
52050
52940
52495
50716
52495
48936
48936
47602
51606
53385
48936
52495
47602
49381
2594758
2685011
2459380
2594758
2572195
2594758
2707574
2685011
2685011
2662448
2391690
2549632
2639885
2685011
2617321
2391690
2657426
2681367
2681367
2801071
2537722
2681367
2848952
2585604
2801071
2801071
2633485
2585604
2561663
2657426
2585604
2777130
2239479
2028930
2028930
2028930
2124634
2277761
2162916
2086352
2067211
2028930
2124634
2105493
2028930
2143775
2296902
2258620
768348
845888
775397
775397
838839
838839
845888
740152
838839
838839
817692
838839
740152
782446
761299
761299
1863260
1915501
2072224
1828433
2072224
1845846
2019983
1950328
1828433
1845846
1880674
1932915
1863260
2037397
1967742
1898087
1421095
1473728
1500045
1473728
1381620
1552678
1394778
1526361
1578994
1421095
1486886
1526361
1500045
1394778
1473728
1460570
222003
230150
240334
215893
236260
215893
230150
240334
213856
228113
238297
244407
224040
238297
224040
215893
284198
267620
272356
260515
251041
277093
255778
265251
262883
279461
274725
279461
281830
281830
253410
269988
1045218
974951
1027651
922251
1001301
931035
948601
922251
957385
1036435
992518
1054002
1010085
1010085
1018868
948601
1254933
1157567
1179204
1244114
1146749
1146749
1254933
1168386
1287388
1200841
1135930
1265751
1190022
1190022
1287388
1157567
2238735
2451948
2473269
2345341
2366663
2302699
2409305
2515912
2302699
2238735
2473269
2345341
2451948
2494590
2473269
2515912
1012126
1127798
1060323
1079601
1021765
1137437
1021765
1118158
1137437
1031405
1012126
1098880
1147076
1041044
1050683
1041044
1054846
1072877
964688
955672
1027798
1036814
1009767
964688
982720
1072877
955672
1081893
1018783
955672
1054846
1018783
2350568
2461443
2372743
2616670
2550144
2372743
2417093
2572319
2572319
2328392
2527969
2550144
2550144
2572319
2372743
2461443
2919679
3051196
3156410
3051196
2945983
3130106
2840769
2998589
2972286
2893376
2945983
3051196
2840769
2972286
3103803
3024893
2352314
2372419
2171367
2312103
2392524
2412630
2332209
2392524
2332209
2291998
2271893
2111051
2352314
2191472
2372419
2111051
788974
802696
795835
788974
754671
775253
768392
734089
788974
816417
775253
768392
747810
782114
761532
816417
1806589
1713145
1635275
1837737
1635275
1868886
1728719
1728719
1837737
1806589
1822163
1635275
1681997
1666423
1744293
1822163
402096
439675
428401
439675
447191
413370
432159
409612
439675
450949
398338
417128
439675
432159
420885
424643
637761
626572
593006
660139
671328
671328
654544
665733
620978
671328
593006
665733
637761
626572
620978
604195
1841757
1906380
1874069
1906380
1906380
1793290
1874069
1841757
1841757
1890225
1857913
1744823
1744823
1728667
1874069
1744823
2333268
2228166
2480411
2438371
2354289
2459391
2417350
2354289
2228166
2207146
2480411
2270207
2228166
2270207
2375309
2459391
2545864
2764081
2836820
2812574
2594357
2570110
2545864
2764081
2885313
2812574
2594357
2764081
2885313
2667096
2836820
2861066
410000
375546
403109
368655
396218
385882
392773
413445
399664
399664
399664
403109
389327
399664
361764
372101
1989451
2101009
1989451
2063823
2082416
1970858
1952265
2101009
2101009
2119602
2082416
1952265
2231160
2231160
2026637
2212567
544761
530550
568447
516339
554236
540024
540024
502128
506865
558973
525813
544761
530550
525813
535287
568447
2775665
2960709
3066449
2960709
3119319
2802100
3145754
3172189
2802100
2828535
2907840
3172189
2854970
3040014
2854970
2775665
599014
588861
578708
588861
548250
543173
553326
558402
558402
573632
548250
568555
568555
563479
578708
533020
994380
1039172
1003338
1003338
1066047
1030213
1003338
958546
949588
1066047
976463
1057088
1048130
1003338
994380
967505
1921592
1851716
2008937
2078813
1973999
2026406
1991468
2026406
1851716
2061344
1939061
1886654
1886654
1869185
1851716
1991468
1212364
1269551
1303863
1326738
1258114
1235239
1212364
1269551
1212364
1315301
1223801
1223801
1223801
1212364
1258114
1212364
62824
66380
70528
68158
69936
68750
67565
69343
69936
62231
66972
65194
65787
69343
71121
66972
2269827
2208481
2147134
2453868
2208481
2167583
2290276
2453868
2147134
2249379
2310725
2392521
2392521
2412970
2412970
2310725
2138362
2338209
2158347
2198317
2258271
2158347
2398164
2278255
2258271
2338209
2278255
2378179
2198317
2238286
2158347
2158347
1666929
1730431
1778058
1682805
1714556
1809809
1714556
1857435
1698680
1793933
1841560
1905062
1841560
1905062
1666929
1666929
2692654
2466381
2466381
2670027
2692654
2556890
2556890
2511635
2466381
2466381
2692654
2624772
2511635
2647399
2443753
2556890
420167
413045
380999
388120
409485
373877
423728
405924
413045
413045
427288
391681
413045
420167
395242
388120
946631
929419
1015477
963842
1024083
1015477
946631
946631
972448
1006871
1015477
903602
989660
972448
903602
955237
2619299
2816982
2718140
2866402
2594588
2866402
2841692
2594588
2644009
2792271
2792271
2866402
2718140
2594588
2594588
2767561
1781527
1883329
1883329
1917263
1849395
2002097
1883329
1934230
1900296
2002097
1849395
1951196
1917263
1985130
2002097
1968163
1061779
1091273
1081441
1169923
1042116
1071610
1110935
1061779
1150260
1169923
1091273
1101104
1051948
1150260
1120767
1120767
881821
866617
851413
828608
866617
836210
912229
866617
904627
874219
912229
897025
866617
813404
889423
805802
2096641
2096641
2235099
2116421
2294438
2254878
2254878
2373556
2235099
2136201
2235099
2155980
2136201
2274658
2353777
2155980
279628
267255
292001
267255
264781
289527
274679
292001
262306
292001
282103
277154
262306
274679
287052
292001
1967172
1985387
2094674
2003601
2131103
2112888
2058245
1930743
2112888
2040030
2112888
1930743
1967172
2058245
2112888
1967172
2071030
2285948
2344562
2227334
2051492
2129644
2110106
2090568
2188258
2344562
2090568
2207796
2285948
2188258
2051492
2227334
2519088
2699023
2429120
2631547
2564072
2496596
2676531
2361645
2609055
2384137
2519088
2474104
2699023
2631547
2384137
2361645
1639530
1624063
1624063
1840605
1809670
1685932
1825137
1654997
1716866
1856072
1794203
1639530
1624063
1654997
1685932
1856072
2592337
2476608
2684920
2754358
2592337
2661775
2453462
2546045
2453462
2430316
2592337
2592337
2731212
2638629
2430316
2615483
409479
440677
436777
436777
428978
421178
417278
409479
409479
467976
467976
448476
409479
436777
432877
456276
1921183
1888894
1727450
1808172
1921183
1711306
1792028
1840461
1743595
1824317
1872750
1695162
1921183
1872750
1824317
1905039
254837
261603
259347
270624
261603
241306
239051
257092
270624
248072
266113
266113
261603
268368
252582
257092
426543
383530
412205
415790
426543
401452
401452
383530
390699
379946
390699
390699
397868
387115
419374
430128
1278981
1326794
1422418
1338747
1422418
1290934
1398512
1338747
1290934
1434372
1338747
1255075
1350700
1314841
1362653
1398512
1526913
1580023
1526913
1420693
1447248
1473803
1593301
1526913
1553468
1553468
1513636
1460526
1500358
1394138
1593301
1566746
2284879
2477065
2477065
2327587
2477065
2519773
2498419
2477065
2455711
2348941
2498419
2477065
2477065
2284879
2413003
2242171
2030361
2119412
1870069
1905690
2101602
2048171
2119412
1923500
1887880
1905690
2083792
2030361
1976931
1887880
2030361
2048171
280014
265776
268149
251538
284760
268149
256284
284760
282387
280014
253911
256284
275268
270522
282387
263403
379031
350365
337624
353550
366291
359920
382216
356735
334439
369476
379031
353550
343995
363105
337624
337624
1536497
1459026
1484850
1433203
1471938
1420291
1510673
1459026
1510673
1433203
1549408
1407379
1446114
1355732
1407379
1484850
71553
70930
66575
67197
74664
70930
71553
65331
67819
71553
65953
69064
74041
67819
65331
69064
717743
723985
730226
692778
717743
680296
723985
748950
736467
723985
705261
705261
705261
723985
742708
723985
2435590
2480693
2503245
2367934
2413038
2706211
2390486
2390486
2367934
2480693
2435590
2638555
2390486
2616004
2616004
2367934
732935
681501
700789
758652
758652
700789
675072
681501
700789
675072
752223
720077
739364
745794
700789
739364
2422358
2319715
2360772
2196545
2237602
2258130
2319715
2258130
2401829
2258130
2237602
2360772
2319715
2155488
2401829
2155488
2115381
2025746
2097454
1882330
2025746
2043673
2025746
2115381
2151235
1954038
1936111
2025746
1954038
2061600
1989892
2007819
28909
28655
28148
29416
29923
27894
28655
29923
29670
26626
26626
29670
28402
29162
29670
27641
1334636
1347109
1484315
1309690
1409476
1484315
1434422
1334636
1384529
1347109
1434422
1421949
1397002
1384529
1484315
1459369
1451231
1386443
1477145
1477145
1399401
1516018
1360529
1554890
1490103
1360529
1528975
1451231
1360529
1438273
1425316
1360529
160388
159040
145562
160388
141519
156344
144214
145562
141519
144214
150953
159040
141519
157692
149605
148258
544657
534754
564463
524851
559511
554560
554560
589220
559511
579317
524851
559511
554560
519900
524851
534754
1386882
1424031
1461179
1473562
1386882
1424031
1411648
1300202
1300202
1300202
1399265
1349733
1386882
1349733
1411648
1461179
2192101
1952628
2173680
2118417
1989470
2081575
2063154
1934207
2026312
2044733
2173680
1952628
2026312
2063154
1952628
2026312
2376594
2376594
2571042
2354988
2571042
2333383
2549437
2268567
2354988
2571042
2441410
2398199
2376594
2506226
2333383
2463015
2323387
2366815
2475384
2605668
2388529
2453670
2497098
2388529
2301673
2583954
2497098
2518812
2518812
2431956
2279959
2279959
2229172
2418441
2523591
2229172
2229172
2523591
2271232
2250202
2334322
2313292
2460501
2292262
2355352
2313292
2292262
2439471
2279287
2237078
2279287
2490332
2279287
2384809
2258182
2215973
2384809
2511436
2300391
2532541
2215973
2342600
2363705
2363705
2042260
2175866
2194953
2233126
2290386
2080433
2214039
2099520
2233126
2137693
2290386
2061347
2175866
2099520
2194953
2271299
1938720
1869480
1956029
1817550
1938720
1852170
1852170
1904100
2007959
1852170
1904100
2059890
1990649
1904100
2059890
2042580
2938660
2938660
3014660
2710660
2862660
2735994
2862660
2887993
2761327
2710660
2938660
2887993
2761327
2913327
2659994
2786660
1183897
1154051
1104307
1114256
1104307
1074461
1193846
1164000
1044615
1164000
1084410
1124205
1084410
1064513
1134154
1054564
2062148
1921146
1903521
1991647
1903521
1903521
2115024
2026897
1885896
1991647
1991647
2115024
1885896
1938772
1903521
1885896
2947987
2898854
2825154
2898854
2874287
2604055
2947987
2751454
2628621
2604055
2628621
2947987
2874287
2874287
2677755
2776021
1986873
2004456
1986873
2109954
1969290
1881375
2109954
2039622
2109954
1916541
1986873
2074788
2039622
2039622
1846209
1846209
2552996
2462625
2620775
2417439
2372253
2394846
2711146
2643368
2485217
2552996
2462625
2552996
2485217
2575589
2688553
2372253
2080654
2229272
2173540
2192117
2192117
1950613
2136386
2062076
2062076
2062076
2024922
1969190
2043499
2192117
1969190
2080654
1468647
1588809
1415242
1562106
1415242
1548755
1522052
1575458
1548755
1455296
1455296
1481998
1535404
1455296
1588809
1441944
2523279
2780280
2499915
2803644
2663461
2686825
2453188
2756916
2663461
2546643
2593370
2546643
2593370
2593370
2523279
2616734
2864299
2577869
2577869
2864299
2697215
2697215
2721084
2816560
2768822
2768822
2744953
2768822
2864299
2697215
2744953
2744953
2557144
2652739
2652739
2724434
2748333
2796130
2796130
2724434
2557144
2604941
2724434
2796130
2796130
2533246
2676637
2796130
989707
920858
998313
972494
955282
920858
912251
1006919
981101
903645
938070
972494
955282
998313
981101
920858
363284
376144
376144
360069
385789
376144
360069
366499
350425
337565
366499
343995
360069
343995
350425
379359
2118221
2098424
2375575
2236999
2078628
2197407
2157814
2118221
2375575
2157814
2197407
2276592
2355778
2078628
2157814
2236999
2348658
2286304
2265520
2390227
2473366
2348658
2223951
2223951
2327874
2452581
2223951
2348658
2369443
2390227
2473366
2244735
1851356
1949659
1753054
1769438
1916891
1916891
1949659
1966042
1834973
1818589
1949659
1802205
1834973
1720287
1720287
1851356
1818484
1870441
1991673
1835803
1905079
2008992
1887760
2078268
2060949
1939716
1905079
2060949
1870441
1818484
1922397
1922397
2924499
3055057
3107280
2820052
2793941
3081168
3081168
2741718
2976722
3002834
3107280
2976722
2793941
2976722
3133392
3133392
2727977
3059414
2957433
2804463
2804463
2702482
3059414
2880948
3059414
2778968
2982929
2727977
2982929
3033919
2702482
2931938
899628
955357
923511
915550
859821
883705
947395
931473
955357
883705
851860
939434
891666
955357
867782
883705
1306151
1405668
1455426
1355909
1355909
1306151
1405668
1355909
1368349
1430547
1455426
1318591
1368349
1343470
1430547
1393228
129944
133657
133657
133657
139845
147270
133657
147270
148508
146033
133657
147270
141082
139845
133657
137370
2122375
2275339
2045893
2103255
2237098
2275339
2141496
2237098
2065014
2045893
2160616
2294460
2237098
2141496
2256219
2026773
3003000
2677675
2952950
2852850
2927925
2627625
2652650
2777775
2977975
2652650
2752750
2852850
2752750
2777775
3003000
2627625
478363
457744
445372
482486
449496
457744
433001
457744
453620
449496
449496
465991
482486
474239
478363
437124
1540597
1731338
1657976
1540597
1701993
1569942
1657976
1746010
1760683
1540597
1701993
1672649
1555270
1672649
1731338
1672649
2419991
2595990
2573990
2463991
2595990
2419991
2309991
2639990
2331991
2507990
2573990
2441991
2595990
2353991
2507990
2573990
849487
849487
762360
798663
856748
762360
827706
805924
856748
791403
834966
813184
827706
856748
784142
827706
2260955
2139832
2260955
2180206
2422452
2180206
2402264
2200393
2341703
2321516
2139832
2119645
2139832
2160019
2260955
2422452
162546
163912
146155
155717
150253
147521
161180
144789
159814
146155
155717
148887
158449
157083
151619
159814
170835
186366
173941
169282
163070
180153
164623
170835
166176
178600
167729
175494
170835
163070
181706
167729
2255890
2176736
2117370
2077793
2275678
2275678
2196524
2374621
2275678
2275678
2354832
2374621
2216313
2156947
2176736
2335044
1380823
1356598
1405048
1308148
1429273
1392936
1453498
1453498
1308148
1296036
1296036
1356598
1368711
1332373
1417161
1429273
2440757
2397557
2332758
2548755
2440757
2311159
2397557
2505555
2440757
2354358
2440757
2440757
2548755
2505555
2483956
2375958
1768109
1768109
1659541
1752599
1861167
1783618
1721580
1628521
1845657
1628521
1675050
1814638
1752599
1845657
1845657
1721580
1471244
1457869
1564869
1444494
1404369
1578244
1578244
1551494
1538119
1484619
1551494
1404369
1457869
1431119
1604994
1484619
2075425
2150895
2150895
2169762
2207497
2245232
2018822
1981087
2169762
2037690
2169762
2037690
1981087
2113160
1999955
1999955
2314447
2420614
2250746
2378147
2399380
2314447
2229513
2420614
2463081
2441847
2484314
2505548
2335680
2335680
2484314
2229513
1895948
1913503
2018834
2018834
1913503
2106609
1895948
1895948
1966168
2018834
2089054
1843283
1878393
2089054
1966168
1948613
2053436
2035734
1911820
2035734
2000330
1858714
1911820
2124244
1982628
2035734
2071138
1858714
1929522
1876416
1858714
2000330
2841778
2816850
2742066
2642355
2617427
2692211
2766994
2717138
2966417
2617427
2766994
2891634
2791922
2866706
2991345
2617427
2555155
2485469
2462241
2555155
2531927
2740985
2485469
2694528
2508698
2601613
2717756
2648070
2787442
2624841
2624841
2648070
2973408
3078661
2973408
2999721
2920781
2762901
2920781
2762901
2868155
3104975
3104975
2947095
2789215
2894468
2762901
2973408
2752922
3093760
2779140
3041323
2962669
2884014
3119978
2962669
2962669
3146197
2910232
2831577
2962669
2936450
3093760
3093760
3068982
2859137
2806676
3016521
2832906
3068982
2859137
3042751
3095213
2937829
3042751
3016521
2885368
2964060
2885368
2832906
2087213
2261147
2048561
2319126
2299799
2125865
2164517
2106539
2299799
2241821
2164517
2087213
2241821
2125865
2261147
2067887
879404
902346
871758
879404
802935
825876
894699
917640
841170
810582
818229
894699
841170
825876
856464
802935
1728567
1635965
1697700
1805735
1852036
1836603
1805735
1836603
1759434
1651399
1651399
1805735
1682266
1651399
1759434
1713134
1551949
1621232
1551949
1551949
1510379
1538092
1662802
1524235
1482665
1593519
1621232
1468809
1593519
1538092
1496522
1510379
1619565
1661815
1661815
1633648
1520983
1506900
1591399
1563232
1619565
1535066
1563232
1633648
1675898
1535066
1633648
1675898
2153549
2193802
2415195
2234055
2294435
2173676
2415195
2294435
2113296
2113296
2234055
2274309
2374942
2113296
2334689
2234055
1118601
1005801
1024601
1081001
1081001
1052801
1005801
1071601
1118601
1090401
1128001
1024601
1128001
996401
987001
1099801
450743
442548
434353
463036
471232
430255
434353
487622
438450
483525
463036
438450
434353
475329
430255
438450
473117
464356
477498
468737
464356
486259
477498
490640
503782
495021
477498
512544
508163
486259
499402
508163
1902366
2174133
2101662
1992955
1974838
1938602
2083544
2065426
2137898
2047309
1992955
2029191
2029191
2101662
1938602
2156015
1917665
1837091
1901551
1869321
1869321
1901551
1837091
1933780
1804862
1853206
1724287
1917665
1740402
1692058
1692058
1885436
1250089
1227766
1227766
1205443
1317058
1227766
1194281
1272412
1317058
1194281
1261250
1171958
1305896
1194281
1171958
1183120
187120
180723
182322
185521
175925
188719
191918
175925
171127
180723
174325
179123
174325
185521
177524
171127
1946323
2014021
1861700
1777077
1810926
1997096
1794002
1878625
1810926
1827851
1861700
1929398
1980172
2030946
1963247
1912474
1445276
1420357
1320683
1407898
1333142
1495113
1320683
1333142
1395439
1358061
1395439
1407898
1432817
1395439
1457735
1382980
874547
945457
890305
850911
874547
858790
929699
882426
937578
929699
874547
921820
898184
850911
858790
929699
1038085
1095756
1153428
1086144
1018861
1153428
1143816
1086144
1143816
1038085
1114980
1124592
1105368
1105368
1153428
1047697
2972206
2745512
2770700
2745512
2669948
2821077
2972206
2695136
2795889
2972206
2947018
2972206
2770700
2947018
2770700
2770700
1498210
1581444
1456593
1512082
1539827
1567572
1567572
1609189
1470465
1567572
1650806
1595316
1470465
1650806
1623061
1609189
1744593
1729553
1804752
1744593
1804752
1594197
1804752
1639316
1624276
1579158
1684435
1654356
1744593
1654356
1684435
1579158
1621876
1652769
1699108
1730001
1807233
1637322
1745447
1745447
1730001
1621876
1745447
1838126
1838126
1776340
1838126
1699108
426297
393222
422622
440997
389547
389547
426297
411597
422622
389547
411597
429972
407922
411597
437322
437322
2955141
3057043
3031567
2700388
2751338
2980617
3006092
2878715
2776814
3031567
2674912
2827764
2674912
3057043
3057043
2802289
1845081
1829037
1796949
1829037
1780905
1925302
1861126
1925302
1925302
1780905
1893214
1748816
1893214
1909258
1716728
1684639
2258454
2217391
2422705
2196859
2381642
2320048
2237922
2463768
2258454
2217391
2402173
2258454
2176328
2361111
2299516
2361111
938176
913269
896664
904967
954781
929874
896664
913269
871757
880059
871757
904967
954781
921571
954781
929874
479449
479449
513696
479449
458045
488011
483730
492291
462326
475168
466607
475168
466607
462326
492291
466607
2856783
2752900
2752900
2778871
2856783
2882754
2830812
3116491
3012608
2856783
3038578
2830812
2908725
3012608
2908725
3090520
2644427
2691231
2667829
2480613
2784839
2457211
2784839
2527417
2504015
2761437
2574221
2667829
2667829
2808241
2480613
2621025
1593721
1684791
1821396
1806217
1806217
1730326
1624078
1608899
1624078
1669613
1654434
1669613
1806217
1806217
1760682
1730326
1789813
1839995
1789813
1873449
1873449
1789813
1873449
1906904
1823268
1873449
1806540
1957085
1823268
1773086
1973813
1890176
1509485
1415142
1617306
1536440
1469052
1415142
1482530
1617306
1563395
1617306
1455575
1549918
1509485
1617306
1415142
1522963
65188
73183
68263
70108
70723
66418
65188
73798
68263
68878
68263
65188
65188
68263
69493
65188
1594612
1664551
1622588
1636576
1622588
1468722
1566636
1496697
1622588
1664551
1678539
1664551
1594612
1482709
1552649
1552649
963378
1050958
998410
1033442
963378
963378
989652
928346
945862
937104
980894
980894
963378
1024684
1050958
1007168
1236419
1225280
1336669
1336669
1214141
1336669
1292113
1258696
1180724
1269835
1258696
1203002
1269835
1214141
1247557
1314391
1427604
1427604
1440351
1453097
1529576
1402111
1504083
1440351
1453097
1376618
1529576
1402111
1504083
1440351
1478590
1465844
1276918
1288119
1220913
1198511
1243315
1232114
1176109
1232114
1310521
1332923
1344124
1243315
1198511
1276918
1220913
1187310
2699729
2699729
2492057
2722803
2492057
2492057
2630505
2422834
2468983
2445908
2492057
2676654
2538207
2607430
2653580
2492057
1542340
1486760
1486760
1500655
1528445
1570130
1597920
1667395
1584025
1625710
1653500
1584025
1500655
1556235
1542340
1570130
966510
975459
1029154
1002307
1011256
939662
1020205
1011256
1073900
975459
948612
1029154
1011256
975459
975459
1029154
1082514
1044861
997796
1063688
1026035
1035448
1101340
1035448
988382
1101340
1120167
1016622
988382
1026035
1073101
1007209
641673
614937
598895
614937
598895
588200
588200
561464
598895
561464
609589
620284
614937
636326
636326
609589
1255955
1347298
1267373
1290209
1198866
1255955
1335880
1278791
1198866
1370133
1358715
1233120
1278791
1347298
1370133
1278791
1820252
1759067
1697882
1667290
1697882
1743771
1651993
1759067
1636697
1667290
1636697
1804956
1697882
1743771
1621401
1667290
745109
712429
751645
764717
758181
712429
705893
764717
732037
692821
692821
705893
692821
718965
718965
732037
694217
681241
752609
739633
759097
778561
778561
772073
765585
772073
733145
700705
687729
694217
733145
720169
1093586
1131957
1045621
1036028
1016843
1045621
1026436
1016843
1122364
1093586
1122364
1055214
1122364
1122364
1016843
1064807
2705502
2547681
2637864
2592772
2660410
2525135
2547681
2570226
2637864
2682956
2480043
2480043
2592772
2480043
2637864
2367314
839319
935241
943235
927248
959222
943235
855306
935241
959222
935241
935241
951228
863300
895274
943235
855306
1420534
1457591
1346419
1445238
1297009
1334066
1457591
1445238
1482296
1395829
1395829
1457591
1297009
1371124
1420534
1408181
2236575
2137611
2157404
2078233
2335538
2177197
2137611
2157404
2276160
2177197
2375124
2236575
2196989
2276160
2375124
2078233
1920224
2065147
2173839
1974570
2065147
2173839
1956455
2119493
2101378
1992686
1938340
2119493
2047032
2047032
1956455
2119493
545929
566530
571681
581981
561380
618033
581981
587131
612883
561380
551079
581981
592282
556230
571681
597432
595671
575815
560924
580779
580779
565888
521212
526176
550996
536104
595671
570851
595671
550996
550996
575815
2680551
2657835
2725984
2703268
2589685
2430669
2612402
2657835
2544252
2476102
2703268
2725984
2725984
2498819
2544252
2612402
2659488
2851163
2587610
2803245
2779285
2515732
2683448
2635529
2659488
2563651
2875123
2515732
2563651
2611570
2755326
2515732
2688192
2412480
2619264
2665216
2596287
2481408
2619264
2458432
2688192
2504384
2481408
2688192
2665216
2642240
2435456
2711168
1664732
1551869
1537761
1523653
1594192
1481329
1650624
1636516
1551869
1636516
1678840
1622408
1622408
1608300
1565976
1664732
811142
804150
811142
811142
790164
797157
804150
811142
755201
734224
797157
797157
839113
790164
783172
832120
1340820
1352088
1250681
1228146
1183077
1295751
1284483
1239414
1352088
1261948
1216879
1295751
1318285
1261948
1273216
1340820
2121113
2121113
2103138
2049211
1905407
2103138
1887431
2067187
2103138
1977309
2031236
1941358
1923382
2139089
1977309
1977309
2722483
2797413
2972252
2972252
2897321
2972252
2622575
2997229
2847367
2872344
2797413
2722483
2872344
2822390
2747460
2797413
225657
217875
231493
231493
217875
204258
229547
208149
212039
204258
208149
219821
206203
208149
210094
229547
2327895
2222082
2349058
2243245
2222082
2412546
2306733
2370221
2497197
2264407
2243245
2370221
2454872
2222082
2391383
2454872
2671731
2875291
2849846
2697176
2951626
2773511
2875291
2697176
2697176
2926181
3027962
2951626
2875291
2977072
2798956
2900736
2708545
2903755
2903755
2659742
2562137
2635341
2830551
2806150
2708545
2708545
2854953
2903755
2732946
2635341
2586538
2781749
1594414
1714748
1759873
1699706
1729789
1639539
1594414
1609456
1579373
1624498
1729789
1594414
1609456
1789956
1804998
1684664
965882
921978
1009786
1009786
965882
957101
1018566
957101
1009786
1018566
921978
1053690
1036128
1036128
930759
974663
638214
649313
582717
632664
627114
593816
599366
638214
604916
582717
649313
654863
588267
649313
665962
643764
806676
799840
717805
806676
779331
806676
765658
717805
738313
820348
793003
779331
820348
772495
820348
717805
2369407
2249941
2210119
2309674
2190208
2210119
2309674
2289763
2130475
2170297
2269852
2110564
2170297
2309674
2110564
2269852
2060522
1935099
1935099
1917182
2150110
2024687
1917182
2114275
2096358
1988852
2078440
2096358
2150110
2096358
2132193
2042605
1465207
1364158
1326265
1490469
1402052
1465207
1326265
1503100
1351527
1503100
1389421
1338896
1490469
1376789
1414683
1338896
172662
172662
156289
156289
166708
172662
168197
166708
160754
177127
175639
175639
163731
174150
166708
177127
426042
393820
411721
383080
390240
426042
418882
393820
429622
426042
393820
375919
386660
397401
383080
429622
985203
959502
1019471
959502
908100
908100
976636
899533
1028038
933801
959502
993770
1010904
1010904
968069
1019471
3030277
2978478
3004377
3056177
2771279
3107977
2848979
2745379
2771279
3082077
3107977
2771279
3082077
2719480
3082077
2848979
17630
17781
16425
17178
15973
17329
17329
16425
18082
17178
17027
18082
17178
16877
17480
17027
1094428
1145096
1185631
1155230
1145096
1165364
1084295
1205898
1145096
1094428
1175497
1216032
1084295
1074161
1165364
1114696
856803
864886
856803
881052
913384
881052
872969
929550
889135
881052
937633
921467
864886
945716
937633
881052
64263
62630
57728
61540
62085
58273
63174
59362
59907
62085
63174
65353
60996
58817
63174
60451
2515878
2587761
2803407
2875290
2635682
2635682
2515878
2803407
2515878
2563800
2659643
2539839
2875290
2659643
2851329
2707564
1956887
1774465
1940303
1940303
1807633
1824216
1824216
1973471
1791049
1774465
1973471
1757881
1873968
1791049
1907135
1791049
2812003
2890114
2759929
2864077
2733892
2968225
2916151
2838040
2733892
2942188
3020300
3098411
2838040
3124448
2812003
2785966
731717
780498
759592
801405
794436
780498
766561
822311
731717
766561
794436
808373
759592
815342
745655
759592
729907
703604
736482
697028
736482
782513
736482
710179
723331
690452
743058
736482
775937
723331
789088
729907
1003157
1049173
1012360
1085987
1085987
984750
984750
1076783
1076783
975547
1076783
966344
984750
1085987
993954
1058377
872587
895350
811886
827061
910526
910526
819473
895350
796710
811886
819473
849824
796710
819473
819473
872587
1934086
1850720
1867393
1984106
1750681
1784028
1900740
1967432
1917413
1934086
1984106
2000779
1867393
1834047
1917413
2000779
2283814
2409529
2388577
2200005
2304767
2451434
2220957
2304767
2430481
2200005
2430481
2514291
2430481
2472386
2262862
2283814
297124
281064
307832
313185
321216
291771
286417
302478
281064
289094
294448
315862
313185
289094
283740
321216
2747405
2772156
2895913
2697902
2821659
2722654
2970168
2895913
2920665
2623648
2648399
2970168
2821659
2796908
2920665
2945416
2034148
1965194
1844524
1947956
1999671
1844524
2068626
2016910
1999671
1965194
1827286
2034148
1999671
1999671
1947956
1810047
1452393
1439190
1412783
1386375
1425986
1439190
1492004
1439190
1584429
1399579
1584429
1465597
1531615
1531615
1492004
1452393
2911609
2783906
2809447
2860528
2707285
3039311
2707285
3064851
3013770
2732826
2707285
2758366
3039311
2937149
2707285
2834987
2287851
2542057
2520873
2499689
2520873
2457321
2414954
2393770
2478505
2245483
2224300
2330219
2287851
2436138
2224300
2266667
1784113
1724642
1605701
1575966
1694907
1575966
1694907
1590834
1635437
1724642
1561099
1665172
1650304
1561099
1739510
1724642
1616220
1797478
1691744
1812583
1676639
1767268
1691744
1586010
1601115
1631324
1691744
1721954
1721954
1586010
1586010
1631324
1702086
1612502
1597572
1612502
1687155
1657294
1672224
1672224
1776739
1776739
1731947
1657294
1642363
1717016
1627433
1597572
2841220
2696751
2696751
2889376
2696751
2696751
2576360
2744907
2624517
2696751
2576360
2744907
2648595
2720829
2528204
2552282
497027
461839
483831
519019
470636
479433
479433
514620
519019
461839
501425
461839
461839
461839
497027
523417
1150792
1246692
1172103
1182759
1161448
1172103
1129481
1161448
1172103
1204070
1140137
1118826
1225381
1278658
1161448
1268003
586171
602013
580890
617855
607294
559766
586171
570328
607294
596732
570328
586171
570328
554486
570328
570328
1685258
1670344
1595775
1774741
1744913
1640516
1759827
1670344
1610689
1759827
1655430
1685258
1610689
1565947
1655430
1580861
1102177
1207146
1133668
1112674
1154662
1154662
1154662
1123171
1123171
1259631
1175656
1154662
1144165
1154662
1154662
1144165
1136941
1126315
1232571
1136941
1190069
1264448
1136941
1136941
1190069
1232571
1168818
1168818
1168818
1232571
1253823
1115690
724959
698597
692006
711778
738140
757912
751321
698597
777683
705187
764502
764502
757912
711778
705187
744731
1456889
1608076
1635564
1484377
1553099
1456889
1456889
1608076
1456889
1498122
1594331
1484377
1443145
1443145
1470633
1539354
1341659
1341659
1260697
1237565
1306961
1364791
1341659
1237565
1318527
1214433
1295395
1214433
1272263
1387923
1225999
1295395
485003
435259
493294
464276
497439
464276
455986
476712
435259
435259
489148
435259
451840
435259
476712
455986
1924867
1891391
2008557
1790963
1807701
1757487
1841177
1790963
1807701
1841177
1824439
1975081
1924867
1857915
1924867
1975081
477655
491047
535688
504439
504439
486583
482119
491047
491047
482119
535688
495511
468727
482119
531224
491047
2141373
2049073
2141373
2049073
2196754
2067533
1938312
2030613
2215214
1938312
2085993
2178294
2178294
2012153
1938312
2122913
1745982
1762610
1962151
1895637
1779238
1795867
1745982
1995408
1995408
1895637
1845752
1928894
1845752
1779238
1845752
1879009
2011234
2011234
1992611
2048479
2029856
2160214
2160214
2067101
2234704
2104347
2216082
2178837
2011234
1955366
2085724
2029856
783411
761849
812160
804973
804973
769036
862471
819347
840909
819347
804973
776224
790598
819347
776224
833722
2205746
2243777
2224762
2167716
1996581
2148701
2262792
2167716
2091656
2072641
2281807
2148701
2262792
2167716
2091656
2262792
1489993
1427910
1477576
1328577
1427910
1328577
1328577
1415493
1316160
1452743
1340993
1353410
1378243
1303744
1403076
1489993
2543183
2633207
2610701
2700726
2655713
2700726
2655713
2520677
2475665
2453159
2430653
2565689
2520677
2385641
2565689
2678219
953509
919757
961947
894442
970386
953509
894442
945071
945071
936633
1004138
911319
919757
1004138
970386
894442
912238
920684
979811
1013598
962918
920684
1005151
1005151
886898
895344
912238
962918
920684
979811
886898
886898
2418216
2418216
2439244
2249992
2460272
2502328
2460272
2502328
2418216
2271020
2418216
2355132
2397188
2376160
2207936
2249992
2219001
2199871
2104225
2008578
2295518
2180742
2104225
2008578
2219001
2219001
2046837
2295518
2199871
2046837
2027707
2180742
1092572
1130247
1036060
1073735
998385
1092572
1017222
1054897
1130247
1092572
1017222
988966
1054897
1120828
988966
1083153
2025214
1968958
2231486
2231486
2156478
2212734
2250238
2043966
2100222
1987710
2175230
2156478
2250238
2100222
2193982
2137726
1250073
1227750
1283557
1305880
1261234
1339364
1216589
1305880
1339364
1294718
1205427
1294718
1250073
1339364
1238912
1305880
207336
191387
194932
186071
202020
203792
191387
187843
198476
189615
196704
202020
202020
200248
196704
193159
2755189
2807669
2965108
2886389
2860149
2991348
2912628
3096308
2938868
2912628
2886389
2991348
2781429
2991348
2755189
2755189
984445
923462
914750
932174
1045429
1036717
958310
940886
914750
914750
1001869
984445
1010581
1019293
958310
1045429
2601306
2601306
2765352
2601306
2812222
2601306
2788787
2648176
2648176
2718482
2695046
2741917
2554435
2648176
2624741
2788787
1838625
1760717
1651646
1651646
1651646
1760717
1682809
1791880
1667227
1854206
1729554
1760717
1760717
1729554
1807462
1854206
245908
223367
243859
243859
239761
223367
229514
243859
245908
243859
229514
237711
221317
243859
215170
231564
1008503
963075
1072103
1008503
953990
990332
1017589
1053931
1035760
999418
1063017
963075
1044846
972161
1072103
1035760
2740921
3001961
2793129
3001961
3054169
3001961
3080273
2923649
3001961
2923649
2897545
2845337
2871441
2819233
3080273
2845337
1746433
1779385
1960619
1828812
1960619
1927667
1861764
1828812
1812336
1911191
1894715
1911191
1878240
1894715
1878240
1911191
2281196
2407929
2429051
2471296
2513540
2492418
2323440
2471296
2217829
2534662
2386807
2344563
2386807
2260074
2365685
2492418
2474745
2284380
2305532
2326683
2368987
2284380
2474745
2411290
2347835
2390138
2284380
2517048
2538200
2390138
2538200
2368987
635145
585002
624002
646288
651859
646288
663002
596145
596145
657431
646288
635145
657431
657431
640716
657431
365571
375541
348954
375541
365571
362248
375541
358925
378865
348954
348954
355601
355601
365571
388835
358925
105751
120859
107766
110787
115823
113809
110787
116830
112801
110787
105751
114816
107766
107766
113809
114816
1692475
1722698
1768032
1616918
1722698
1752921
1601807
1737809
1722698
1616918
1798255
1692475
1783144
1632030
1752921
1601807
2019396
2264743
2189251
2076014
2113760
2151506
2132633
1981650
2170378
2245870
2170378
2208124
2113760
2019396
2170378
2019396
918372
880106
834187
826534
803575
826534
864800
918372
803575
887759
841841
895412
910718
834187
864800
811228
2983198
2660018
2933478
2883758
2883758
2883758
2933478
2684878
2908618
2809178
2610298
2858898
2958338
2834038
2660018
2709738
98915
105097
96265
98031
103330
101564
101564
102447
98915
97148
98031
105980
93616
101564
98915
92732
3000977
3000977
2894747
3160321
2921305
2841633
3160321
2868190
2974419
2921305
3054091
2788518
2788518
2788518
3160321
3107206
1319519
1282865
1405043
1282865
1429479
1405043
1356172
1368390
1429479
1453914
1368390
1429479
1368390
1331736
1307301
1331736
61002
64423
66133
64423
64993
63853
63853
62713
62143
64993
61572
60432
62713
67844
65563
64423
1374056
1313791
1325844
1277631
1325844
1422269
1289684
1313791
1410216
1362003
1337897
1313791
1313791
1337897
1337897
1434322
1615442
1504984
1643056
1449756
1518792
1574020
1518792
1504984
1615442
1532599
1643056
1449756
1629249
1601635
1560213
1615442
2197284
2319356
2441427
2156594
2237975
2319356
2400737
2136249
2380391
2278665
2421082
2258320
2197284
2156594
2400737
2400737
489092
479950
534802
498234
502805
516518
548515
543944
507376
534802
479950
539373
498234
493663
548515
539373
520599
464201
468539
520599
464201
477216
464201
477216
520599
459862
472877
490231
490231
455524
472877
511922
195456
182316
195456
172461
177388
188886
193813
185601
192171
193813
190528
183958
192171
175746
180673
188886
2516420
2426548
2606292
2696164
2561356
2381612
2516420
2696164
2696164
2404080
2673696
2359144
2583824
2449016
2381612
2404080
332930
310735
299637
299637
321832
324607
294088
332930
330155
307960
302411
327381
294088
313509
305186
330155
837581
892376
923687
908031
853236
884548
915859
845408
829753
939343
939343
861064
829753
900203
900203
939343
533503
483770
501855
519940
528982
501855
488291
519940
538025
528982
533503
524461
538025
533503
492812
524461
2861544
2861544
2759346
2835994
2708247
2810445
3065940
2682697
2759346
2733796
2682697
2835994
2708247
2784895
2912643
2989291
2466134
2466134
2578231
2555811
2690328
2600650
2443714
2645489
2645489
2533392
2600650
2578231
2398875
2623069
2488553
2600650
1785992
2007115
1973096
1871039
2007115
1939077
1905058
1854030
2007115
1803001
1973096
1820011
1888048
1837020
1854030
1785992
610941
616546
588521
661386
644571
650176
605336
633361
622151
610941
594126
655781
672596
644571
650176
666991
1511629
1420410
1498598
1498598
1446473
1433441
1368285
1446473
1537692
1459504
1498598
1394348
1459504
1420410
1485567
1537692
628136
633415
554238
585909
612301
564795
622858
633415
633415
612301
570073
596465
601744
554238
612301
601744
1101270
1092015
1092015
1064252
1110524
1073506
980963
990217
999471
971708
1036489
1008726
980963
1036489
971708
1092015
2836538
2716345
2692307
2572115
2788461
2716345
2596153
2620192
2764422
2836538
2812499
2812499
2860576
2812499
2764422
2884615
199963
205367
192757
214374
212573
194558
196360
214374
189154
205367
201764
203566
201764
205367
214374
216176
2825421
3008550
2956228
3060873
2851582
2746937
3113195
2930066
2877744
2877744
2903905
2930066
2930066
2982389
2877744
3060873
2365121
2301199
2450351
2514273
2343814
2492965
2279891
2514273
2365121
2386428
2535580
2492965
2429043
2386428
2258584
2365121
1889833
1872495
2063212
2011198
1959184
1993860
1837819
2063212
2028536
2028536
1993860
1959184
1820481
2045874
1855157
1872495
893673
940708
854477
893673
877994
846637
932869
877994
885834
830959
932869
870155
885834
830959
909351
854477
1378487
1282592
1354514
1438422
1438422
1354514
1402461
1402461
1414448
1258619
1426435
1270606
1342527
1438422
1402461
1390474
1329346
1404592
1429674
1329346
1429674
1492379
1417132
1492379
1429674
1341887
1454756
1492379
1492379
1479838
1366969
1442215
487286
513866
531585
518295
527155
527155
505006
522725
500576
469567
496146
527155
496146
522725
482856
509436
