407858
370157
359874
401003
359874
363302
373584
394148
383866
373584
411285
366729
390721
397576
397576
383866
2295323
2274265
2379555
2358497
2358497
2463787
2442729
2400613
2400613
2232149
2211091
2358497
2400613
2379555
2484845
2463787
1860572
1981164
2015619
2050074
1808889
1826117
1946709
2050074
1826117
1998392
2015619
1912254
1912254
2050074
1826117
1946709
1846038
1672479
1735592
1751370
1672479
1893373
1893373
1688257
1846038
1656701
1704035
1719813
1719813
1672479
1814482
1814482
1088083
1051813
1015544
952072
1069948
1069948
1051813
1060881
1051813
952072
1079015
1051813
979274
952072
970207
1015544
112422
120907
115604
111361
121967
127270
121967
112422
117725
123028
115604
116664
117725
114543
121967
126210
2178694
1906357
2033448
2087915
2142383
1942669
1997136
2142383
2087915
2124227
1942669
2069760
1924513
2087915
1978981
2051604
1958310
2104726
2031518
2049820
1976612
2013216
1958310
1921706
1921706
2104726
1994914
2104726
2068122
2177934
2104726
1921706
2532313
2446471
2553773
2296249
2510852
2317710
2360630
2339170
2446471
2253329
2489392
2296249
2317710
2467932
2575233
2467932
1110309
1025624
1016215
1016215
1091490
1129128
1035034
1035034
987987
1100899
1082081
1006805
1016215
1063262
1082081
1091490
1329795
1329795
1294175
1424780
1306048
1412907
1412907
1246682
1365414
1353541
1270429
1365414
1341668
1294175
1353541
1353541
514073
538553
514073
587512
558137
528761
523865
582616
543449
538553
543449
533657
572824
523865
548345
558137
631272
636908
591817
625635
608726
603090
670726
614363
608726
653817
591817
642545
659454
608726
603090
631272
144255
145498
135550
149229
135550
133063
135550
141768
135550
146742
143011
146742
131819
131819
130575
145498
1582831
1553520
1582831
1744046
1553520
1626799
1685422
1685422
1670766
1568175
1568175
1670766
1626799
1612143
1714734
1626799
2774936
2799066
2702546
2654286
2726676
2581897
2581897
2895585
2581897
2606027
2847325
2533637
2774936
2678416
2654286
2533637
1690270
1752298
1643749
1783313
1783313
1767805
1659256
1845341
1752298
1814327
1783313
1721284
1721284
1860848
1829834
1767805
764525
724637
717989
744581
777821
698045
757877
737933
791117
784469
764525
737933
784469
731285
797766
777821
2153466
2171563
2153466
2008695
1972503
2044888
1936310
2062985
2026792
2153466
1972503
1936310
2153466
2044888
2008695
1936310
2468598
2365739
2180594
2283453
2160023
2324596
2283453
2262881
2201166
2427454
2262881
2427454
2365739
2468598
2283453
2427454
2181684
2161668
2121637
2101622
2101622
2361823
2241730
2181684
2301776
2181684
2221714
2241730
2361823
2241730
2281761
2161668
1043528
1103159
1073343
1182666
1113097
1043528
1152850
1043528
1073343
1043528
1123035
1063405
1083282
1043528
1053467
1073343
1156121
1068684
1146406
1126975
1136691
1039538
1126975
1049253
1020107
1068684
1146406
1020107
1126975
1068684
1020107
1029822
1512874
1593204
1553039
1553039
1419156
1512874
1553039
1405768
1566427
1553039
1526262
1445933
1405768
1566427
1459321
1432544
1050166
1040873
1050166
1059460
1050166
975818
985112
1068753
1068753
985112
1059460
1059460
1003699
1031579
985112
1105927
306111
288255
288255
272949
272949
270398
283153
306111
298458
306111
267847
295907
301009
293356
295907
278051
1066542
1147036
1096727
1096727
1136974
1136974
1076604
1136974
1197344
1086665
1177221
1197344
1106789
1136974
1066542
1136974
71738
74940
69176
72378
73019
74940
67254
70457
69816
76862
67254
75581
72378
73659
71738
71738
2056625
1965624
2056625
2129426
2129426
1911024
1947424
1947424
2002025
2002025
1947424
2074826
1911024
2111226
2129426
1965624
1133559
1271281
1271281
1122965
1165341
1144153
1175935
1207717
1186529
1186529
1154747
1133559
1186529
1144153
1186529
1175935
2129940
2037334
2018812
1944728
2185503
2018812
2129940
2092897
2129940
2222546
2222546
2074376
2129940
2037334
1944728
2185503
1308178
1154275
1242220
1275199
1264206
1176261
1154275
1308178
1198247
1297185
1209241
1319172
1275199
1198247
1264206
1286192
83828
89212
92288
89212
88443
83059
82290
87673
86135
81521
83059
89212
84597
89212
80752
85366
748601
698275
717147
660530
660530
698275
736020
704566
685693
673112
660530
729729
704566
729729
742310
685693
2477441
2242511
2498798
2349297
2477441
2456083
2520155
2434726
2242511
2413369
2349297
2562870
2434726
2562870
2306583
2327940
1652755
1515025
1446160
1611436
1597663
1515025
1638982
1611436
1528798
1501252
1459933
1611436
1583890
1473706
1446160
1446160
1794271
1873664
1746636
1667243
1873664
1667243
1826028
1746636
1810150
1889542
1730757
1667243
1889542
1873664
1778393
1714879
37660
38332
35642
40013
39677
39677
36987
38668
36987
38332
40013
36987
38668
37996
40013
37660
1136775
1146925
1106326
1106326
1217973
1146925
1197674
1136775
1136775
1065726
1075876
1116475
1075876
1207823
1217973
1075876
1071925
1109209
1081246
1034640
1071925
1118530
1034640
1071925
1109209
978714
1090567
1006677
988035
1043962
1109209
1053283
417222
378328
399543
378328
396007
420757
381864
381864
406614
417222
385400
413686
417222
396007
413686
410150
412532
435883
424208
467018
412532
431992
459234
455342
428100
431992
455342
455342
420316
408641
455342
439775
2399549
2357079
2272139
2484489
2442019
2526959
2335844
2526959
2463254
2335844
2378314
2378314
2505724
2229669
2229669
2314609
734104
701036
694422
767171
727490
760558
767171
767171
753944
734104
780398
773785
701036
727490
720876
787012
2559711
2403902
2403902
2537453
2403902
2403902
2426161
2359386
2537453
2648744
2381644
2492936
2559711
2537453
2604228
2426161
1062590
1071911
1053269
1109195
1071911
1118516
1043948
1118516
1025306
1099874
988022
1062590
1015985
978701
1006664
997343
1475436
1501095
1411286
1488266
1501095
1398456
1424116
1424116
1411286
1347137
1449776
1475436
1488266
1398456
1385627
1424116
605326
656722
628169
673854
639590
662433
662433
599616
651011
633879
645301
685275
662433
628169
622458
651011
2551310
2646686
2598998
2694374
2503622
2622842
2837438
2837438
2861282
2575154
2670530
2837438
2598998
2718218
2694374
2837438
1832057
1832057
1881572
1964097
1815552
1848562
1898077
1914582
1815552
1898077
1766037
1766037
1848562
1865067
1848562
1782542
1571408
1701157
1556991
1686741
1513741
1686741
1571408
1571408
1657907
1701157
1715574
1729990
1701157
1729990
1542575
1701157
1712420
1852527
1665718
1696853
1712420
1743555
1774690
1650150
1821392
1696853
1759122
1743555
1836960
1805825
1868095
1712420
2554616
2715718
2508587
2462557
2761747
2600645
2439543
2761747
2508587
2531601
2485572
2439543
2669688
2416528
2692703
2738732
781635
707515
734468
801850
734468
734468
741206
808588
761421
741206
808588
768159
795112
774897
808588
734468
1545916
1657334
1629480
1643407
1629480
1504135
1671261
1671261
1587698
1531989
1476281
1587698
1629480
1518062
1545916
1629480
874522
904678
799132
791593
814210
799132
882061
829288
829288
859444
821749
806671
859444
882061
874522
874522
247867
247867
256880
270400
256880
259134
247867
259134
236600
238854
268147
247867
252374
270400
241107
268147
1903871
1954416
1870174
1903871
1836477
1937568
1937568
1769084
1853326
1954416
2021810
1853326
1887023
1887023
1937568
1988113
294517
319762
297322
308542
294517
300127
311347
294517
311347
330981
336591
336591
322566
308542
305737
330981
328157
325253
331061
348486
307829
310733
339773
345581
331061
348486
333965
345581
307829
322349
345581
339773
248681
239719
268844
264363
264363
268844
235238
266604
262123
257642
241959
253161
259882
235238
264363
262123
427674
416419
416419
427674
397662
435177
442680
446432
393910
412668
435177
420171
420171
435177
416419
393910
1317420
1207635
1306441
1207635
1218613
1273506
1196656
1163721
1163721
1185678
1185678
1163721
1174699
1284484
1273506
1262527
1751907
1614801
1660503
1690971
1751907
1782375
1630035
1767141
1690971
1630035
1812843
1828077
1645269
1828077
1828077
1614801
2114932
2215643
2195500
2255927
2376780
2114932
2215643
2336496
2417065
2175358
2135074
2356638
2215643
2175358
2276069
2235785
344637
341386
341386
341386
370648
360894
344637
347889
341386
351140
341386
383653
390156
370648
364145
344637
1796097
1860821
1779916
1877002
1699011
1812278
1877002
1941727
1828459
1909365
1893184
1860821
1925546
1909365
1860821
1941727
2695484
2600906
2529972
2695484
2600906
2837352
2624550
2648195
2648195
2482683
2624550
2529972
2529972
2790062
2837352
2790062
1980608
2069825
1891391
1980608
1873548
2069825
2051981
2087668
2034138
1891391
1909235
2087668
1980608
1962765
2141198
1944921
971686
1006082
945890
902895
920093
937291
954489
1023281
963088
980286
945890
954489
928692
902895
920093
1023281
832032
927122
871653
847880
847880
847880
942970
935046
927122
927122
903349
871653
863729
879577
887501
839956
2226512
2206808
2305327
2068883
2305327
2305327
2364438
2147697
2265919
2364438
2167401
2068883
2206808
2088586
2088586
2325030
753250
799911
739918
779913
759916
779913
733252
699922
733252
753250
746584
719920
719920
759916
713254
759916
1384792
1408668
1301227
1372855
1301227
1396730
1408668
1396730
1325103
1253476
1277352
1265414
1301227
1265414
1253476
1301227
348286
348286
342121
354450
345204
345204
335957
351368
323628
332875
345204
366779
332875
357532
354450
354450
522734
522734
495461
481825
536371
486370
509098
531825
500007
522734
522734
500007
527280
527280
522734
477279
739933
676146
746312
708040
701661
708040
688903
752691
727176
676146
701661
708040
752691
708040
733555
752691
772069
757903
800402
849985
750820
828735
807485
835818
821652
793319
786236
793319
793319
835818
786236
835818
2494305
2746024
2562956
2517189
2631607
2425655
2654490
2562956
2562956
2654490
2517189
2562956
2562956
2677374
2425655
2723141
2307998
2549789
2483846
2461865
2329979
2615731
2593750
2351960
2527808
2329979
2461865
2527808
2637712
2571769
2351960
2615731
2133551
2192273
2133551
2309716
2153125
2094404
2348864
2329290
2270568
2094404
2113977
2094404
2211847
2153125
2113977
2113977
1739711
1617626
1739711
1785493
1663408
1602366
1709190
1663408
1693929
1816014
1648148
1648148
1648148
1632887
1816014
1693929
2230366
2156021
2081675
2007330
2044502
2230366
2211780
1988743
1951570
2211780
2193194
1988743
2044502
2211780
2156021
1988743
3000835
2650737
2650737
2675744
2675744
2625730
2925814
2875800
2975828
2775772
3000835
2950821
2725758
2650737
2950821
2625730
2822993
2873857
2924722
2950154
3001019
3051884
2721263
3026452
3001019
2797560
2822993
2822993
2924722
2975587
2721263
2822993
1352740
1493118
1518642
1454833
1493118
1378263
1467595
1454833
1454833
1391025
1403787
1352740
1442072
1378263
1339978
1505880
593879
548963
553954
524010
553954
593879
593879
593879
598869
598869
563935
538982
563935
593879
553954
538982
1584757
1704361
1599707
1659509
1734262
1599707
1629608
1584757
1629608
1689411
1704361
1734262
1674460
1794064
1569806
1719312
2415166
2760190
2599179
2645182
2622181
2760190
2553176
2415166
2622181
2484171
2760190
2484171
2714187
2714187
2415166
2553176
878154
870170
926053
862187
894120
870170
894120
854204
926053
878154
957986
934036
894120
854204
910087
934036
2725555
2823773
2823773
2627336
2627336
2872882
2823773
2872882
2651891
2872882
2725555
2848327
2725555
2848327
2725555
2872882
2637353
2568553
2499752
2706154
2660287
2752021
2660287
2591486
2499752
2476819
2499752
2591486
2637353
2683220
2545619
2430952
2811483
2997147
3076717
3182811
2838007
2811483
3050194
2838007
3050194
2917577
3103241
3156288
2997147
3129764
2970624
3103241
2062151
2170686
1935528
2025973
1971706
1935528
2007884
1953617
1971706
1971706
2044062
1935528
2044062
1971706
2116418
2098329
869585
847096
854593
802118
884578
877082
892075
884578
824607
862089
809614
839600
832103
869585
794621
862089
1687675
1687675
1598064
1702610
1717545
1687675
1792221
1642869
1672740
1747416
1732480
1627934
1672740
1687675
1657804
1792221
3020375
2808419
2914397
2914397
2940891
2887902
3099858
3152847
2967386
2834913
2887902
3126353
2861408
2940891
2861408
3046869
2612861
2732717
2660804
2708746
2828602
2564919
2780660
2636833
2540948
2564919
2780660
2708746
2876545
2804631
2636833
2516977
1496761
1442333
1605616
1442333
1537581
1564795
1592009
1469547
1551188
1592009
1632830
1605616
1428726
1455940
1469547
1483154
2095375
2076152
2018481
2287611
2095375
2076152
2018481
2037704
2268388
2114599
2114599
2268388
2114599
2210717
2172270
2056928
2633710
2633710
2703631
2773553
2587095
2726938
2633710
2447252
2726938
2610403
2493867
2703631
2726938
2796860
2587095
2447252
1601912
1629771
1490474
1504404
1462615
1546193
1462615
1504404
1518334
1462615
1476545
1462615
1532263
1462615
1574052
1560123
480398
520064
524472
511250
471584
524472
515657
515657
511250
489213
524472
498028
515657
498028
475991
524472
2240741
2345449
2345449
2387332
2261683
2366390
2240741
2450156
2345449
2282624
2450156
2261683
2303566
2408273
2429215
2471098
48541
45305
42473
47327
46923
45709
44496
46114
46114
47732
42473
47327
44496
47732
46114
46923
300321
303101
294759
294759
305882
305882
319786
305882
294759
291978
311444
328128
314224
333690
317005
308663
797064
783668
776970
703292
783668
723386
750178
703292
763574
743480
776970
709990
723386
803762
730084
776970
314409
282704
287988
298557
311767
298557
311767
314409
282704
309125
303841
298557
311767
293273
280062
298557
1033183
998743
1015963
1015963
1024573
938474
1007353
938474
1033183
955694
972914
998743
972914
904035
998743
904035
1888892
2006948
2006948
2006948
1821431
1787701
1821431
1787701
1838296
1787701
1990082
1855162
1787701
1888892
2023813
2006948
2001214
2019917
2094729
2132135
2113432
2019917
1982511
2094729
2206946
2113432
2001214
2113432
2001214
2150838
2001214
2150838
544836
535278
516161
563953
535278
540057
520940
516161
530498
563953
530498
568733
573512
506602
544836
506602
229095
203856
221329
221329
217446
219388
207739
209680
227154
225212
217446
225212
231037
205797
213563
232978
1911256
1963859
1928790
1858652
1928790
2104135
2104135
2033997
1946325
2016462
1963859
2086600
1963859
1963859
2033997
2051531
2264780
2151541
2000556
1981682
2038302
2245907
2208160
2000556
2264780
2189287
2245907
2000556
2170414
2208160
2113795
2094921
1910545
2142668
1928401
1946257
2106957
2089101
2142668
1946257
1892690
1999823
1892690
1981968
1892690
1999823
1928401
1892690
405865
398279
443797
409659
436211
409659
432417
447590
447590
436211
455176
436211
428624
413452
447590
398279
2654504
2630372
2799295
2606240
2847559
2606240
2871691
2847559
2751032
2533845
2751032
2533845
2702768
2823427
2582109
2726900
402250
394869
435463
428082
391179
417011
424392
398559
413321
409631
405940
394869
417011
424392
420702
439154
2771247
2746054
2872020
2846827
2771247
2846827
2771247
2746054
2846827
2897213
2645281
2771247
2670474
2695668
2796440
2695668
1983818
1931613
1983818
1914211
1896809
2053426
1879407
1966416
2036024
1896809
2070828
1862005
2070828
2088230
1983818
2088230
140843
135813
144615
132040
137070
134555
145873
149646
135813
148388
138328
142100
133298
147131
149646
139585
2912446
3039074
2684515
2735166
2684515
2760492
2735166
2735166
2963097
2659190
2659190
2684515
2912446
2760492
2709841
2659190
1980227
2263117
2168820
2149961
2168820
1999086
2187679
2225398
2225398
2055664
2036805
2149961
1980227
2225398
2244257
2036805
593856
632706
666007
610506
599406
599406
593856
666007
588306
604956
604956
632706
654907
638256
660457
666007
2215561
2313595
2313595
2333202
2195954
2274381
2058707
2333202
2078314
2215561
2195954
2195954
2313595
2333202
2156741
2352808
1562944
1466125
1645933
1507619
1549113
1659764
1590607
1618270
1479956
1479956
1645933
1493787
1535282
1479956
1479956
1466125
644234
593373
655536
649885
649885
615978
655536
632932
666839
621629
661188
610327
604676
599025
666839
621629
698953
644253
723265
717187
729343
729343
674642
711109
644253
717187
698953
662486
705031
656408
650331
698953
2614780
2614780
2784256
2881100
2808467
2638991
2905311
2687413
2832678
2808467
2663202
2566358
2566358
2687413
2808467
2832678
680269
698992
730197
705232
705232
680269
661546
711474
674028
730197
667787
655305
661546
680269
748920
692751
490820
512732
482056
460144
517114
473291
521497
464526
482056
460144
521497
508350
490820
477673
464526
508350
1056750
1066719
1096627
1156443
1076688
1066719
1076688
1096627
1116566
1116566
1136504
1046780
1186351
1176382
1196320
1106596
234802
243663
250308
234802
259169
239232
261384
252523
259169
245878
241448
237017
263599
250308
265814
261384
824598
816963
878044
916220
801692
916220
801692
801692
893314
862774
893314
824598
855139
832233
893314
855139
1171905
1328159
1305837
1328159
1171905
1316998
1227710
1272354
1261192
1261192
1328159
1205388
1305837
1216549
1305837
1294676
1308353
1237631
1343714
1414436
1414436
1390862
1249418
1379075
1331927
1261205
1272992
1272992
1284779
1284779
1367288
1367288
431672
435526
462506
454797
447089
427818
454797
454797
408547
439381
439381
404693
404693
431672
435526
431672
2095579
2113189
1884260
2113189
1866650
2060359
1866650
2042749
1901870
1937090
1919480
1884260
2060359
1866650
2025139
1866650
938927
922877
842627
898802
866702
946952
882752
850652
890777
954977
963002
874727
963002
890777
930902
882752
1253647
1313345
1289466
1396921
1301405
1253647
1396921
1289466
1384982
1408861
1337224
1265587
1325284
1408861
1301405
1396921
648725
593278
621001
643180
587733
593278
621001
626546
665359
665359
632091
593278
643180
659814
665359
598823
167999
169411
162352
149646
165175
155293
166587
166587
151058
153881
158117
159528
162352
155293
153881
162352
2423506
2360829
2423506
2402614
2507076
2486183
2235476
2486183
2298153
2214583
2277260
2298153
2486183
2214583
2486183
2193691
2785496
2712831
2615944
2858161
2809718
2712831
2785496
2906605
2591722
2809718
2640166
2785496
2567501
2712831
2591722
2640166
2431902
2582551
2345817
2367338
2453423
2496466
2474944
2453423
2388859
2410381
2345817
2324296
2582551
2539508
2539508
2474944
697031
709590
684472
709590
690751
690751
703310
684472
728428
665633
665633
690751
671912
665633
690751
703310
548872
539243
572945
534428
510355
515169
510355
563316
529613
563316
519984
505540
510355
539243
534428
529613
1556187
1435448
1435448
1502525
1515941
1609849
1435448
1435448
1569602
1609849
1408618
1435448
1596433
1502525
1596433
1529356
172207
178706
178706
172207
177081
177081
193327
193327
177081
194952
193327
186829
170583
172207
190078
191702
2245033
2207615
2039238
2151490
2076655
2132781
1983112
2151490
2207615
1983112
2226324
1964404
2039238
1983112
2114072
2076655
2572025
2620100
2836439
2668175
2644138
2788363
2716251
2644138
2884514
2644138
2836439
2860476
2884514
2860476
2644138
2572025
2033941
2180532
1942322
1997294
2143884
2198856
1942322
2162208
1960646
2033941
1942322
2070589
2180532
1997294
2088913
2180532
2487490
2332022
2398651
2487490
2598539
2332022
2576329
2598539
2487490
2443071
2598539
2665168
2576329
2376442
2420861
2332022
233179
233179
231000
233179
261510
254972
246255
237538
228821
257151
228821
250613
252792
248434
259330
250613
2202967
2298748
2298748
2011405
2145498
2164655
2241280
2030561
2222123
2068873
2222123
2030561
2145498
2202967
2202967
2241280
1888572
1972137
1988850
1988850
1871859
2005563
1805007
1821720
1905285
1788294
1888572
1855146
1888572
1788294
1988850
1838433
2078252
2058646
2156677
2137071
2137071
2333133
2078252
2293920
2117465
2293920
2254708
2078252
2333133
2156677
2137071
2117465
3129614
2811348
2970481
2890915
2837871
3156137
3129614
2784826
3076570
3129614
2890915
3129614
2864393
2811348
3076570
2917437
1008046
1053454
989883
971720
998965
1089780
1008046
971720
1008046
1017128
1008046
1044372
1026209
953557
980802
1071617
653935
583092
632137
599440
577642
610339
577642
637586
610339
599440
599440
599440
653935
572193
610339
583092
693188
652412
675712
693188
634936
681537
681537
658237
681537
699013
617461
681537
623286
617461
687362
623286
353188
347045
368544
343974
359330
362401
347045
325547
334760
350116
325547
356259
347045
365472
359330
362401
77170
72630
74576
68091
69388
76521
75873
76521
77170
68739
75873
77818
70036
70685
70685
77170
2694790
2644886
2919355
2694790
2644886
2669838
2794597
2719741
2619934
2869452
2619934
2744693
2969259
2644886
2719741
2694790
326610
354341
354341
335854
326610
363585
326610
354341
335854
342016
351260
342016
326610
338935
354341
351260
2811724
2887038
2987456
2761514
2836828
2736410
2887038
2887038
2962352
2711305
2887038
2887038
2937247
2786619
2786619
2786619
2799855
2850761
2723495
2927121
2672589
2698042
2799855
2672589
2850761
2825308
2748948
2748948
2774402
2748948
3003481
3028934
2710039
2960969
2634760
2885690
2935876
3011155
2986062
2885690
2760225
2684946
2935876
2885690
2684946
2735132
2634760
2735132
2586422
2538965
2538965
2752523
2515236
2657608
2657608
2491508
2515236
2799980
2491508
2657608
2823709
2728794
2515236
2515236
2285444
2094990
2247353
2228308
2133081
2266399
2056899
1999763
2056899
2114036
2247353
2171172
2056899
2228308
2285444
2190217
229674
235938
238026
227586
225498
244290
248466
238026
250554
246378
240114
250554
227586
238026
238026
231762
2399836
2486317
2356596
2399836
2486317
2486317
2529557
2507937
2270115
2421456
2356596
2356596
2551177
2399836
2378216
2464697
1607181
1634891
1524051
1496341
1524051
1537906
1634891
1607181
1454776
1468631
1537906
1496341
1510196
1634891
1537906
1510196
1260901
1214629
1365012
1249333
1318740
1341876
1249333
1284036
1237765
1260901
1237765
1353444
1295604
1376580
1237765
1237765
836411
884206
844376
836411
876240
916069
884206
939966
836411
860308
860308
892171
924035
932000
924035
916069
503193
503193
534643
489715
516671
476236
539136
476236
516671
512179
480729
530150
494208
534643
539136
512179
1549329
1492989
1605668
1591583
1478905
1619753
1521159
1591583
1507074
1577498
1690177
1619753
1619753
1577498
1577498
1492989
2877233
2707984
2828876
2804697
2756341
2635448
2877233
2901411
2587092
2659627
2611270
2732162
2804697
2538735
2732162
2562913
2295161
2598296
2381771
2381771
2511686
2381771
2316814
2381771
2511686
2360119
2468381
2490034
2273509
2490034
2338466
2425076
965612
923629
890042
948819
982405
948819
1007595
948819
974009
965612
948819
948819
948819
940422
915232
999198
2250146
2042149
2269054
2231237
2269054
2004331
2231237
2155602
2174510
2079966
2155602
1985422
2042149
2004331
2231237
2023240
2175668
2135378
2115233
2115233
2155523
2296539
2397264
2397264
2195813
2215958
2155523
2175668
2316684
2195813
2215958
2155523
993067
943413
993067
910311
959964
885484
976516
976516
918587
918587
868933
885484
943413
935138
926862
976516
2126524
2087860
2281180
2261848
2049196
2184520
2261848
2184520
2068528
2203852
2029864
2068528
2029864
2300512
2261848
2107192
278968
297391
281600
297391
310550
302654
294759
292127
284232
294759
302654
297391
276336
286864
300022
292127
1334445
1199879
1177452
1177452
1345659
1211093
1300804
1289590
1211093
1267162
1334445
1233521
1267162
1222307
1345659
1199879
1953703
2093253
2040922
1918815
2040922
2075809
2023478
1901372
2058366
2093253
1849040
1831596
2058366
1936259
1831596
2006034
2130611
2149138
2075030
2223247
2186193
2075030
2130611
2112084
2112084
2186193
1982395
1945341
2223247
1982395
2149138
2019449
540639
521669
507442
559609
521669
507442
540639
569094
507442
531154
550124
516927
540639
502699
526411
531154
2424903
2466003
2322153
2363253
2281053
2260503
2342703
2219403
2424903
2322153
2157753
2178303
2301603
2466003
2178303
2342703
1506045
1546029
1479390
1572685
1452734
1439406
1506045
1532701
1559357
1466062
1426078
1479390
1439406
1439406
1439406
1466062
540382
517866
508860
517866
517866
531376
508860
540382
508860
481841
499854
526873
481841
486344
535879
540382
558549
548109
563769
610750
615970
563769
563769
553329
621190
621190
548109
558549
621190
548109
548109
548109
1657579
1688275
1811059
1718971
1642231
1826407
1811059
1780363
1642231
1657579
1611535
1734319
1841755
1642231
1611535
1841755
993223
1093456
1066120
1047896
1057008
956774
1093456
1075232
1066120
965886
1093456
1038783
993223
974998
1038783
1075232
1203591
1141336
1120585
1110209
1182840
1120585
1182840
1172464
1099833
1234719
1130961
1234719
1141336
1151712
1099833
1089457
2380092
2280921
2300755
2300755
2300755
2280921
2280921
2102414
2300755
2082580
2161916
2261087
2261087
2300755
2360257
2181751
813224
743119
806214
827246
792193
750129
785182
757140
806214
785182
750129
785182
799203
743119
736108
841267
353214
350143
325571
362428
359357
368571
344000
362428
322500
359357
356285
340928
337857
340928
353214
331714
2739860
2739860
2532644
2555668
2578692
2647764
2739860
2739860
2532644
2440548
2532644
2739860
2670788
2762884
2716836
2440548
1434087
1539342
1420931
1552498
1526185
1407774
1499871
1486715
1434087
1565655
1407774
1473558
1381460
1526185
1473558
1407774
2295424
2295424
2102531
2256845
2314713
2237556
2314713
2276135
2025374
2044663
2256845
2237556
2276135
2121820
2063952
2141110
239419
235395
233383
231371
219300
241431
225336
213264
229360
223324
235395
235395
211252
235395
235395
213264
2525465
2661976
2661976
2570969
2388953
2661976
2707480
2479961
2525465
2457209
2684728
2502713
2457209
2502713
2548217
2707480
2405634
2405634
2672926
2561554
2383359
2583829
2583829
2427908
2583829
2383359
2472457
2628378
2338810
2561554
2583829
2650652
1657408
1560726
1533103
1477856
1546914
1464044
1464044
1643597
1560726
1588350
1505479
1615973
1505479
1505479
1657408
1491667
1064105
1173499
1044215
1103885
1183444
1054160
1133719
1123774
1143664
1064105
1183444
1054160
1044215
1133719
1143664
1074050
2892579
2892579
2627426
2772055
2531007
2675636
2772055
2675636
2892579
2796160
2531007
2651531
2555111
2627426
2772055
2675636
2120035
2257445
2120035
2355595
2316335
2139665
2139665
2237815
2178925
2080775
2355595
2100405
2335965
2178925
2335965
2139665
795256
824985
780391
810120
869579
877011
780391
862146
877011
869579
802688
869579
862146
802688
891876
869579
2800745
2704168
2800745
2800745
2849034
2752457
2631735
2631735
2535157
2728312
2824890
2655879
2776601
2631735
2680023
2824890
481770
465157
494229
461004
477616
456850
490076
452697
452697
490076
469310
461004
473463
498382
461004
452697
2359699
2463195
2173407
2256204
2483894
2401097
2297602
2421797
2173407
2214805
2463195
2256204
2339000
2421797
2380398
2214805
2903214
2683643
2586056
2610453
2756833
2708040
2756833
2756833
2634850
2878817
2586056
2732437
2610453
2756833
2903214
2610453
2453154
2324041
2453154
2582268
2324041
2496192
2496192
2324041
2453154
2517711
2259484
2324041
2496192
2302522
2539230
2367079
125145
125145
131104
141831
129912
143023
125145
141831
133488
133488
143023
133488
143023
128720
143023
131104
2482391
2392936
2549483
2683666
2616575
2616575
2549483
2504755
2482391
2549483
2415300
2549483
2616575
2415300
2504755
2549483
2832514
2755960
2730442
2832514
2934587
3011141
2832514
2704923
2704923
2934587
3036659
2858032
3036659
2985623
2909069
2909069
1443932
1417438
1549909
1443932
1589650
1417438
1536662
1496921
1430685
1523415
1483674
1536662
1430685
1443932
1430685
1576403
1766240
1658729
1766240
1689447
1689447
1689447
1628012
1689447
1612654
1720164
1781598
1689447
1766240
1674088
1781598
1812315
236428
234441
230467
222520
210599
224507
210599
238414
208612
212586
224507
230467
222520
238414
228480
214573
2543465
2472814
2472814
2496364
2802522
2731870
2472814
2590567
2472814
2661218
2637668
2731870
2590567
2684769
2637668
2543465
381511
362275
352657
378305
365481
346245
381511
371893
355863
368687
343039
375099
343039
384717
371893
339833
1666167
1555089
1541205
1457896
1457896
1652282
1471781
1527320
1457896
1457896
1596743
1582859
1471781
1471781
1555089
1513435
1474912
1529038
1623757
1556100
1583163
1420787
1461381
1569631
1542569
1569631
1623757
1420787
1569631
1420787
1569631
1556100
377903
374529
354284
404896
371155
361032
384651
394774
354284
388026
364407
364407
364407
371155
394774
377903
1376623
1388914
1376623
1364332
1376623
1413497
1302875
1327458
1376623
1425788
1462662
1425788
1364332
1438079
1364332
1425788
1620231
1521608
1549786
1535697
1549786
1592053
1634320
1690676
1592053
1676587
1549786
1676587
1592053
1592053
1535697
1479341
1283559
1295444
1247905
1402407
1247905
1342983
1390522
1390522
1319213
1402407
1307329
1426177
1402407
1414292
1366753
1295444
440907
448924
428882
476981
428882
476981
468965
468965
420866
440907
436899
480990
464956
424874
480990
472973
3037070
2682745
2783981
2885216
2834599
2961143
2783981
2708054
2834599
2733363
2859907
2961143
2809290
2733363
2809290
2758672
1770892
1697105
1652833
1638075
1711863
1579046
1756135
1579046
1652833
1682348
1741377
1726620
1697105
1652833
1623318
1770892
419297
404322
434272
393091
430528
426785
430528
449247
441760
445503
393091
423041
415554
400579
426785
408066
1416919
1524875
1619336
1497886
1538369
1511380
1430413
1416919
1511380
1592347
1443908
1551864
1592347
1538369
1524875
1443908
1739952
1756523
1938804
1889091
1955375
1789665
1872520
1855949
1839378
1872520
1773094
1806236
1822807
1955375
1739952
1872520
1055608
1046098
1084138
1065118
1112668
1017568
998548
1093648
1036588
1008058
1055608
1065118
998548
1103158
1036588
998548
2453395
2453395
2663686
2476761
2780514
2757149
2803880
2710417
2803880
2500126
2593589
2570223
2476761
2780514
2710417
2616955
1974264
1874721
1775179
1791769
1957674
1957674
1990855
1775179
1858131
1990855
1758588
1957674
1907902
1990855
1941083
1974264
2760613
2668592
2760613
2714602
2438541
2668592
2691597
2438541
2530562
2553567
2438541
2507556
2484551
2438541
2530562
2576572
293842
307835
324626
305036
324626
327424
327424
313432
296641
327424
313432
316230
316230
302238
327424
333021
644773
650635
638912
644773
633050
674081
633050
615465
656496
644773
644773
627189
697528
674081
685804
650635
82828
84320
80589
82082
80589
82082
84320
79843
79097
88797
86559
89544
85066
87305
81335
85066
2280939
2383684
2260390
2301488
2239841
2301488
2465880
2280939
2404233
2198743
2260390
2301488
2445331
2404233
2260390
2239841
586755
552240
591686
571963
527587
581824
571963
547309
517725
532517
576894
586755
562102
517725
532517
562102
1863025
1950082
1950082
1915259
2002316
1828202
1915259
1863025
1897848
2071962
1845613
2054551
2002316
1863025
2089374
2019728
380800
391476
391476
423506
398594
398594
419947
412830
409271
380800
377241
391476
377241
384359
395035
412830
506099
450811
497593
480582
463570
455064
510352
459317
446558
484835
484835
476329
489088
476329
493341
472076
1326917
1409850
1398002
1315070
1350612
1291375
1315070
1338765
1374307
1243985
1243985
1255832
1350612
1326917
1291375
1243985
1961665
2123637
1997659
2069646
2015656
2051650
2069646
1943668
1997659
2105640
2015656
2033653
2087643
2087643
2087643
2015656
1282560
1377564
1258809
1258809
1365689
1318187
1294436
1330062
1330062
1401316
1389440
1401316
1377564
1318187
1377564
1330062
2636043
2372439
2306538
2438340
2306538
2526208
2306538
2460307
2438340
2636043
2350472
2328505
2460307
2614076
2482274
2636043
405911
416409
391914
388415
419908
367420
405911
395414
398913
374418
395414
374418
398913
391914
412910
384916
1201286
1243809
1222547
1137500
1233178
1126870
1137500
1116239
1211916
1201286
1126870
1190655
1222547
1126870
1148131
1180024
1982591
1879152
2051551
1982591
2051551
1948112
2034311
1879152
2017071
2051551
1896392
2034311
2068791
1861912
1965352
1844672
1655636
1640585
1580380
1655636
1685738
1700790
1640585
1730892
1745943
1745943
1685738
1700790
1760995
1715841
1745943
1610482
409508
371970
392445
358319
371970
368557
402683
371970
399270
392445
385620
365144
375382
361732
395858
365144
1139776
1235645
1150428
1161081
1267602
1256950
1193037
1256950
1118472
1193037
1182385
1235645
1171733
1267602
1203689
1161081
3085609
3085609
2848254
2795509
3164727
2795509
3138354
3138354
3032863
3164727
3164727
3059236
2980118
3085609
2980118
2769136
2805771
2548575
2782390
2665483
2805771
2805771
2735627
2618720
2805771
2525194
2665483
2665483
2595338
2642101
2805771
2665483
2479765
2458202
2415076
2371949
2522892
2350386
2501328
2264133
2436639
2415076
2501328
2566018
2371949
2307260
2479765
2350386
1985954
2078755
2208678
2004514
2208678
2208678
1985954
1985954
2208678
2097316
2115876
2134436
2152997
2097316
2041635
2227238
80521
83503
86486
82012
78284
82012
89468
78284
82012
82758
84994
84994
82012
81267
79775
85740
882253
957874
949472
957874
957874
907460
890655
907460
915862
899057
957874
983081
932667
974679
932667
941069
151501
151501
150160
151501
151501
143457
151501
159545
146138
152842
154182
146138
143457
148819
158204
155523
2625656
2797428
2772890
2821967
2895584
2650195
2772890
2748351
2674734
2625656
2576579
2846506
2895584
2944662
2674734
2601118
797498
797498
827592
835116
902828
789974
895304
820069
887781
827592
857686
842639
887781
850163
805021
880257
474449
474449
513986
465663
461270
470056
461270
527166
461270
474449
492021
487628
470056
513986
518379
478842
2080875
1924809
2063534
1994172
2011513
1959491
1838106
1872788
2028853
2063534
1907469
2080875
2011513
1838106
1820766
1872788
2830620
2989347
2830620
3121619
3042255
3174528
2857075
3148073
3148073
3148073
3095164
3015801
3042255
2909984
2936438
2989347
1828227
2035196
1931712
1862722
1879969
1931712
1879969
1862722
1983454
1810980
1948959
2017949
1879969
1914464
1845475
1879969
2543232
2457021
2349257
2349257
2500127
2543232
2521679
2327704
2457021
2500127
2586338
2284598
2327704
2564785
2478574
2413915
164252
161211
165773
174898
159690
173378
168815
159690
177940
165773
168815
167294
173378
179461
176419
167294
2920162
2945777
2766469
3022624
2945777
2843316
2689623
2843316
2945777
2689623
2843316
2740854
2689623
2945777
2971393
2792085
1471519
1417518
1471519
1471519
1606521
1431019
1498519
1525520
1512020
1512020
1417518
1593021
1620021
1606521
1525520
1606521
2277109
2125301
2125301
2258133
2144277
2182229
2163253
2087350
2239157
2163253
2049398
2087350
2011446
2106326
2239157
2049398
173533
179517
176525
176525
173533
157077
160069
176525
179517
176525
160069
179517
164557
173533
157077
178021
2380981
2486334
2317769
2359910
2359910
2380981
2317769
2233486
2359910
2507404
2402051
2465263
2402051
2507404
2444193
2359910
1005249
1032175
1005249
987298
1005249
960372
1077052
960372
1077052
1059101
1059101
1023200
951396
1041151
1059101
1059101
1595384
1701743
1610578
1671355
1595384
1671355
1732131
1823296
1808102
1716937
1595384
1595384
1656161
1762520
1716937
1732131
668982
656819
699390
723717
638574
693309
705472
668982
693309
681145
687227
705472
723717
638574
675064
650737
780057
732575
719009
719009
752925
807190
759708
712226
719009
725792
773274
780057
780057
786840
719009
759708
1960249
1808160
1977147
2027844
1774363
2010945
2010945
1825059
1858857
1808160
1774363
1909553
1841958
1825059
1791262
1875755
2009977
2028762
2160256
2235395
2066332
2122686
2160256
2254180
2254180
2216611
2066332
2179041
2085117
2141471
1972408
2179041
1102163
1216539
1195743
1247732
1164550
1091765
1133356
1091765
1185345
1247732
1195743
1237334
1247732
1112561
1174948
1164550
2322740
2049477
2264184
2342259
2049477
2303221
2147071
2225146
2108033
2322740
2108033
2147071
2283703
2303221
2127552
2049477
652474
669348
624350
641224
590601
601851
658099
658099
618725
618725
635600
646849
624350
624350
641224
652474
1959257
2181060
2051675
2070158
2051675
2181060
2125609
2051675
2181060
2014708
1940773
2014708
2107125
1977740
1996224
2218027
1904240
1939181
1851830
1851830
1834360
2061471
1851830
1834360
2026531
1956651
2061471
2044001
1956651
1834360
2061471
2078941
803675
854357
825396
781954
796435
789194
839877
774714
847117
818156
767473
832636
868838
760233
832636
789194
76442
79949
84157
78546
74338
76442
80650
77144
77144
73637
77144
75040
77845
77845
79949
79949
1462869
1349370
1462869
1500701
1412425
1349370
1475479
1374592
1513312
1513312
1412425
1374592
1387203
1324148
1374592
1336759
2733757
2733757
2938151
2989249
3014798
2887052
2989249
2912601
2759307
2708208
2912601
2861503
2708208
3014798
2861503
2861503
352720
346364
346364
352720
352720
362253
346364
374963
340009
333654
365430
362253
340009
368608
378141
374963
2635693
2706292
2635693
2565094
2823957
2659226
2823957
2470962
2729825
2518028
2635693
2588627
2518028
2518028
2682759
2706292
1759439
1713936
1759439
1729104
1622931
1804942
1744271
1759439
1820109
1713936
1713936
1638098
1713936
1789774
1744271
1668433
637561
698281
667921
728641
637561
643633
667921
698281
722569
661849
704353
692209
667921
722569
673993
661849
1827267
1747820
1906713
1795488
1906713
1890824
1859045
1827267
1906713
1668374
1827267
1874935
1747820
1811377
1890824
1684263
3002240
2895966
3188220
3161651
3081946
3081946
2895966
2816261
2842829
3188220
2816261
3028809
3161651
3188220
3055377
2922535
1489181
1438700
1438700
1476561
1514421
1350359
1413460
1476561
1489181
1489181
1489181
1463940
1426080
1400839
1337739
1362979
3002002
3027660
3027660
2976344
2925027
3027660
2719762
2719762
2719762
3002002
3078976
3002002
2925027
2719762
2694104
2796737
3023969
2785235
2838287
2970917
3156599
3077021
2785235
3130073
3130073
2917865
3156599
2944391
2864813
2917865
2785235
2785235
807861
867703
837782
822822
785421
792901
890143
830302
897624
815341
800381
860222
867703
852742
815341
852742
2887486
3125902
2887486
2808014
2966958
3046430
2940467
2993449
2808014
3099411
2966958
2860995
2781523
3178884
2860995
3019939
2098855
2137723
2254326
2059988
2312628
2098855
2196025
2157157
2293194
2040554
2293194
2098855
2098855
2312628
2059988
2312628
20750
20750
22923
20750
20750
22726
23319
21342
23714
23714
23516
23516
21145
20947
22923
21935
1204283
1160491
1269971
1204283
1182387
1149543
1171439
1259023
1302815
1171439
1313763
1302815
1226179
1248075
1237127
1193335
624388
581327
570561
581327
565179
586709
635153
592092
635153
586709
629771
586709
629771
608240
602857
575944
1612559
1612559
1517703
1599008
1612559
1531253
1517703
1422846
1599008
1463499
1504152
1626110
1612559
1599008
1517703
1436397
9408
8999
9162
8753
9162
9489
9326
9735
8753
9080
9080
8590
9571
9408
9162
8999
2711822
2840956
3073398
2918437
2815129
2840956
2789303
2918437
2711822
2840956
2840956
3099225
2970091
3099225
2737649
3021744
1104259
1143348
1104259
1055398
1094487
1035854
1026082
1055398
1172665
1084715
1172665
1065170
1143348
1045626
1055398
1045626
86405
91903
87190
85619
83263
82477
92689
91118
84048
90332
94260
87190
83263
90332
83263
93474
2858056
2564922
2711489
2906911
2760344
2735916
2760344
2858056
2906911
2687061
2662633
2564922
2760344
2735916
2858056
2858056
1456331
1581159
1664378
1664378
1456331
1470200
1608899
1650508
1581159
1581159
1497940
1553419
1525680
1636638
1567289
1622768
503592
526074
494599
526074
476614
539563
535066
481110
472117
494599
494599
485606
494599
530570
539563
521577
857131
928558
841258
880940
928558
936495
857131
944431
928558
920622
865067
896813
880940
928558
920622
880940
1202505
1268698
1202505
1323859
1290762
1246634
1268698
1246634
1301794
1301794
1235601
1158376
1290762
1312827
1235601
1180441
2522412
2312211
2396291
2438331
2270170
2333231
2480371
2228130
2207110
2438331
2438331
2249150
2438331
2333231
2333231
2228130
1418776
1395130
1300545
1312368
1406953
1276899
1288722
1300545
1418776
1383307
1241429
1383307
1288722
1383307
1359661
1418776
1909660
1909660
2127907
2073345
2000596
2036970
2164281
1927847
2036970
2182468
2182468
2164281
2109719
2091532
1964221
1946034
1701338
1775958
1716262
1775958
1611794
1790882
1641642
1701338
1746110
1596870
1761034
1656566
1790882
1746110
1775958
1596870
1011312
1055282
923372
1055282
958548
1020106
1055282
1046488
1055282
1028900
976136
967342
1046488
1002518
1046488
1046488
1107655
1222600
1233050
1233050
1253949
1170352
1243500
1191252
1159903
1243500
1149453
1191252
1253949
1243500
1097205
1097205
2049172
1907850
1996176
1890184
2084503
1925515
1907850
1890184
2084503
1943180
1960846
1960846
1925515
1925515
1943180
2066837
2677646
2823699
2701988
2628961
2701988
2775015
2823699
2799357
2750673
2823699
2775015
2799357
2896726
2750673
2726330
2628961
112558
104795
116439
116439
106736
109647
102854
103825
109647
105765
116439
106736
102854
116439
116439
103825
1363478
1279756
1339558
1387399
1363478
1351518
1387399
1387399
1411320
1351518
1399359
1411320
1267796
1339558
1279756
1363478
181558
167710
173865
167710
169249
184635
173865
170787
181558
169249
180019
163094
161556
175403
167710
183096
2082791
2102440
2181036
2141738
2063142
2220334
2122089
2063142
2063142
2338228
2318579
2239983
2161387
2239983
2318579
2318579
2869583
2869583
2975864
2869583
2789873
2869583
2896153
2869583
3055575
2896153
3135285
3161856
2896153
3188426
2843013
3055575
2873098
2767663
2873098
2820380
2978533
2899457
2767663
3031250
2846739
2846739
2820380
2952174
2925815
2846739
3163044
3031250
517262
517262
591157
581304
591157
556673
517262
541894
576378
571451
536967
571451
527115
576378
532041
522188
1403807
1261047
1296737
1380013
1391910
1249150
1380013
1320530
1332427
1380013
1249150
1427600
1403807
1344323
1249150
1284840
4927
5021
5303
5068
5350
5115
4974
5490
5490
5443
5256
5490
5443
5021
5256
5209
1727455
1903400
1919395
1679470
1791435
1807430
1871410
1711460
1807430
1679470
1903400
1919395
1871410
1823425
1807430
1711460
2610668
2731533
2828224
2707360
2876570
2900743
2586496
2538150
2634841
2828224
2634841
2731533
2562323
2876570
2731533
2731533
454022
414882
426624
457936
465764
418796
414882
457936
446194
469678
454022
454022
461850
430538
430538
454022
2303263
2303263
2412942
2434878
2369070
2391006
2325199
2412942
2566493
2456814
2632300
2303263
2500685
2566493
2391006
2456814
2926981
2901078
3056493
3030591
2849273
3108298
3004688
3030591
2952883
3004688
2745663
2952883
3056493
2926981
2797468
2875176
2356341
2572519
2399576
2356341
2421194
2399576
2550901
2464430
2377959
2313105
2507665
2377959
2421194
2421194
2594137
2529283
21335
20566
22104
21143
20182
21143
21527
20758
21911
22680
21719
22104
22680
22296
22680
22680
123395
112848
118121
111793
126559
111793
120231
121285
116012
124449
126559
121285
126559
119176
123395
119176
1287943
1419122
1419122
1252167
1371421
1335644
1311794
1299868
1264092
1335644
1347570
1359495
1383346
1383346
1276017
1431048
283773
294283
315303
275890
286400
289028
281145
302165
281145
275890
291655
294283
299538
278518
291655
296910
552628
497365
534207
524997
543418
520392
529602
543418
492760
538813
543418
548023
548023
501971
534207
552628
2364376
2323611
2445907
2180933
2364376
2282846
2323611
2140168
2180933
2180933
2343994
2384759
2384759
2405142
2221699
2201316
1107340
1135734
1069482
1097876
1031625
1031625
1116805
1069482
993767
1022160
1041089
1069482
1135734
993767
1031625
1060018
2790403
2671155
2528057
2647305
2790403
2551907
2695004
2790403
2504208
2551907
2742704
2838102
2766553
2790403
2814252
2551907
737112
656587
687558
693752
737112
662781
712335
662781
693752
668975
668975
675169
668975
706141
681364
681364
2330526
2287368
2330526
2308947
2503158
2546316
2589474
2567895
2330526
2546316
2308947
2589474
2524737
2265789
2524737
2438421
2093741
2003494
1985445
1949346
2075692
2075692
1931296
1967395
2093741
1949346
2039593
2165940
1913247
2039593
2039593
2039593
472264
493160
493160
476443
463905
455546
472264
501519
488981
476443
451367
484802
472264
451367
438829
501519
498178
554048
558704
502833
530769
526113
530769
512145
535425
544736
554048
554048
488866
549392
507489
516801
2340203
2442843
2463372
2360731
2463372
2175978
2278619
2155450
2237562
2340203
2422315
2442843
2360731
2381259
2155450
2175978
60549
62262
62834
68546
64547
65690
59978
64547
67403
66261
66832
61691
62262
66832
60549
67403
226470
244999
226470
218234
222352
222352
234705
234705
232646
247058
228529
242940
238823
232646
236764
240881
1270016
1248849
1227682
1143014
1248849
1227682
1227682
1206515
1227682
1217099
1111264
1121847
1238265
1238265
1217099
1270016
517413
517413
544886
512834
531150
480782
508255
531150
489940
494519
526571
512834
544886
499097
549465
535728
342119
351894
364927
348635
368185
358410
361669
371443
358410
355152
368185
381218
387735
348635
368185
371443
699883
645582
657649
693850
699883
687816
669716
639548
657649
633515
693850
699883
711950
669716
669716
687816
2833524
2639779
2760870
2857742
2809306
2736652
2833524
2591343
2833524
2639779
2906179
2542906
2663997
2906179
2809306
2639779
2427842
2218546
2469702
2302264
2323194
2490631
2511561
2448772
2260405
2365053
2385983
2511561
2218546
2385983
2197616
2448772
1188788
1125103
1241859
1220630
1252473
1199402
1231244
1199402
1241859
1188788
1125103
1199402
1125103
1210016
1146331
1167559
423287
401580
379873
426905
426905
394344
383491
394344
419669
426905
390726
390726
423287
405198
419669
401580
866212
945681
945681
882105
953628
913893
890052
937734
842371
945681
866212
921840
921840
834424
858265
874159
1909547
1999620
2143737
2089693
1999620
1963591
2089693
1891533
1999620
1927562
2143737
1981606
2143737
2035649
1945576
2107708
1784750
1753978
1630892
1615506
1661664
1646278
1615506
1769364
1769364
1707821
1830907
1707821
1738593
1800136
1661664
1692435
2389143
2345704
2476021
2562899
2519460
2519460
2606338
2302265
2454302
2323985
2345704
2497741
2476021
2345704
2541180
2410863
248541
246398
237828
254969
227115
254969
233543
224973
227115
237828
227115
237828
254969
227115
242113
239971
2796526
2680004
2726613
2749918
2446960
2446960
2516874
2796526
2610091
2773222
2493569
2446960
2540178
2749918
2773222
2470265
2051322
1794906
1897472
2017133
1965850
1948755
2000038
1914567
2000038
1812001
1880378
2051322
1948755
1794906
2034227
2051322
1009291
1054349
1081383
946210
1063360
946210
973245
1045337
1072372
1054349
991268
955222
1036325
1054349
1063360
1027314
1280509
1291841
1257845
1359832
1189853
1189853
1314505
1303173
1337168
1235181
1291841
1291841
1359832
1303173
1257845
1348500
1247320
1388526
1247320
1329690
1400293
1247320
1282621
1412060
1294388
1341457
1259087
1294388
1235552
1294388
1247320
1247320
618514
647967
677420
706873
618514
624404
630295
647967
624404
665638
706873
618514
695091
624404
647967
659748
2885037
2836549
2666841
2885037
2569865
2618353
2860793
2739573
2763817
2569865
2909281
2788061
2909281
2666841
2618353
2666841
1915421
1862214
2128245
2057304
2110510
2128245
2004097
2110510
2004097
1915421
2075039
1986362
2039568
1897685
1950891
2039568
154599
150635
141385
146670
140064
138742
144028
149313
144028
144028
153277
149313
153277
140064
142706
142706
2172689
2080626
2080626
2135863
1970150
1933325
1951737
2154276
1988562
2209514
2135863
2099038
2062213
2006975
2080626
2191101
1459936
1459936
1434765
1346665
1510279
1422179
1472522
1359251
1459936
1472522
1422179
1334079
1434765
1397008
1497693
1384422
1251778
1218545
1185312
1285012
1307167
1218545
1273934
1285012
1240701
1174235
1218545
1262856
1262856
1185312
1329322
1285012
634523
674538
640240
605941
674538
680255
628807
651673
617374
680255
663105
663105
674538
600225
674538
651673
139002
141420
130541
128124
143837
141420
139002
126915
145046
139002
136585
128124
139002
129333
134167
126915
2785939
2760380
2964853
2811498
2964853
2913735
2811498
2837057
2939294
2913735
2964853
2734821
2811498
2811498
2760380
2785939
1674945
1660380
1572991
1674945
1587556
1704074
1689509
1529297
1543862
1747768
1572991
1660380
1558427
1645815
1529297
1674945
1859318
2012840
1961666
1927550
1978724
1859318
2012840
1859318
1995782
1893434
1791086
1893434
1910492
1995782
1927550
1944608
578129
583028
548732
578129
519336
587928
538934
578129
543833
538934
524235
543833
519336
543833
548732
548732
2994774
2994774
3021277
2782755
2915267
3100784
3074281
2809257
2809257
3127286
2968272
3180291
2968272
2862262
3100784
3127286
2599407
2643465
2621436
2423176
2621436
2445205
2555350
2621436
2423176
2313032
2599407
2401147
2599407
2313032
2335061
2423176
1316820
1328684
1388000
1328684
1293094
1257504
1269367
1304957
1364273
1411726
1245641
1269367
1316820
1245641
1352410
1293094
937226
945236
849110
889163
897173
873142
937226
945236
841100
897173
897173
889163
857121
945236
905184
849110
1444609
1322184
1383396
1407881
1309942
1334427
1322184
1334427
1358911
1346669
1297699
1383396
1371154
1322184
1469094
1469094
1191429
1267248
1223923
1234754
1158936
1202260
1169767
1191429
1202260
1180598
1278079
1245585
1234754
1137273
1137273
1169767
264484
248524
273604
262204
266764
257644
239404
262204
243964
264484
264484
269044
269044
259924
250804
262204
1583753
1686403
1642410
1613081
1569088
1657074
1715732
1539759
1671739
1745061
1671739
1539759
1701068
1554424
1627746
1730396
326544
353756
320497
338638
335615
326544
353756
317473
329568
344685
329568
341662
350732
323520
350732
338638
2311995
2532185
2554204
2400071
2378052
2334014
2532185
2400071
2444109
2532185
2444109
2311995
2488146
2422090
2466128
2422090
819303
841249
790042
833933
768097
848564
797357
870509
804673
790042
877825
819303
768097
819303
833933
804673
2249772
2171519
2171519
2191082
2171519
2151956
2288899
2171519
2210646
2151956
2249772
2288899
2112829
2308462
2132393
2328025
902279
960760
885570
935697
885570
969115
985823
935697
960760
927342
885570
969115
952406
918988
969115
960760
600590
544124
569790
549257
554391
544124
544124
580057
544124
538991
610856
590323
544124
580057
590323
580057
2099157
1953128
2007889
2172171
1916621
2099157
1971382
1971382
1916621
2172171
2117410
1953128
2172171
2153917
2062650
2172171
1363425
1398385
1258546
1328465
1386731
1235240
1258546
1258546
1270199
1270199
1235240
1340119
1316812
1281853
1398385
1305159
2794951
3079622
2924347
3079622
2950226
3001984
2820830
3105501
2924347
2872588
2950226
2950226
2872588
2717313
3079622
2820830
3128432
2783774
3154944
2969359
2783774
3022383
3022383
2995871
2942847
3181456
2969359
2836798
2889823
3154944
2969359
2995871
1580927
1595170
1495471
1694868
1609412
1652140
1595170
1580927
1552442
1680625
1580927
1666383
1495471
1495471
1566684
1623655
2529646
2529646
2695137
2647854
2506005
2742420
2624213
2624213
2813345
2553288
2647854
2576930
2553288
2695137
2789704
2553288
410532
400268
362636
366057
410532
400268
359215
410532
393426
376321
403689
372899
366057
376321
369478
376321
2729975
2754569
2951324
2705380
2926730
2680786
2656191
2680786
2779163
2803758
2828352
2729975
2754569
2951324
2705380
2607003
1411840
1376544
1270656
1376544
1305952
1258891
1282422
1317718
1270656
1270656
1282422
1353014
1341248
1317718
1235360
1294187
433408
441148
448887
433408
425669
445017
429538
441148
456626
464366
448887
406320
410190
452757
448887
417929
2056868
2074911
2020783
1894484
2038826
2129039
1984698
1984698
1966655
2147082
1966655
1912527
2020783
2110997
2056868
2038826
1744695
1628382
1657460
1686539
1657460
1555686
1584765
1555686
1657460
1628382
1686539
1613843
1715617
1599304
1628382
1744695
184855
178480
178480
188042
180074
178480
167325
168919
189636
168919
180074
173700
170513
173700
189636
173700
2978451
3030250
2823054
3107949
2978451
3082050
2926652
2848953
2719455
2719455
2823054
2745355
3056150
2848953
2926652
2978451
609176
603429
672393
649405
655152
649405
678140
632164
603429
603429
655152
603429
689634
678140
689634
620670
864205
909690
849044
826301
879366
879366
833882
864205
902109
803559
864205
894528
864205
795978
894528
818721
1519583
1492688
1559926
1425449
1613716
1519583
1546478
1586821
1506135
1492688
1533030
1425449
1613716
1600269
1465792
1546478
495981
533413
495981
561488
533413
561488
510018
542772
491302
491302
533413
556809
514697
495981
552130
519376
2163222
2163222
2222760
2282299
2302145
2262453
2222760
2282299
2282299
2282299
2341837
2222760
2183068
2222760
2341837
2083838
849753
912120
857549
904324
880936
935508
818569
888732
880936
826365
919916
919916
904324
865344
912120
927712
1244947
1117260
1181104
1255588
1213026
1138542
1255588
1191744
1234307
1191744
1138542
1127901
1244947
1181104
1170463
1127901
2323137
2493643
2280511
2514956
2408390
2493643
2323137
2237884
2237884
2323137
2387077
2323137
2451016
2429703
2237884
2280511
544928
554243
530956
535613
521641
516983
530956
554243
507668
512326
498353
535613
558901
521641
512326
549586
788787
823082
775069
733915
802505
761351
720197
802505
733915
740774
788787
747633
720197
809364
823082
781928
2062252
1991748
1868365
2079878
2044626
2009374
2115130
2044626
2009374
2009374
1974122
2044626
2079878
1903617
2115130
2009374
2188676
2324258
2072463
2227414
2091832
2130570
2149939
2053094
2208045
2053094
2053094
2208045
2188676
2033726
2188676
2033726
363196
337930
337930
347405
363196
353721
375829
341088
334772
375829
353721
369512
331614
344247
356879
369512
1985785
2097137
2078578
2060020
2208490
2004343
1948667
2134255
2060020
2022902
2189931
2060020
2115696
2078578
2152813
1985785
753599
773089
766592
773089
682137
734110
779586
727613
766592
766592
773089
779586
727613
734110
682137
727613
215733
206188
221461
210006
229098
200460
210006
202369
229098
219552
213824
204279
202369
221461
211915
219552
306740
331611
323321
317794
301213
331611
320557
326084
328848
315031
301213
301213
301213
326084
295687
328848
1469420
1651348
1651348
1581376
1539392
1497409
1679337
1581376
1623359
1637354
1553387
1581376
1553387
1581376
1679337
1511403
1467220
1429599
1391978
1454680
1354357
1442140
1379438
1442140
1442140
1504842
1429599
1379438
1404519
1492301
1429599
1442140
2383258
2214531
2509802
2214531
2383258
2509802
2214531
2425439
2277804
2341076
2235622
2404348
2488712
2425439
2488712
2488712
881164
805202
858376
805202
797606
911550
903953
797606
835587
812798
820395
888761
843183
873568
881164
911550
1277607
1323236
1231978
1266200
1289014
1266200
1266200
1231978
1220571
1300421
1357457
1243385
1368865
1357457
1266200
1254793
474485
491898
500604
457073
461426
496251
461426
457073
465779
474485
483191
491898
470132
478838
522369
518016
2369976
2328759
2184499
2390584
2287542
2163891
2328759
2452410
2431801
2431801
2225716
2369976
2287542
2411193
2431801
2163891
1406615
1446053
1511783
1577512
1564366
1485491
1472345
1446053
1393469
1472345
1459199
1393469
1393469
1459199
1432907
1551220
2262048
2222363
2321576
2262048
2262048
2321576
2381103
2083465
2222363
2222363
2123150
2242205
2381103
2103308
2262048
2341418
2406424
2362270
2318115
2627197
2649274
2538888
2450579
2472656
2494733
2627197
2406424
2450579
2472656
2406424
2494733
2560965
2359040
2259921
2259921
2121154
2240097
2299568
2378864
2299568
2160801
2319392
2101330
2339216
2319392
2279745
2160801
2140977
527235
504704
540754
518223
473160
500198
495691
486679
491185
522729
518223
504704
531742
536248
482173
513717
2458268
2523532
2327741
2610550
2501777
2567041
2305986
2284231
2588796
2458268
2480023
2284231
2523532
2610550
2610550
2501777
1130998
1014998
1150331
1082664
1159998
1150331
1063331
1121331
1111664
1072998
1092331
1092331
1130998
1121331
1111664
1043998
1428885
1320818
1272788
1428885
1272788
1368848
1392863
1308810
1380855
1272788
1404870
1380855
1356840
1296803
1356840
1296803
672603
685415
736661
698226
691821
704632
768690
749472
711038
755878
768690
672603
755878
762284
704632
679009
219604
238076
217552
240128
221657
231918
221657
236023
236023
238076
233971
221657
217552
217552
229866
219604
1467446
1455114
1393457
1442783
1467446
1393457
1405788
1307136
1418120
1294805
1405788
1393457
1393457
1356462
1418120
1479777
400243
373560
356883
370224
370224
373560
363554
396907
373560
366889
373560
390237
356883
396907
363554
366889
2152613
2213536
2315074
2213536
2193228
2355689
2254151
2335382
2375997
2233843
2193228
2172920
2335382
2132305
2274459
2315074
1542184
1715139
1542184
1571010
1571010
1599836
1527771
1556597
1729552
1643075
1614249
1657488
1729552
1715139
1729552
1686313
68311
69576
67046
71473
66413
68311
74636
71473
68943
73371
70841
67046
75268
74636
72106
70841
469710
456662
487107
456662
517551
500154
491456
474059
474059
513202
474059
521900
474059
465361
469710
517551
1107270
1117068
1136666
1107270
1166063
1175862
1038678
1058275
1166063
1107270
1087672
1136666
1087672
1087672
1058275
1156264
1668037
1668037
1638773
1755829
1638773
1609510
1594878
1550982
1668037
1697301
1594878
1697301
1726565
1682669
1697301
1682669
661804
705508
693021
699265
680534
699265
711752
686778
686778
699265
736725
661804
693021
749212
668048
655561
989646
1043627
1061621
1052624
953659
989646
962656
998643
1016637
962656
1034630
971653
944662
980650
1052624
1070618
2285337
2265804
2129075
2285337
2324403
2129075
2207206
2187673
2285337
2324403
2304870
2050944
2168140
2304870
2129075
2265804
1945474
2037241
2165716
2184070
1982181
2110655
2129009
2165716
2037241
1982181
2110655
2110655
2129009
2073948
2073948
2092302
2793652
2793652
2533227
2556902
2509552
2485877
2793652
2651602
2580577
2533227
2698952
2769977
2841002
2580577
2769977
2698952
2844061
2619530
2869009
2644478
2744270
2744270
2918905
2719322
2844061
2669426
2844061
2968801
2694374
2769218
2794165
2619530
1515220
1399652
1438175
1489538
1463856
1463856
1540902
1361130
1361130
1386811
1399652
1361130
1361130
1348289
1425334
1489538
2933232
2883091
2832950
2858021
2782809
2757739
2858021
2832950
2832950
2682528
2958302
2883091
2883091
2732669
2757739
2682528
1273385
1261809
1296537
1377571
1284961
1365995
1319690
1238656
1354418
1319690
1354418
1284961
1354418
1319690
1273385
1250232
1181174
1043370
1053213
1043370
1033527
1161488
1161488
1063056
1122115
1171331
1072900
1033527
1171331
1043370
1072900
1092586
1928220
1962348
1877029
1842901
1791709
1979412
1825837
1996476
1911156
1808773
1842901
1979412
1979412
1877029
2030604
1808773
267278
257900
248522
264934
260245
269623
248522
274312
264934
248522
276656
279001
257900
276656
248522
279001
341224
338282
332399
338282
317691
332399
344166
308866
350049
338282
320633
341224
350049
335341
311808
352990
1747690
1764178
1747690
1929055
1731203
1879592
1896079
1863104
1731203
1813641
1830129
1929055
1896079
1764178
1879592
1846616
1832156
1848661
1914685
1980709
1865167
1881673
1881673
1947697
1766132
1799144
1931191
1749626
1766132
1815650
1733120
1980709
644984
575111
628859
612735
585860
639609
564361
618110
634234
639609
623484
585860
596610
585860
601985
569736
2351081
2439801
2572881
2461981
2461981
2484161
2461981
2595061
2661601
2484161
2328901
2639421
2528521
2661601
2595061
2617241
1054238
992224
1036520
965647
1027661
1009943
983365
1063098
1027661
983365
1009943
956788
1018802
939069
939069
1054238
2617061
2664215
2711369
2782101
2522752
2711369
2499175
2782101
2617061
2546330
2782101
2640638
2546330
2758524
2617061
2499175
2362817
2341530
2341530
2554396
2426676
2235097
2298957
2533110
2298957
2235097
2469250
2235097
2235097
2320243
2447963
2384103
3012570
2961939
2885992
2734097
2835360
2860676
2708782
2810044
2734097
2961939
2759413
2810044
2734097
2784729
2683466
2734097
1708968
1920555
1953106
1855451
1855451
1757796
1806623
1888003
1904279
1708968
1871727
1953106
1888003
1888003
1806623
1774072
1516915
1409523
1476643
1463219
1597459
1530339
1543763
1422947
1530339
1409523
1476643
1530339
1503491
1543763
1463219
1476643
973781
881440
982176
965387
982176
982176
982176
973781
982176
889835
898229
998965
948597
915019
889835
998965
342416
345646
365028
345646
384410
358567
381180
387640
365028
355337
374719
355337
387640
377949
371489
387640
1890882
1698589
1874858
1682565
1794736
1922931
1778711
1714614
1890882
1922931
1714614
1762687
1906907
1890882
1778711
1746662
1353915
1469965
1353915
1379704
1457070
1482859
1482859
1405492
1521542
1431281
1469965
1405492
1379704
1482859
1353915
1444176
1805079
1903537
1887128
1837898
1936357
1723030
1739439
1739439
1739439
1887128
1788669
1870718
1739439
1821488
1887128
1936357
516670
502831
530509
484378
498218
516670
535123
516670
498218
512057
488991
544349
516670
535123
498218
539736
1115323
1143921
1134388
1134388
1000931
1029529
1067660
1086725
1115323
1048594
1134388
1086725
1143921
1134388
1010464
1086725
2550561
2596517
2527583
2734385
2573539
2527583
2412693
2711407
2481627
2619495
2504605
2757363
2711407
2412693
2435671
2596517
1297627
1319620
1231646
1264636
1264636
1253639
1220649
1319620
1165665
1264636
1286630
1275633
1176661
1253639
1231646
1198655
1906681
1923261
1873521
1973000
1774042
1840362
1973000
1807202
1774042
1956421
1873521
1823782
1956421
1989580
1906681
1856942
1988242
1839124
1938536
1888830
1756281
1938536
1822555
1971674
1938536
1971674
1938536
1772849
1905399
1739712
1938536
1855693
158302
165497
166936
161180
169814
172693
155423
153984
155423
169814
168375
164058
152545
172693
164058
164058
1150555
1204827
1259098
1204827
1226535
1291661
1280807
1248244
1172264
1226535
1237390
1280807
1193973
1193973
1280807
1269953
2042375
2023808
2172344
2023808
2005241
2005241
2209478
1986674
1968107
2153777
2005241
2042375
2153777
2079509
2135210
2060942
1146985
1146985
1095780
1167467
1157226
1126503
1167467
1167467
1126503
1126503
1187949
1177708
1198189
1106021
1095780
1187949
2087747
1976893
2161649
2069271
2161649
1958417
2217076
2032320
2180125
2069271
2032320
2050796
2069271
2087747
1958417
2217076
2129873
2230339
2109780
2310712
2310712
2250432
2310712
2230339
2290619
2129873
2230339
2270525
2330805
2210246
2109780
2250432
35433
36033
33631
32730
34231
34532
35733
32430
32129
32129
32430
31529
31529
35132
34532
31829
307433
319035
313234
310334
310334
304533
330636
348038
345138
333536
316134
327736
342237
330636
345138
327736
1289047
1210583
1210583
1311465
1289047
1210583
1199374
1188165
1221792
1188165
1221792
1322674
1244211
1289047
1277838
1188165
611683
611683
590590
590590
627502
616956
606409
622229
601136
553678
632775
611683
601136
595863
595863
569498
2488039
2420183
2442802
2510657
2488039
2488039
2533276
2374946
2397565
2397565
2555895
2578513
2488039
2374946
2578513
2646369
2650776
2401558
2582807
2469526
2469526
2537495
2650776
2446870
2378902
2560151
2446870
2605464
2673432
2378902
2650776
2446870
2207654
2187400
2268415
2349430
2389937
2268415
2430445
2288669
2126639
2349430
2329176
2369684
2227908
2430445
2308922
2126639
1204710
1314229
1248517
1160902
1281373
1314229
1281373
1303277
1303277
1314229
1248517
1215662
1160902
1160902
1215662
1248517
1619774
1575598
1767026
1560873
1575598
1722850
1767026
1693400
1619774
1708125
1663949
1619774
1693400
1752301
1663949
1722850
1685621
1763659
1748052
1748052
1638799
1857305
1670014
1826090
1638799
1654406
1794875
1716837
1857305
1654406
1841697
1638799
2655977
2582877
2558510
2558510
2729078
2899645
2899645
2899645
2607244
2680344
2655977
2850912
2777811
2558510
2631611
2850912
2248446
2038845
2210337
2172227
2153173
2267500
2153173
2286555
2096009
2248446
2153173
2267500
2038845
2000736
2191282
2134118
719567
765778
752575
732770
726169
765778
693161
785583
752575
765778
772380
693161
745974
778981
745974
778981
1513371
1360762
1487936
1437067
1475219
1487936
1373480
1335328
1360762
1526089
1526089
1386197
1373480
1500654
1475219
1513371
