2763160
2884351
2641969
3272163
2641969
3029781
2981304
3078257
2835875
2811637
2835875
2593492
2763160
2738922
3126734
2860113
271635
297505
349245
271635
305266
331136
279396
333723
341484
336310
281983
344071
289744
333723
333723
313027
2564803
2584841
2284278
2685029
2484653
2324353
2164053
2624916
2705066
2644953
2504691
2544766
2344391
2184090
2664991
2564803
1921868
1586997
1572437
1645235
1921868
1688914
1557878
1601557
1572437
1921868
1965547
1543318
1819951
1616116
1907308
1645235
2116944
2436482
2356598
2156886
2656165
2376569
2536338
2196828
2276713
2636194
2416511
2676136
2516367
2696107
2296684
2416511
2558843
2920943
2534703
2703683
2848523
2703683
2582983
2582983
3017503
3162343
2969223
2776103
3065783
2534703
3089923
2945083
1659438
1470559
1605473
1632455
1591981
1618964
1564998
1659438
1564998
1807843
1511033
1740386
1632455
1780860
1726895
1605473
3446530
2889782
3022341
2969318
3154900
3207924
3181412
3499553
3075365
3473041
3128388
3340483
2889782
3393506
2969318
3366994
1154712
1145761
957784
1154712
1101004
975687
1136810
1065199
1208420
1109956
984638
1101004
957784
993589
966736
957784
1767349
1557886
1479337
1374605
1544794
1518611
1413879
1688800
1649526
1387696
1597160
1557886
1714983
1426971
1426971
1701892
755994
698333
717553
839281
698333
826468
711147
813654
800841
826468
826468
781621
858501
743180
730367
800841
582814
537202
623357
613221
592950
582814
592950
577746
592950
608154
674037
537202
633493
598018
684173
638561
1508016
1266273
1323831
1473482
1554063
1392901
1508016
1531040
1484993
1323831
1289296
1484993
1484993
1300808
1289296
1346854
873766
1040576
1000859
921426
1056462
992916
1032632
889652
834049
881709
857879
1024689
834049
1040576
1072349
953199
3327871
2718185
3200853
3226257
2794396
2667378
2718185
2845203
3429486
2768992
2896010
3226257
3150046
2718185
2845203
3048432
746160
799458
852755
899390
846093
772809
899390
879403
859417
819444
786133
866079
706187
839430
812782
739498
3205154
2887085
3058353
2666884
2862619
2984953
3107287
2593483
2715818
3254088
2691351
3131754
3254088
2887085
2593483
2887085
1770379
1633140
1646864
1688036
1729207
1756655
1784103
1756655
1701759
1756655
1660588
1633140
1784103
1537073
1550797
1811550
2146907
2183607
2128558
2220306
2073509
2477201
2403802
2128558
1981761
2018460
2055159
2458851
2128558
2018460
2018460
2220306
2786512
2652759
2719636
2675052
2630467
3009433
2585883
2897973
2875680
2675052
2786512
2697344
2452131
2808804
2563591
2608175
2681641
2511378
2809338
2490095
2617793
2830621
2511378
2617793
2447530
2873187
2532661
2660358
2724207
2341115
2404964
2298549
2048930
2470205
2489354
2106376
2546801
2278716
2221270
2010632
2144674
2125525
2585098
2010632
2182972
2163823
2336163
2125525
3073373
2833266
2545137
2713212
3001341
2761233
3001341
2569148
2593158
2881287
2665191
3169416
2761233
2881287
3169416
3097384
2603984
2788337
2650072
3018778
3018778
2696160
2972690
2696160
2580940
2419631
2580940
2765293
2465719
2603984
2603984
3087910
66761
65684
60300
56532
66223
64069
64608
65684
57608
67300
61377
72145
60300
58147
71068
67300
1590369
1706737
1396421
1499860
1474000
1396421
1538649
1616228
1409351
1667948
1590369
1616228
1486930
1577439
1629158
1422281
1046869
1166249
1000954
1010137
982588
1147883
1193799
1101968
1037686
1065236
973405
973405
1000954
1046869
1175432
1000954
190837
203351
183016
190837
192401
203351
189273
170502
192401
211172
170502
172066
193965
164245
173630
179887
2728272
3046570
2614594
2864685
2887421
2523651
2500916
3001099
2682800
2887421
2660065
2682800
2887421
2887421
2432709
2932892
2566928
2347532
2588868
2413351
2720505
2830203
2413351
2698565
2808263
2610807
2413351
2523049
2369472
2544988
2391412
2369472
271230
245191
232172
245191
230003
262550
260380
273399
271230
245191
240852
236512
273399
266890
275569
262550
2254972
2348153
2329517
2087247
2012703
2031339
2422698
2068611
2459970
2180428
2254972
1956794
2254972
2180428
1956794
1994066
1435409
1338276
1424616
1446201
1392238
1251935
1446201
1435409
1359861
1370653
1154802
1370653
1144010
1133217
1456994
1403031
1905672
2158638
1770757
2192366
2141773
2276688
2209231
2057451
2124909
2242959
1989994
1871943
2124909
2074316
1770757
2006858
2329375
2458785
2384837
1996607
2052069
1941146
2070556
2292401
1996607
2347862
1941146
2089043
2144504
2218453
2255427
2347862
733727
900483
773749
867132
700376
860462
860462
787089
787089
840451
900483
793759
800430
900483
807100
860462
17044
16753
16753
17190
15296
16753
15296
18938
17772
17481
19666
18938
18210
15296
15733
16170
1103424
1113932
1271564
1345126
1113932
1155968
1187494
1366144
1219020
1376652
1103424
1271564
1355635
1208512
1229529
1376652
2006973
2098199
2390122
2262406
1933992
2079953
2171179
2098199
2463103
2189425
2207670
2371877
2079953
2244160
2317141
2043463
1862423
1925026
2065881
1721568
1971978
1831122
2050231
1737218
1893725
2050231
2065881
1878074
1971978
2050231
1690266
1658965
748442
675423
718018
651084
724103
736272
675423
821461
797121
742357
657169
821461
651084
651084
669339
797121
2860833
3252058
3007543
3031994
2567414
2811930
2567414
3105349
2885285
3080897
2934188
3080897
2567414
3276510
3276510
2983091
3025584
3203560
2796758
3051009
2695058
3101859
3025584
2720483
3254410
2974734
3406960
3076434
2949309
3356110
3000159
2695058
723764
617983
684792
740466
623551
751601
712629
595713
651388
679225
701494
601281
629118
634685
734899
590146
2255857
1912967
2111482
2291951
2291951
2436326
2165623
1949060
2291951
2273904
1894920
2309998
2364138
2346091
2039295
2021248
23504
24887
20739
23307
21134
23504
21134
23899
23702
21332
22517
24492
21529
23307
22912
21924
2411513
2607571
2568359
2156638
2587965
2529148
2333090
2313484
2058609
2509542
2235061
2646783
2254667
2568359
2607571
2156638
839252
832894
693018
667586
718450
699376
680302
693018
737524
794746
756598
724808
712092
750240
775672
731166
2908302
2427402
2587702
2496102
2885402
2610602
3022802
2931202
2587702
2954102
3091502
2954102
2519002
2450302
2793802
2839602
460240
452166
444092
484464
528873
500612
536947
456203
524836
427943
545022
452166
524836
540984
492538
536947
2489251
2329939
2349853
2369767
2548993
2389681
2389681
2568907
2668477
2548993
2568907
2210455
2150713
2509165
2230369
2449423
1645897
1467591
1714476
1810486
1700760
1522454
1440160
1769339
1728192
1453875
1440160
1659613
1837918
1700760
1453875
1549886
1630520
1399326
1387158
1423663
1435831
1399326
1642688
1545343
1387158
1411494
1314150
1435831
1630520
1472335
1642688
1423663
384454
338889
338889
321802
344585
361671
299020
364519
375910
347432
304715
310411
324650
336041
310411
338889
1565818
1264699
1397192
1613997
1397192
1529684
1445371
1361057
1300834
1373102
1505595
1433326
1553774
1481505
1505595
1397192
553924
511315
549190
629675
572862
563393
558659
534987
587065
516049
544456
624940
563393
558659
577596
506580
1313614
1301989
1453113
1464738
1464738
1336864
1511238
1429863
1255490
1546113
1453113
1534488
1406614
1290365
1569362
1255490
2383983
2383983
2439857
2402608
2216359
2439857
2067360
2011485
2272234
2477107
1992861
2328108
2421233
2365358
2160484
2085985
2947849
2681877
2504563
2970013
2992177
2748370
2615385
2925684
2349413
2681877
2548892
2548892
2748370
2881356
2349413
2349413
1135281
1126745
1101137
1101137
1041385
1066993
938954
913346
1143817
1101137
990170
1058457
1135281
973098
1109673
896274
287539
292067
267162
278483
249049
246785
237729
278483
251313
289803
289803
287539
292067
267162
267162
269426
2033547
2236902
1982708
2135224
2203009
2287741
1948816
2050493
2135224
2203009
1881031
2152171
1779354
2253848
2152171
1864085
1807569
1985362
1970546
1763120
1570510
1674223
1911282
1689039
1926098
1985362
1689039
1940914
1926098
1896465
1881649
1940914
1185384
1103633
1124071
1113852
1185384
1144508
1287572
1328447
1083195
1308010
1144508
1195603
1134290
1308010
1348885
1359104
2441405
2291494
2441405
2655564
2634148
2741227
2762643
2270079
2505653
2869722
2591316
2441405
2848306
2612732
2355742
2634148
941777
995085
968431
968431
1128355
1075047
1021739
1199433
1048393
1057278
1083932
950661
1199433
1012854
1155009
1163894
2240760
1971194
1920651
2004890
1853260
2122825
1870108
1819564
1836412
1903803
1920651
2004890
2089129
1937499
2173368
1836412
311936
309479
277549
270180
331585
326673
267724
307023
314392
316848
321760
326673
324217
331585
282461
267724
2238257
2318915
2560888
2722204
2560888
2439902
2702040
2157599
2157599
2137434
2258421
2722204
2480231
2419737
2258421
2238257
454953
512300
477892
412899
485538
412899
447307
500831
493185
481715
447307
405252
443484
493185
428191
504654
1098560
958142
1082040
908583
1015961
1106819
867284
1007701
941622
1082040
867284
1015961
1040741
1073780
991182
1015961
1510894
1548983
1333141
1383928
1637860
1523590
1333141
1345838
1472804
1599770
1383928
1409321
1561680
1561680
1383928
1599770
1579907
1416065
1310738
1439471
1439471
1380956
1404362
1486283
1275629
1345847
1275629
1357550
1299035
1228817
1427768
1568204
31228
31716
30984
30740
28788
26592
28788
25616
26592
31472
32691
28788
26836
29032
32448
28544
2654407
3170542
2629829
2973919
2875608
2629829
3195120
3121386
2924764
2752719
2752719
2654407
3318009
2703563
2703563
3096809
2213751
2054361
1912681
2036651
2089781
2266881
1948101
1877261
1983521
1877261
1877261
2054361
2196041
2231461
2302301
1877261
722711
752575
800357
770493
752575
645064
710765
716738
716738
770493
776466
782439
728684
752575
776466
651037
1463263
1313480
1209784
1382611
1463263
1463263
1451741
1209784
1336524
1221306
1382611
1417176
1417176
1428698
1348045
1336524
1708780
2078246
1816541
1939696
2047457
1893513
1955091
1816541
1955091
1955091
1739569
1693386
1939696
1708780
1970485
1631808
194088
163896
173960
176835
161021
184024
168209
178273
188337
152395
191212
155270
178273
192650
156708
178273
3054758
3031260
2467304
2984263
2725784
3148750
3054758
2678787
3031260
3007761
3078256
2631791
2702286
2678787
2749282
2960765
2374008
2308668
2700706
2744266
2874945
2766046
2940285
2918505
2853165
2678926
2482907
2678926
2744266
2374008
2374008
2374008
2126444
2264750
2040004
2195597
2178309
2057292
1832546
2195597
2178309
1988139
1849834
1901698
2074580
1884410
2161021
2161021
705876
730216
645024
821493
797153
699791
742387
651109
699791
821493
815408
724131
778897
778897
778897
699791
1430465
1430465
1482014
1726868
1391804
1597997
1417578
1701094
1353143
1456240
1636659
1430465
1378917
1469127
1417578
1726868
166590
133777
166590
138825
153970
145135
151446
146397
142611
167852
159018
162804
157756
167852
133777
161542
2808984
2715351
2762167
2902616
2691943
2691943
2972841
2457861
3043066
2902616
2926025
2691943
2738759
2762167
3113290
2551493
502736
484454
594142
502736
548439
539298
580431
502736
507306
585002
575861
562150
589572
502736
479884
543869
993063
821037
844495
946147
852314
985244
828856
993063
860134
1032160
922689
985244
1032160
961786
946147
907050
2025696
1685502
1917452
1948379
1886526
1948379
1716429
1762819
2087549
1979306
1901989
1901989
1762819
1716429
1731892
1670039
596365
731902
731902
683109
623472
693952
612629
634315
656001
628894
639737
683109
639737
710216
628894
639737
2646227
2458883
2458883
2693063
2482301
2833570
2903824
2763316
2529137
2763316
2482301
2669645
2903824
2529137
2763316
2997496
926666
1107079
984070
992271
1090678
877463
992271
1016873
926666
951268
1074277
1016873
910265
918466
992271
1090678
2761128
2850921
2559094
2918266
2738680
2671335
2424405
2806025
2469302
2963162
2940714
2559094
2469302
2581543
2738680
3008058
1844152
1680227
1502642
1516303
1803171
1475322
1707548
1789511
1652907
1475322
1639246
1816831
1734869
1475322
1666567
1803171
3130236
2936113
3227298
2887582
2839051
2984644
2839051
2863317
3057440
3154502
2596397
3008909
3081705
3203032
3033175
2644928
1800776
2053222
1851265
1800776
1884925
2103711
1868095
2204689
2221519
2086881
1817606
1884925
1884925
2086881
1834436
2272008
1397631
1137606
1245950
1213447
1430134
1170109
1300122
1235115
1202612
1278453
1224281
1397631
1159275
1419299
1397631
1159275
2896367
3212777
2896367
2701653
2847688
3237116
2628635
2993724
2750331
2677314
3285794
2579957
3018063
3091080
3042402
2847688
3160287
3043240
3090059
3136878
3090059
2458001
2785735
2458001
2481411
2949602
2949602
2832554
2645278
2949602
2575049
2832554
1027247
964170
946148
1009225
991203
1090323
1099334
1189444
1135378
1162411
1081312
1036258
1216476
946148
1207465
1144389
1144196
1076320
1066623
1241162
1105410
1134499
1279948
1241162
1299341
1241162
1047230
1270251
1076320
1144196
1066623
1241162
2326485
2305526
2661834
2515119
2766631
2724712
2242648
2661834
2473200
2577997
2619916
2577997
2221688
2536078
2305526
2368404
2830410
2488022
2465196
2647803
2488022
2739106
2716280
2624977
3013017
3058669
2579325
2465196
2898888
2761932
2465196
2419544
579813
622238
608096
631666
504390
532674
509104
603383
608096
565671
494962
636380
542101
636380
631666
622238
1372617
1550549
1398036
1664934
1525130
1588677
1703062
1703062
1614096
1588677
1347198
1372617
1690352
1525130
1474292
1461583
3238891
2562107
2537937
2610449
3166378
2803816
2634620
3045524
2779645
2562107
3214720
3069695
2779645
3093866
2755474
3118037
213115
257274
228475
220795
207355
239995
255354
203515
213115
245754
245754
251514
203515
222715
207355
236155
553596
507075
488467
558248
614073
595464
544292
581508
590812
567552
525683
516379
628029
511727
558248
511727
1558944
1519309
1611789
1532521
1387195
1387195
1757114
1783537
1757114
1532521
1770326
1598578
1730692
1770326
1717480
1387195
638464
562795
510771
553336
619547
572253
558065
543877
605359
496583
543877
515501
515501
624276
605359
619547
1887320
1700148
1887320
1840527
2012102
1980906
2074492
1856125
1762538
1934113
1731343
1949711
2058895
1715745
2027699
1715745
2682956
3101399
3322927
2633727
3150627
2781413
2707570
3298313
3027556
2756799
2929099
2658342
2609113
3002942
3273699
2609113
1818058
1918266
1717850
1603327
1517434
1861004
1603327
1832373
1846689
1546065
1846689
1574696
1689219
1818058
1903950
1746481
2208940
2583671
2642839
2090604
2307553
2485057
2583671
2307553
2583671
2583671
2445612
2287830
2110326
2346998
2169494
2445612
2551543
3038656
2435564
2922677
2992264
2992264
3061852
2829893
2922677
2667522
2713914
2760306
3038656
2829893
3131439
2853089
523737
576591
504517
523737
605421
605421
639055
571786
557371
600616
581396
542957
605421
528542
595811
562176
333583
397267
324486
342681
351779
400300
379072
376039
330551
385137
391202
379072
348746
324486
360877
357844
2682446
2615385
2570677
2794215
2816568
2928337
2525970
2950691
2436555
2436555
2727153
2458909
2883629
2637738
2637738
2950691
2464371
2176861
2382225
2402762
2505444
2690272
2567053
2751881
2567053
2567053
2484908
2238470
2731345
2628663
2505444
2546517
2336131
2803357
2380629
2491873
2625366
2580868
2358380
2558620
2402877
2603117
2981348
2870104
2625366
2647615
2514122
2491873
1005449
1112587
939518
1046656
1071380
947759
1054897
873587
1112587
1013690
931277
988966
980725
1013690
1038415
1013690
2446062
2899037
2400765
2989632
2400765
2604603
2740496
2944334
2740496
3012281
2514009
2514009
2921686
2604603
2581955
2853739
377845
352467
324270
341188
324270
349647
363746
335549
307351
355287
377845
352467
366566
341188
301712
349647
454275
474555
433995
474555
478611
494835
482667
466443
478611
539451
458331
490779
458331
446163
486723
478611
1933426
2170864
2119985
2255664
1831667
2136944
1899506
2255664
2170864
2001265
2238704
1916466
1933426
2052145
2170864
1967346
794409
622485
705483
681769
776624
741053
622485
741053
764767
622485
735125
776624
663984
687697
735125
640270
2051365
2129512
2285806
2285806
2285806
2227196
2461638
2305343
2305343
2149049
2070901
2266269
2168585
2070901
2461638
2149049
655008
757165
709091
703082
739137
661017
667026
775193
685054
745147
811248
655008
793221
679045
648999
757165
1962242
2160115
1797347
2061178
2226073
1780858
2110647
1945752
1912773
2209583
2110647
1797347
1731390
1929263
2143625
1962242
1711892
1944013
1639354
1798937
1755414
1552308
1813445
1624846
1900490
1798937
1711892
1856967
1813445
1552308
1639354
1653861
2076470
2305234
1918095
1882901
2340428
1882901
2305234
2234845
1970887
2234845
2146859
2234845
2270040
2023679
2217248
2076470
2426896
2254911
2388677
2025598
2369568
2006489
2159364
2159364
2121145
2159364
2159364
2254911
2503334
2388677
2388677
2560662
2392353
2337981
1939256
2446725
1993627
2356105
2392353
2011751
2356105
2319857
2066123
2066123
2374229
2229238
2120495
2174866
1543121
1928901
1686002
1628850
1614562
1786020
1828884
1843172
1843172
1700291
1843172
1600273
1900325
1700291
1571697
1857460
231390
240290
224271
210031
195792
208251
213591
233170
186892
234950
227831
204691
206471
236730
227831
218931
2915804
3488551
3124076
2733566
3514585
3358382
3332348
3358382
3072008
2993906
2967872
3436484
2889770
3150110
2759600
2733566
1987593
2003753
1939116
1793682
2181505
1761363
2084549
2116868
2084549
1922956
1777523
2149186
1793682
1826000
1809841
1729045
2744392
2572867
2572867
2989427
2989427
2842406
3234462
3111944
3013930
3185455
3185455
2744392
2989427
2646378
2915916
2695385
634567
719554
640233
611904
708222
657230
628901
640233
685559
600572
645898
674227
691225
736551
759214
640233
930925
885142
816467
854620
961448
923295
824098
991970
999600
816467
869881
816467
969078
862251
953817
1022492
1129796
1089803
1179787
1319762
1349757
1329760
1209782
1149793
1259773
1299766
1219780
1119798
1239776
1079805
1069807
1319762
2045564
2113749
1823961
1823961
2216028
2045564
2301259
2011471
2130796
2233074
2028518
2028518
1823961
1841007
1892147
2130796
1510625
1685408
1323358
1410749
1523110
1385780
1598017
1398265
1610501
1410749
1410749
1435718
1385780
1685408
1585532
1310873
1515264
1444787
1421295
1268593
1503518
1409548
1256847
1315578
1256847
1468280
1315578
1585742
1303832
1303832
1233355
1245101
1162374
1151995
1193509
1172752
1162374
1266157
1245400
1245400
1110482
1359562
1183130
1141617
1131239
1141617
1162374
1172752
2876059
2953791
3264716
3083343
3057433
3368358
3316537
3031522
3290627
2720597
2979701
3472000
3031522
2824239
3031522
2850149
20284
22159
22159
21307
21307
21989
20966
21137
21648
19432
18068
20455
19773
20455
20455
20966
1616828
1358136
1526286
1409874
1513351
1720305
1590959
1384005
1655632
1500417
1358136
1461613
1435743
1707371
1409874
1733240
2152310
1926664
2030808
2308526
1944022
2030808
2152310
2100238
1857235
1961379
2204382
2169667
2048166
2013451
1891950
2030808
1559093
1478450
1451569
1639736
1666617
1639736
1572533
1706938
1505331
1612855
1787581
1612855
1666617
1653176
1680057
1720378
1672874
1584828
1433892
1509360
1345846
1635140
1547094
1446470
1584828
1484204
1345846
1446470
1534516
1383580
1572250
1358424
1322441
1196494
1322441
1102034
1259468
1406406
1364424
1133521
1332937
1154512
1395910
1353928
1343432
1248972
1133521
1311946
1947912
2113300
2425701
2094924
2168430
2003041
2094924
2131677
1947912
2388948
2352195
2480831
2205183
2444078
2333819
2113300
1559659
1654595
1478286
1505410
1668157
1532535
1776656
1613908
1451161
1830905
1817342
1505410
1668157
1573222
1641033
1681720
3119795
3220433
3195274
2666921
2968837
2868198
3144955
3220433
3396551
2843039
2918518
2792720
2868198
3396551
3220433
3245593
2193321
2193321
2117689
2306768
1985333
2514756
2552571
2363492
2325676
2193321
2458032
2363492
2325676
2363492
2495848
2155505
941546
1069938
1044260
1010022
984343
992903
1035700
932986
924427
932986
1129855
967224
1035700
1112736
1138414
1027141
3241441
3267372
3085852
3085852
2852468
2722810
2930262
3319235
3422961
3215509
3422961
3293304
3008057
2982125
3319235
3267372
208382
240587
242481
225432
242481
206488
217854
223538
251953
202699
246270
204594
253848
240587
212171
208382
1697576
1498642
1419068
1445592
1551691
1564953
1684314
1472117
1578216
1697576
1604740
1419068
1790413
1432330
1405805
1405805
2562318
2348791
2096442
2038207
2620552
2465260
2329380
2620552
2504083
2348791
2484672
2057619
2445849
2484672
2057619
2465260
1103483
1044891
1181606
1103483
1103483
1279259
1259728
1083952
1093718
1035126
1220667
1074187
1113248
1298790
1220667
1035126
977310
1077547
977310
927191
1085900
1052488
985663
994016
877073
1085900
877073
1119312
935544
902132
927191
1019075
160841
156716
185585
170464
160841
158091
147093
170464
178712
174588
153967
170464
170464
178712
167714
156716
2165156
2641888
2204884
2085701
2681615
2145292
2105564
2681615
2085701
2204884
2641888
2622024
2403522
2482977
2482977
2522705
2760891
2534589
2376177
2421437
2534589
2987194
2376177
2421437
2579849
2421437
2444068
2647740
2489328
2534589
3032454
2602479
114617
113735
116380
119025
107563
114617
96983
93457
95220
110208
115498
104918
119025
110208
101392
115498
1952954
1719766
1938380
1763489
1850934
1588597
1836360
1588597
1530300
1574023
1909231
1909231
1778063
1690617
1734340
1690617
2215273
2286162
2250718
2055774
2144384
2073496
2197551
2020329
2374773
2197551
1949440
2232995
2303884
2215273
1878552
1896274
1329583
1354205
1588113
1341894
1538870
1588113
1341894
1489626
1501937
1575802
1501937
1415760
1551180
1465004
1637357
1317272
2397459
2375664
2615410
2419254
2441050
2441050
2593615
2876951
2920542
2571820
2310279
2898746
2506435
2659000
2833361
2789771
1038224
1183939
965366
1101974
1056438
1156618
1165725
1220368
983580
965366
1211261
1001795
1029116
1020009
1010902
1120189
2967966
2760898
2415786
2760898
3059996
2875936
2714883
2875936
2484808
2875936
2875936
3083003
2714883
2507816
3059996
2898943
1549623
1702045
1549623
1460710
1473412
1486114
1498815
1689343
1536921
1422604
1625834
1600430
1676641
1333692
1486114
1346393
1206472
1188598
1188598
1161787
1134977
956240
1063482
956240
956240
1170724
1143914
1009861
1099230
1126040
1161787
1126040
1633633
1926455
2080571
1988101
1941866
1787750
1895631
1803161
1880220
2080571
1864808
1741515
1895631
1957278
2018924
1972689
2467838
2179923
2632360
2755752
2344446
2776318
2159358
2241619
2529534
2200489
2262185
2447273
2159358
2200489
2714622
2488403
2099589
2201182
2167317
2065724
1981063
2218114
2150385
2065724
2048792
2251978
1794810
2065724
2133453
2184249
2133453
1828674
322521
385820
406919
367734
340606
385820
337592
406919
400891
349649
373763
376777
352663
355677
325535
364720
2893548
2443440
2614910
2486308
2593476
2572042
2872114
2422006
2572042
2764946
2700644
2829247
2400573
2529175
2422006
2336272
1014635
982928
1030489
935367
1070123
856098
998781
848171
871952
1022562
1070123
1014635
879879
1054269
990855
919513
2915208
2363085
2606019
2385170
2782698
2981462
2716443
2385170
2650189
2804783
2429340
2318915
2318915
2473509
2583934
2561849
2521322
2299446
2400299
2319616
2158252
2501151
2259104
2702857
2279275
2622175
2581834
2138081
2380128
2702857
2541493
2581834
2401213
2532529
2532529
2157340
2138580
2513770
2438732
2495010
2495010
2044783
2532529
2401213
2307416
2194859
2251137
2194859
1515547
1348580
1541234
1438485
1438485
1477016
1451329
1733888
1643983
1515547
1721045
1399954
1669670
1425641
1528390
1605452
1757759
1709820
1741779
2141270
1901575
1837657
1789718
1997453
1821677
2013433
2045392
1917555
1741779
1981474
2125290
1997453
1173821
1230164
986009
1183211
1098696
1192602
1079915
1230164
1108087
986009
1183211
1108087
1192602
1201992
1230164
1136258
1191454
1220752
1240284
1318412
1318412
1289114
1025432
1191454
1250050
1171922
1230518
1220752
1201220
1171922
1064496
1093794
2109053
2646265
2228433
2427401
2208537
2586574
2646265
2148846
2208537
2546781
2427401
2666161
2109053
2268227
2626368
2427401
79641
71223
83526
71223
75108
78993
69281
70576
75108
81583
77698
82878
73166
75756
83526
85468
180253
173699
176976
195001
175337
204833
178615
190085
214665
172060
206472
191724
201556
190085
206472
180253
1858581
1523198
1509224
1704864
1718838
1844607
1802684
1718838
1732813
1690890
1523198
1551147
1886530
1662941
1648967
1662941
2995996
2739928
3405705
2816749
3405705
2739928
2791142
3456919
3303278
2995996
2944783
2995996
2995996
3277671
2688715
3047210
9822
8686
10309
10553
8686
9741
10147
8929
10309
9498
10228
9498
9985
10796
8848
9741
3111566
2828696
3182283
2734406
2663689
3064421
2545826
2475109
2875841
2710834
2475109
3087993
2640116
2710834
2828696
2545826
62112
62605
61127
66549
61620
59648
59648
62112
53239
66549
64084
64577
66549
65563
62605
66056
725508
771677
817845
778272
831036
870609
877205
732103
864014
837632
883801
864014
883801
771677
699126
857418
2255561
1771033
2238853
2121898
2238853
2205437
1754325
2038358
2205437
1887988
1771033
1921403
1938111
1871280
2038358
2188729
365538
317202
398769
365538
377622
338349
320223
341370
359496
398769
332307
335328
368559
392727
392727
317202
1509688
1332771
1320977
1486099
1474305
1332771
1379949
1521482
1462510
1238416
1533277
1509688
1427127
1592249
1285593
1462510
2751958
2377692
2818005
2399708
2729943
2553817
2884052
2311645
2421723
2399708
2751958
2663896
2773974
2818005
2443739
2619864
307002
309648
320234
354640
307002
333467
307002
285829
304355
277889
325528
307002
346700
277889
344054
296415
1749760
1734805
1674984
1854447
1749760
1914268
1734805
1704895
1929223
1689939
1674984
1794626
1899312
1959133
1944178
1794626
2250332
2392245
2230059
2371972
2270606
2290879
2128693
2311152
2594978
2148966
2189513
2128693
2655798
2432792
2453065
2128693
2690200
2861395
2616831
2861395
2812482
2910308
3057046
2861395
3057046
3228240
3277153
2812482
2934764
3203784
2983677
2885851
1667064
1667064
1545084
1423103
1436657
1653511
1653511
1721277
1504424
1423103
1653511
1802598
1748384
1789044
1612851
1517977
2155386
2210653
2247497
2358030
2339607
1934321
2173808
2173808
2302763
1989587
2118542
2044854
2376452
2173808
2229075
2063276
2315072
2739856
2612421
2633660
2718617
2846052
2548704
2846052
2421268
2548704
2739856
2378790
2739856
2251355
2484986
2506225
166260
167612
167612
152743
174370
182480
175722
151391
141929
150039
179777
141929
182480
168963
164908
168963
509174
517008
520925
450423
477841
450423
524841
426923
419090
485674
528758
520925
430840
509174
477841
517008
92039
79420
91296
99461
81647
100203
96492
88327
97234
81647
96492
99461
87585
97977
79420
81647
814202
691765
648912
752983
679522
642791
691765
691765
814202
765227
765227
648912
814202
716252
710131
734618
805357
876628
826738
876628
919390
833866
769722
933644
947898
805357
912263
776849
748341
883755
819611
819611
1131229
1038505
1131229
1029233
1084867
1019960
1057050
1233225
1223952
1084867
1223952
1131229
1047777
1131229
1121956
1094139
1685294
2146365
1876082
1717092
1796586
1812486
1748890
1923779
1860183
2035072
1717092
1796586
1732991
1780688
1939678
1748890
380244
342220
391944
345145
321745
307120
327595
353920
391944
365620
348070
362695
389019
345145
336370
330520
449192
547586
462026
513362
479138
568976
560420
466304
457748
521918
539030
539030
500528
491972
560420
500528
2068253
2084286
1843791
1875857
2100319
1939989
1939989
1859824
2068253
1972055
2164450
1907923
1827758
1731560
1795692
1763626
685988
655041
644726
624095
608621
598305
685988
587990
629252
598305
680830
691146
562201
551885
685988
649884
2363663
2423757
2263508
2543943
2163353
2423757
2704191
2443788
2503881
2664129
2303570
2283539
2503881
2463819
2323601
2644098
239486
271276
235247
247963
222531
252202
254322
277634
275515
245844
247963
254322
233128
237367
271276
262799
1543087
1709907
1793318
1848924
1543087
1584792
1751612
1848924
1668202
1682104
1876728
1807219
1640399
1473579
1807219
1584792
1226483
1189033
1207758
1245208
1001784
1189033
1095408
1254570
1057959
1132858
1067321
1254570
1104771
1151583
1207758
1039234
1927315
2248535
2231628
2265441
2147097
1944222
1978034
1893503
2096378
2248535
1994941
2248535
2113285
1978034
1944222
2045659
763756
938329
792851
763756
938329
872864
836495
960150
778304
923781
771030
981972
814673
800125
931055
800125
2879317
2403039
2511284
2511284
2879317
2706125
2554582
2576231
2684476
2836019
2511284
2576231
2576231
2338092
2900966
2511284
836193
836193
785295
930720
894363
785295
799837
879821
981618
850736
945262
974347
930720
865278
930720
908906
2487463
2129268
2427764
2606862
2567062
2348165
2368065
2646661
2328266
2467564
2288466
2586962
2567062
2527263
2149168
2328266
1094124
1167678
1130901
1038958
1075735
1094124
1029763
1232038
1066541
1167678
1158484
1084929
1066541
1213650
1121707
1241233
2734919
2776994
2545578
2503502
2734919
2608692
2398313
2650767
2503502
2629730
2840108
2629730
2566616
2461427
2377275
2272086
2128066
1821624
2247237
1855673
2128066
1872698
1821624
2128066
1855673
2145090
2059968
2008894
1940796
2298311
1787575
2128066
2646264
2172306
2587019
2409285
2350040
2369788
2271047
2389537
2073565
2251299
2290795
2468530
2587019
2350040
2508026
2192054
2741773
3334589
2988779
2865276
3062881
2964079
2766473
2939378
3260487
2914677
3309888
3260487
2815875
3013480
2618269
2865276
477926
485452
425241
474163
410188
470400
466636
395136
496742
492979
496742
406425
421478
421478
459110
470400
927793
927793
1025456
1098702
1017317
1041733
1033594
1001040
911516
1041733
1001040
1090564
960347
903377
1033594
960347
1749625
2025030
1798226
2073630
1749625
1830627
2170832
1863027
2187032
2170832
1846827
2041230
1895428
1830627
1701025
1798226
1992958
1843486
1959742
1976350
1992958
2125822
1777054
2159038
1926526
2026174
1826878
2192254
1743838
2092606
1777054
2092606
821838
750655
847723
757126
711828
841252
763598
795953
750655
795953
860665
783011
808896
867136
757126
724771
1720771
1704984
1973361
1910213
1989148
1673410
1657623
1926000
2099656
2004935
1736557
1910213
1862853
2068082
1768131
2131230
2729976
3015974
2755976
3483970
3119973
3483970
3301972
2937975
3067974
3223972
3509970
2989974
3457970
3093973
2885975
3015974
729884
809619
662415
760551
815752
766685
785085
729884
668549
809619
815752
809619
711483
705350
772818
644015
1355811
1614648
1368137
1553020
1331160
1516043
1343486
1516043
1540695
1343486
1355811
1639299
1589997
1602322
1651625
1651625
659281
809118
659281
695242
671268
719216
731203
803124
707229
683255
641301
731203
701235
629314
677262
653288
2356806
2546871
2470845
2033695
2204754
2489851
2489851
2337799
2223760
2432832
2109721
2109721
1995682
2432832
2375812
2204754
1494076
1546964
1467633
1480855
1679183
1467633
1560186
1784959
1745293
1560186
1626296
1480855
1732071
1494076
1626296
1586630
2034646
2198730
2034646
1870562
1804928
2018238
2051055
2133097
2215139
1854153
2165914
1936195
1919787
2100280
1886970
1936195
2334843
2553053
2509411
2531232
2705800
2378485
2531232
2574874
2313022
2574874
2727621
2465769
2487590
2705800
2858547
2487590
1261060
1357242
1207625
1442738
1314494
1421364
1378616
1314494
1282434
1399990
1132816
1432051
1175564
1421364
1432051
1186251
1211259
1042246
995298
1098584
1136142
1061025
1239428
1126753
1117363
1173701
1014077
1183090
1220649
1239428
995298
1211259
264212
237790
213402
270309
252017
247952
219499
252017
256082
221531
264212
235758
213402
225596
217466
254050
2876388
3364347
3338665
3004798
3441393
3081844
2799342
3184572
3312983
3030480
3184572
2902070
3415711
3056162
3210255
3030480
666810
739655
734051
588362
739655
627586
650000
666810
616379
706034
750862
627586
599569
588362
593965
616379
740216
746234
746234
716144
668000
776324
722162
728180
770306
812432
758270
716144
716144
782342
800396
728180
957373
846907
773263
986830
986830
942644
854271
979466
802720
883729
898458
846907
979466
854271
972102
787991
34381
33500
34969
39671
35850
34381
34969
34381
32324
33793
31149
39083
34087
32618
39671
32618
1561254
1509642
1612866
1690283
1574157
1509642
1509642
1561254
1599963
1496739
1470934
1470934
1406419
1406419
1690283
1367710
287486
240636
281097
255543
227859
285357
261932
270450
272579
285357
229989
264061
276838
242766
259802
240636
3148544
2695344
3172397
2719197
3053134
2862313
2695344
3148544
2671492
3100839
2933871
2528376
2647639
3220102
2719197
3220102
1870574
1978789
2009707
1901492
1916951
1762359
1886033
1638684
1685062
1654144
1886033
1777818
1839655
1839655
1715981
1638684
1729032
1699221
1654504
1907897
1982424
1594883
1669410
1669410
1565072
1565072
1967519
1892992
1639599
1982424
1729032
1833370
1917026
1902612
1801716
1628751
1758475
1801716
1571096
1744061
1816129
1945853
1700820
1888198
1628751
1729647
1657578
1628751
113481
131343
128191
132394
140800
129242
130293
128191
133445
117684
140800
110328
138699
113481
112430
122937
2182115
2121500
2707439
2525596
2323548
2384162
2262934
2384162
2464981
2161910
2283139
2545801
2626620
2222524
2626620
2444777
2075744
1831539
1901312
2162960
2319949
2040857
2005971
2110630
2250176
2145517
2302506
2232733
1971084
2337392
1831539
2110630
2873702
2743079
3526816
3082699
2821453
3317820
3134948
3004325
3474567
3370069
2821453
2899827
3108823
3213322
3291695
3056574
1197286
1217753
1381484
1227986
1156353
1248452
1299618
1156353
1207519
1238219
1074488
1238219
1135887
1258686
1217753
1279152
1568236
1347522
1231356
1545003
1266206
1521770
1289439
1301055
1486920
1289439
1475304
1393988
1231356
1289439
1393988
1556620
2305518
2368396
2452233
2787581
2703744
2682785
2682785
2410314
2263600
2598948
2452233
2347437
2640866
2745663
2263600
2221681
1098465
940353
1056857
873779
1090144
1040213
1081822
1040213
915388
998605
882101
923709
1090144
898744
1048535
1006926
2852055
2852055
3089726
3433029
3221766
2878463
2799239
3300990
3538661
3433029
3168950
2799239
3459437
3512253
3274582
3010502
2928683
2906989
2755131
2277864
2668355
2429722
2494804
2364640
2841907
2690049
2646661
2277864
2798519
2906989
2906989
2863601
2605838
2811562
2948711
2491547
2925853
3017286
2925853
2400114
2697271
2857278
2697271
3063002
2811562
2422972
3017286
2445830
2341441
2383253
2404158
2341441
2613216
2216007
2404158
2278724
2278724
2216007
2780462
2341441
2822273
2466876
2320536
2529593
2004767
2187019
2423946
2351045
2150568
2223469
2423946
2442171
2369270
2442171
2278145
2095893
2223469
2095893
2059443
2387495
1520659
1242065
1497443
1230457
1497443
1334930
1300106
1451011
1300106
1218849
1334930
1346538
1265281
1276889
1543875
1253673
940113
931866
1047319
989593
964853
907127
1080305
997839
1030826
931866
923620
915373
907127
1113292
1022579
997839
477088
548233
535678
439423
544048
506383
502198
510568
560788
502198
531493
489643
514753
464533
531493
481273
2501604
2954275
3144873
2549253
3121048
2549253
2906625
3049574
3192523
2573078
2620728
3049574
2549253
3073399
3192523
2692202
2138012
2034560
2293191
2138012
2086286
2172497
2086286
1879382
2138012
1948350
2034560
2310433
1982834
2069044
1931108
2189739
2342181
2360061
2145510
1895200
2217027
2217027
2199147
2288544
2377940
2413698
1966717
1966717
2145510
1877321
2199147
2270664
2591839
2372530
2551965
2432342
2093409
2352593
2532028
2512090
2372530
2671588
2651651
2312718
2631714
2631714
2651651
2512090
316480
345251
277247
308633
345251
326942
282478
306018
308633
337404
316480
277247
287709
287709
282478
350482
949993
925634
982471
949993
1006830
1039308
1006830
1071787
982471
1079906
860677
1023069
1047428
893156
949993
990591
1988253
2024077
2346496
1934516
2006165
2167374
2418145
2024077
2364409
2077814
2006165
2024077
2382321
1916604
2167374
2256935
661954
535627
576052
586158
560892
530574
667007
682167
631636
560892
661954
636689
682167
646795
581105
621530
2465529
2782203
2397671
2940540
2533388
2420290
2872681
2827442
2850062
2736964
2601247
3008398
3031018
2917920
2623866
2623866
1480793
1492011
1391048
1447138
1278866
1503229
1233994
1301303
1323739
1200339
1177903
1301303
1301303
1480793
1492011
1290084
1600723
1682115
1641419
1532895
1682115
1804204
1695681
1654984
1451503
1437937
1465068
1519330
1478634
1722812
1614288
1519330
282140
277147
312102
297121
294624
287134
289631
309605
314599
337070
299618
269656
329580
287134
314599
289631
1740164
1439233
1687828
1413065
1504653
1596240
1439233
1674744
1530820
1491569
1543904
1713996
1700912
1596240
1570072
1491569
1590427
1757043
1651015
1832778
1711603
1953953
1590427
2044835
2014541
2029688
1908513
1832778
1999394
1605574
1757043
1847925
939203
915526
844494
1033913
876064
954988
931311
1057590
915526
978666
907634
939203
931311
844494
915526
883956
702705
702705
680218
590272
635245
708326
595893
753299
595893
736434
691461
635245
612758
674596
730813
607137
2817447
2301273
2559360
2602374
2795939
2774432
2430316
2473331
2731418
2731418
2580867
2473331
2688403
2903476
2322780
2774432
3521308
3521308
3124168
3494832
2806456
3574260
3494832
3441880
2832932
3335976
3256548
3415404
3177120
3441880
2859408
2859408
2634220
3096364
2865292
2795971
2980828
2911507
2611113
2680435
3119472
2680435
2472470
3119472
2495577
3027043
2611113
3003936
1603112
1702420
1532178
1801728
1688233
1730794
1560552
1716607
1858476
1546365
1674047
1603112
1574739
1674047
1659860
1631486
232124
202880
191913
206535
193741
246746
230296
219330
226641
213846
217502
197397
222985
221157
212018
230296
184123
155051
146745
166126
174433
150898
179970
178586
155051
173048
184123
168895
168895
163358
163358
149514
727811
659042
699157
647580
716350
670503
659042
681965
762196
624657
693426
745004
664772
693426
739273
756465
2451196
2723551
2837032
2564677
2519284
2746247
2950513
2564677
2610069
3063995
2473892
2405803
2564677
2383107
2995906
2451196
2958052
2905698
3193650
2931875
3141295
2879520
3167472
3272182
3429247
2800988
2984230
2879520
3193650
2748633
2958052
3455424
2433423
2230638
2149524
2737601
2595651
2352309
2514537
2372588
2230638
2311752
2717323
2230638
2392866
2555094
2717323
2473980
2213278
2111127
2077076
1872774
2247329
2213278
1906824
1872774
2060051
2213278
2077076
1804673
2111127
1923849
2298404
1940875
1524004
1424882
1338150
1387711
1610736
1573565
1350540
1313369
1499223
1524004
1660297
1623126
1524004
1325759
1325759
1524004
1182861
1259528
1171908
1259528
1456671
1380004
1401909
1434767
1380004
1303337
1270480
1193813
1193813
1193813
1193813
1467624
621031
693115
715294
648755
609941
609941
654300
615486
598851
604396
715294
682025
737474
659845
676480
643210
2390013
2009783
2281376
2263270
2154633
2100314
2281376
2263270
2027889
2064102
2100314
1955465
2299482
2064102
2335694
2045996
516420
492022
512353
528619
431027
532685
504221
524552
447293
483889
447293
483889
479823
451359
504221
479823
271459
246781
224159
273515
232385
220046
271459
252950
226216
269402
252950
263233
220046
217990
255007
232385
136625
139109
144077
141593
131657
146561
142835
149046
165192
136625
134141
132899
144077
167676
132899
134141
2037273
1703033
2005441
1862195
2132770
1957692
1941776
2053189
2100938
2100938
1687117
1862195
2069106
1830362
1862195
1957692
2456711
2134519
2154656
2476848
2356026
2678218
2718492
2537259
2476848
2315752
2154656
2376163
2658081
2698355
2476848
2275478
227680
223540
242168
250448
252518
235959
217331
269076
277355
275286
258727
225610
246308
277355
240099
225610
1183698
1130696
989359
927524
1157197
1104196
1166031
1157197
962859
1104196
1033527
1024694
971692
1183698
1015860
1033527
2137286
2306019
2343516
2530997
2174783
2024798
2343516
2474753
2418508
2062294
2024798
2306019
2399760
2193531
2099790
2362264
2552504
2438213
2419164
2304873
2400116
2038193
2533455
2133436
2209630
2285824
2038193
2304873
2019145
2019145
2495358
2209630
2107516
2609306
2167731
2629378
2288161
2689593
2248018
2709664
2408590
2549091
2288161
2308232
2388519
2609306
2147660
2629378
3027205
3237794
3237794
3053529
2790294
3132500
2842941
3422058
2763970
3448382
3501029
3343088
2816617
3290441
3237794
2763970
2559657
2629465
2955240
2792353
3094858
2629465
2652735
2629465
3025049
2862162
3141397
2513117
2955240
3118127
2745813
2606196
1405439
1657357
1405439
1564545
1538027
1604322
1763428
1458474
1392180
1471733
1604322
1644098
1538027
1484992
1418698
1604322
2044457
2363317
2250778
2494613
2307048
2269535
2288291
2494613
2494613
2419587
2156996
2288291
2325804
2138239
1969431
2194509
1155768
1164869
982858
973757
1219472
1010159
1019260
1119366
991958
1082964
1183070
1055662
964657
1055662
1119366
991958
1506107
1559897
1506107
1546449
1479212
1411975
1654028
1600239
1627134
1600239
1748160
1613686
1533002
1546449
1559897
1492660
1219560
1100579
1308797
1209645
1239391
1259221
1259221
1150155
1041088
1070834
1318712
1041088
1298882
1338542
1060918
1199730
963812
971585
1002675
870540
971585
854994
862767
1033766
886085
886085
909403
847222
893858
1010448
1018221
839449
2309124
2426537
2328693
2406968
2426537
2387399
2446106
2074298
2465675
2446106
2269986
2465675
2269986
2348262
2426537
2269986
913689
971701
957198
761407
877431
899186
841174
884683
971701
783162
826671
949946
833922
775910
797665
819419
1811513
1739627
1754004
1638988
1653365
1523971
1912152
1739627
1825890
1538348
1811513
1523971
1567102
1538348
1854644
1883398
1596179
1464164
1596179
1500168
1404157
1584178
1284144
1476166
1272143
1296145
1620182
1608180
1620182
1512170
1524171
1536172
419735
429496
361167
396958
348152
361167
409973
370928
351406
383943
419735
406720
406720
432750
361167
432750
899049
906128
828258
807020
863653
799941
906128
785783
849495
849495
948603
828258
891970
934445
955682
771625
220743
211622
198851
233514
246284
240811
215270
191554
215270
228041
207973
229865
228041
233514
226216
228041
301469
249724
254224
242975
265472
258723
247474
278971
236225
303718
281221
278971
242975
292470
265472
303718
654557
775133
769391
746424
677524
734941
689007
734941
769391
694749
694749
608623
700491
666040
775133
694749
133598
157101
133598
159575
129887
142257
149679
147205
144731
158338
166997
139783
154627
144731
158338
157101
1842384
2026622
2026622
1995916
1919150
1857737
1842384
1965209
1612086
1873090
1995916
1842384
1780971
1658145
1811677
2026622
897617
774556
839706
817990
941050
832467
897617
861423
861423
933811
861423
846945
825228
948289
962767
760079
1091002
1034080
1185872
1233307
1280742
1119463
1100489
1261768
1043567
1204846
1128950
1024593
1015106
1157411
1157411
1043567
300115
317264
377287
300115
365854
340130
360138
334414
320122
342988
342988
317264
337272
328697
357280
328697
509823
539812
475549
484117
471265
574086
505539
475549
458412
488402
522676
544097
569802
561234
466981
531244
638723
684346
752781
621615
735672
627317
655832
621615
621615
667238
667238
598803
707158
633020
598803
695752
1375498
1183830
1420597
1251478
1420597
1499519
1499519
1364224
1431871
1307851
1330400
1488244
1183830
1488244
1195105
1262752
1068101
911793
1068101
1024682
1146255
1042050
998631
1068101
1024682
1154938
1042050
1137571
1111520
972580
1015998
972580
1115552
1144909
1095981
1174266
1223193
1056839
1135123
1311263
1027482
1174266
1272121
1301478
1301478
1252550
1135123
1252550
2593935
2441351
2724722
2550340
2572138
2833711
2920902
2746520
2441351
2615733
2419553
2310564
2615733
2746520
2441351
2855509
3059295
3279564
2765602
3181666
3206141
2863500
2692179
2790077
2594282
2887974
2936923
3304038
3059295
2643230
3230615
2716653
588547
603260
647401
568928
608165
637592
598356
662115
564024
549310
603260
613070
647401
637592
514978
549310
746042
780904
732097
920351
878517
815766
780904
885489
829710
927323
857600
885489
899434
808793
934296
864572
954718
1025438
1149198
1034278
928198
972398
990078
963558
981238
1060798
998918
1184558
1149198
1007758
1025438
1051958
2344757
2776686
2571006
2262485
2283053
2385893
2365325
2344757
2365325
2200781
2735550
2612142
2406461
2488734
2324189
2283053
940253
1035141
1017889
1112777
1069646
1112777
1009263
1078272
1009263
1000636
1164534
1095524
1052393
1026515
940253
914375
1538395
1825946
1926589
1696548
1710926
1754058
1581528
1653415
1538395
1682171
1552773
1639038
1696548
1552773
1682171
1912211
1448809
1485958
1622171
1597405
1300213
1362128
1560256
1312596
1535490
1523107
1349745
1399277
1585022
1337362
1386894
1535490
2865229
2797546
2391451
2978033
2820107
2684742
2436572
2729864
2842668
2459133
2729864
2662181
2729864
2932911
3023155
2820107
2672282
2776668
2714037
2338247
2400879
2275615
2797546
2797546
2296493
2630528
2734914
2547019
2630528
2609651
2672282
2359124
1735473
1721247
1735473
1778148
1792373
1536320
1778148
1550545
1835049
1536320
1707022
1692797
1920400
1664347
1792373
1891950
906959
885365
964544
813384
885365
899761
856572
856572
899761
762997
928553
921355
942949
784591
820582
942949
314040
319698
299894
342331
345161
302723
350819
359307
353648
297064
325356
376282
305552
339502
339502
311210
2105179
1894661
1878468
2121373
1748918
1732724
1700337
2040404
1765112
1813693
2088986
1732724
1862274
2024211
1991823
1700337
2771987
2751454
2689854
2176523
2648787
2258656
2238123
2361322
2340789
2155990
2710387
2710387
2340789
2689854
2771987
2648787
2928574
3201577
3176759
2903756
3201577
2730027
2779664
2779664
3226395
2605935
3350488
2953393
3176759
3102303
3276032
2705208
2452222
2910582
2612648
2910582
2498058
2727238
2773074
2566812
2704320
2566812
2658484
2841828
3071007
2910582
3025172
2429304
441940
489817
482452
471403
482452
497183
497183
401429
405112
493500
419843
449306
394063
475086
416160
434575
2724565
2701077
2935953
3029904
2630614
2888978
2560151
2560151
2888978
2748052
2935953
3123854
2607126
3053391
2607126
2654102
1259248
1455645
1548067
1524961
1490303
1501856
1397881
1270801
1490303
1478750
1444092
1270801
1559619
1317012
1317012
1386328
2664277
2600334
2323249
2365878
2429821
2706905
2408506
2706905
2792162
2664277
2237993
2259307
2280621
2877419
2642963
2280621
977927
1049049
951256
1102391
1049049
995708
1200183
933476
969037
1093500
951256
1164622
1155732
1129061
1146842
1084610
2045420
1997103
2093737
1771623
1707201
2093737
1964891
1884363
2142054
1964891
1803835
1948786
2093737
1948786
2061525
1868257
3281542
2985463
2985463
2664711
2664711
2960790
3330888
2640037
3084156
2640037
2936116
3207522
2936116
2664711
3182849
3182849
40915
34522
42513
42513
40275
37399
39956
33882
41234
38997
33563
35161
33563
37718
34202
38997
598664
728104
566303
722711
711924
577090
631024
609450
684957
706531
717318
604057
717318
711924
728104
647204
1732992
1765384
1894954
2073112
1975935
1797777
1943542
2186485
2154093
1846365
2040719
2186485
1700599
2137897
1830169
1797777
1345045
1538823
1516025
1356444
1367842
1310849
1504627
1288051
1356444
1219659
1265254
1345045
1310849
1447633
1242457
1265254
2955705
2902925
3114047
2902925
3562681
3166827
2770974
2955705
2797364
3034876
3377949
3087656
2982095
3377949
3140437
3114047
2215352
2002022
2100482
1969202
1805102
1887152
1969202
2067662
1772282
1985612
1772282
2149712
2100482
2198942
2198942
2215352
1920960
1936206
1844732
2042926
1905715
1707520
1753257
1997189
1692274
2042926
1753257
1844732
1600800
1661783
1661783
1829486
848337
834977
714740
855016
774859
788218
901775
801578
714740
721420
721420
741460
714740
881736
888416
734780
2132922
2254307
2080899
2063558
1838127
1838127
1890150
2341012
1872809
2011536
2028877
2063558
2080899
2219626
2046217
1994195
2019984
1742429
1680750
1819528
1912046
1989145
2050824
1989145
2050824
1696170
1819528
1665330
1696170
1665330
1896626
1680750
1912539
1865892
1725950
2052481
2083579
1928088
1881441
2099128
1741499
2021383
2099128
1772597
1912539
1819244
1881441
2052481
591507
482306
536907
500506
536907
614258
596057
514156
482306
536907
596057
505056
536907
518706
482306
509606
2832539
2881801
3275893
2881801
3300524
2660124
3325155
3300524
2684755
3177370
2980324
2955693
3078847
2955693
3128109
3226632
254491
283011
236940
276430
250103
293981
236940
250103
232552
265460
278624
269848
267654
278624
276430
239134
2034580
1979092
2423000
2034580
2404504
2496985
2367512
2423000
1960596
2423000
2071573
2238038
2330519
2090069
2053077
2367512
1266879
1470484
1515730
1391304
1300813
1255567
1425238
1527041
1232944
1199010
1346058
1278190
1459173
1493107
1470484
1199010
1673308
1699869
1527226
1752990
1633468
1580347
1527226
1633468
1553786
1500665
1420984
1553786
1567067
1620188
1487385
1567067
2872049
2987858
2686756
2756241
2686756
2848887
2918372
2756241
2617270
2964696
2501462
2987858
2964696
2686756
2872049
2524624
160362
129523
150494
152961
133224
156662
159129
130757
150494
152961
155428
134458
144326
157895
152961
154195
2838685
2518533
2326441
2667937
2518533
2411815
2860029
2262411
2689281
2817342
2390472
2305098
2262411
2625250
2689281
2838685
1026418
929917
1166783
1035191
1000100
1175556
1043964
1087828
982554
1079055
938690
965009
1035191
1087828
1131692
956236
470585
466631
474540
518039
446858
454767
427086
419177
446858
442904
510130
423131
521994
490358
486403
431040
873053
1101516
946488
1068878
913850
913850
979125
1077038
954647
954647
897531
889372
864894
856734
1028081
1019922
409874
384706
413469
427851
449423
402683
453019
478186
406279
453019
377515
485377
391897
467400
438637
427851
1790544
1884783
2026142
1916196
1837664
1664892
1790544
1790544
1821957
2073261
1806250
1931903
1774837
1994729
1869077
1790544
1209301
1350386
1058138
1108526
1068216
1108526
1158913
1239533
1128681
1179068
1088371
1239533
1068216
1189146
1249611
1320153
1517618
1557555
1597492
1464368
1624117
1730617
1757242
1703992
1664055
1783866
1703992
1397806
1743929
1464368
1743929
1570867
548231
563460
558384
644679
593917
568536
553307
654832
548231
538079
538079
533003
614222
568536
629451
538079
1918537
1803753
2115311
1869344
2115311
2033322
1770958
1770958
2164504
1787355
1836549
2131708
1902140
1836549
1869344
1967731
1519853
1613178
1706502
1506521
1519853
1706502
1759830
1746498
1493189
1613178
1506521
1519853
1426529
1626510
1479857
1493189
3006486
3030929
3153144
2664284
2933157
2908714
2713170
3226473
3055372
2908714
2933157
2566512
3104258
2908714
2835385
2933157
283689
304511
296703
330537
273279
346153
333140
320127
320127
325332
348756
278484
322729
314921
299305
273279
566439
600621
590855
512725
566439
561556
654335
639686
590855
527374
512725
581088
629919
522491
517608
585972
2058487
2169756
1965762
2021397
2021397
2151211
2095577
2485020
2002852
1947217
2503565
2466475
2058487
2169756
2392295
1947217
1818570
1520211
1761739
1719117
1676494
1861192
1562833
1832777
1861192
1633871
1761739
1577041
1633871
1775947
1818570
1918023
618940
681354
592934
592934
577330
598135
561727
572129
681354
613739
613739
691756
639745
561727
670952
592934
3118204
3329607
3144629
3356033
3012502
3012502
3091778
2801098
3356033
3303182
3461735
3541011
3038927
3461735
2827524
3408884
2627394
2398019
2481428
2669099
2669099
2418871
2731656
2356314
2481428
2377166
2377166
2272905
2731656
2689951
2210348
2377166
2898972
2946889
2922930
2563554
2707304
3114598
3018764
2994806
2779180
2994806
3114598
2994806
2515637
2946889
3066681
3162515
621718
606429
616622
535085
682870
535085
611526
545277
580949
565661
540181
596237
621718
682870
657390
626814
2640642
2435941
2742993
2558762
2395001
2149360
2702053
2497352
2251711
2374531
2210770
2497352
2313121
2395001
2517822
2190300
1510010
1404966
1641316
1667577
1746360
1391836
1510010
1575663
1523141
1510010
1746360
1759491
1378705
1391836
1641316
1746360
1180019
1233173
1403266
1392636
1116235
1392636
1190650
1180019
1296958
1158758
1286328
1413897
1339482
1413897
1392636
1424528
3073520
2944380
2789413
3099348
3435110
3099348
2763585
3125175
3305971
3280143
3254315
2737757
3099348
2763585
3357627
3486766
1091886
1091886
976484
1047501
1118518
1127395
958730
1127395
1127395
985361
967607
1047501
1145149
1083009
994238
1038624
286601
327182
294210
291674
319573
296747
299283
304356
334791
266311
299283
276456
301819
332255
332255
289138
1898762
2111707
2200434
2218180
2076216
1881016
2218180
1934252
2395634
2200434
2093961
2324652
2395634
1951998
1951998
2360143
867608
939245
955165
1010883
915366
1010883
1002923
835769
907406
899447
955165
994963
1066601
1034762
875568
947205
57839
53835
55615
46716
53390
52945
58284
53390
50720
57394
50720
46716
50275
50720
49831
49386
220377
248392
214775
207304
209172
248392
231583
216642
212907
212907
233451
225980
214775
214775
248392
197966
2911466
3006924
2911466
3054653
3102382
2959195
3078517
2816008
2601228
2601228
2529634
2696686
3102382
2983060
2672821
3030788
1394722
1438999
1284030
1295099
1173338
1206546
1361515
1450069
1427930
1427930
1472207
1383653
1461138
1461138
1217615
1195476
564392
457499
474602
448948
466051
487429
474602
478878
551565
495981
487429
457499
525911
564392
560116
568668
371297
451577
444887
351227
408092
411437
428162
381332
441542
364607
374642
424817
367952
381332
351227
374642
1546462
1546462
1337167
1290656
1441814
1406932
1441814
1534835
1488325
1279029
1337167
1523207
1430187
1476697
1325539
1453442
1649379
1493532
1662366
1623405
1519507
1467558
1688341
1623405
1480545
1701328
1701328
1519507
1740290
1610417
1545481
1441583
1418118
1569229
1441366
1406494
1418118
1290255
1371622
1336750
1452990
1476237
1569229
1476237
1243759
1487861
1499485
1394870
1484761
1672028
1498137
1444632
1765662
1511513
1738909
1417880
1698781
1471385
1484761
1417880
1752286
1458009
1725533
1618523
225233
212203
249431
236401
199173
212203
202895
238263
204757
238263
202895
228955
249431
223371
219648
247570
1164628
1044468
1090683
1229329
1007495
1173871
970523
1007495
1062954
1136898
1238572
1025981
1155385
979766
1044468
979766
1757551
1785013
1743820
1551588
1510395
1853667
1853667
1510395
1510395
1647704
1441741
1716358
1785013
1661435
1551588
1839936
905542
1129771
1034905
1043529
948663
1086650
922790
957287
914166
1000408
922790
1086650
1078026
1129771
991784
965911
3025708
3000282
3127412
3076560
2669742
3356247
3076560
3203691
3076560
3051134
3127412
2796873
3407100
3101986
3051134
2949429
2314060
2369157
2295695
2112039
2001846
2240598
2479350
2460985
2277329
2479350
2240598
2020211
2479350
1946749
2277329
2130404
185574
185574
222338
229341
225840
189075
199579
189075
210084
185574
225840
236344
204831
229341
236344
232843
2523268
2685313
3032551
3125148
2569566
2639014
3055701
2708462
2870507
3101999
3078850
2754760
2939954
2662163
2546417
2754760
1852679
1866930
1838428
1496394
1695914
1638908
1909684
1581903
1752919
1553400
1653160
1923936
1667411
1610405
1795673
1710165
2372102
2720301
2698538
2785588
2807350
2916162
2285053
2459152
2720301
2393865
2807350
2524439
2546201
2698538
2807350
2480914
252042
273770
234660
291152
267251
247696
265079
243351
291152
271597
265079
288979
243351
232487
243351
254215
2828129
3476782
3113536
3087590
3450836
2957859
2802183
3347052
3165429
3217321
2854075
3295159
2828129
2931913
3347052
3424890
3188075
2677983
3060552
2703487
2754496
3086056
2856515
3290093
3137065
3443121
3111561
3137065
3290093
2780001
2882019
3137065
1492365
1390323
1530631
1696449
1607162
1415833
1721960
1492365
1683694
1454099
1568896
1683694
1683694
1403078
1403078
1415833
272279
291555
313241
289146
284326
281917
260231
269869
284326
318060
293965
265050
255412
267460
281917
253002
250475
224786
235490
237631
252616
278306
248335
286869
226926
231208
250475
233349
284729
254757
286869
224786
1622878
1445376
1686272
1356625
1711629
1584842
1432697
1584842
1356625
1356625
1686272
1635557
1445376
1407340
1546806
1610199
2034746
2068379
1950666
1782505
2219723
1816137
1917034
1765689
2017930
1866585
1933850
2186091
2001114
1950666
1799321
2118827
1751490
2035515
2130190
2082853
2114411
2003957
1893502
1735710
2067073
2067073
2082853
2003957
1925061
1735710
1909281
1751490
641646
714285
653753
817191
768765
744552
635593
799031
762712
684019
726392
690072
774818
665859
659806
690072
387567
381053
429906
387567
354998
377796
348485
436420
416879
384310
433163
345228
371283
384310
394081
348485
891251
921463
830827
929016
929016
883698
830827
830827
989440
793062
906357
853486
800615
868592
921463
883698
2151610
2151610
2302601
2094989
2453591
2529086
2415843
2340348
2302601
2415843
2038368
2396970
2113863
2510212
2547960
2302601
163163
155879
186472
187929
166077
190843
163163
173361
193757
185016
186472
164620
171904
168991
171904
171904
132603
118238
144758
143653
123763
129288
131498
148074
139233
140338
135918
128183
140338
119343
122658
148074
2297417
2715129
2443616
2192989
2589815
2798671
2798671
2380959
2527158
2276531
2715129
2548044
2339188
2255645
2443616
2756900
2336826
2177497
2319123
2212903
2142090
2372232
2106684
2389936
2142090
2071277
2248310
2283716
2354529
2336826
1982761
2106684
487147
499325
450611
426253
539921
511504
474968
483087
442492
434372
450611
535861
474968
515564
503385
426253
963797
791957
978740
829314
993682
814371
986211
926441
904027
948855
941383
799429
986211
784486
799429
993682
2798067
2631018
2296921
2317802
2526613
2463969
2359564
2693661
2651899
2756305
2255158
2505732
2276039
2547494
2401326
2213396
2253243
2473071
2454752
2289881
2070052
1941819
2289881
2418114
2106690
2253243
2399795
2344838
2216605
2308200
2271562
2216605
2648926
3090414
2486273
2509509
2718635
2579218
3067178
2509509
2741871
2579218
2648926
2811580
2927761
2463037
2486273
2672163
737424
665480
695457
647494
731429
653489
755410
683466
665480
755410
677471
659485
725433
785386
713443
713443
203989
228608
216299
184645
193438
211023
235643
200472
184645
228608
221574
205748
228608
202230
218057
232125
529680
487641
466622
479234
529680
563310
550699
508661
445603
487641
546495
462419
542291
538087
454011
475030
1071213
1225540
962276
1053057
1116603
989510
1143838
962276
1007666
1025823
1189228
1016744
1143838
1171072
1043979
1198306
2705198
2663580
2580343
2580343
2455487
2184968
2809244
2517915
2226586
2330632
2413869
2330632
2268204
2289014
2372251
2205777
2659135
2384780
2384780
2448093
2574718
2384780
2469197
2785761
2616927
2638031
2806865
2490301
2827969
2659135
2363676
2321467
1392673
1309350
1606930
1345060
1285544
1392673
1452189
1535511
1321254
1511705
1356963
1321254
1273641
1571221
1368866
1535511
2318090
2163551
2047646
2105598
2453312
2086281
2221503
2337407
2530582
2549899
2066963
2221503
2066963
2511264
2414677
2202185
804484
816860
823049
724035
699282
742600
730224
711659
835425
742600
798295
779730
810672
662152
816860
810672
906800
821788
743859
878463
821788
913885
906800
857209
942222
850125
843041
850125
821788
758028
864294
772197
2274748
2859683
2794690
2534719
2838019
2404733
2664705
2513055
2773026
2534719
2643040
2708033
2621376
2513055
2361405
2903012
1090055
1313906
1109520
1245777
1128986
1304173
1099788
1060857
1060857
1109520
1197114
1041392
1255510
1021927
1313906
1128986
2448241
2731509
2569641
2610108
2306607
2306607
2448241
2670808
2508941
2428008
2650575
2286374
2569641
2488708
2549408
2448241
358843
352709
325106
328173
392581
361910
364977
404849
389514
383380
401782
364977
340441
340441
340441
414050
707513
756307
786803
817299
805101
811200
817299
646520
762406
689215
774604
695314
689215
719711
799001
664818
498909
520229
524494
550079
486116
447738
460531
571400
520229
469059
511701
571400
533022
494644
473323
473323
538525
439864
489194
505638
448085
489194
485083
542636
497416
546747
509749
468640
485083
480972
431642
509749
3042482
2574408
3159500
2668022
2597811
2551004
2925463
2668022
2504196
2808445
2691426
2948867
2738234
2621215
2785041
2668022
673928
628324
618189
684062
663794
613122
577652
678995
597921
552317
582719
562451
628324
673928
653659
597921
1459646
1325845
1605611
1350172
1544792
1386664
1362336
1386664
1423155
1410991
1532628
1374500
1362336
1313681
1289354
1508301
505381
529639
485166
464950
481122
460907
440692
545811
525596
509424
513467
517510
529639
517510
509424
456864
431147
382153
375621
418082
362555
365822
437680
414816
362555
359289
418082
418082
411550
391952
440946
352757
377506
330684
333610
333610
359948
324831
316052
380433
339463
339463
327757
354095
389212
313125
362874
348242
2067912
1862699
1736414
2020555
1673272
1941627
1831128
2020555
1973198
2083697
2036341
1846914
1862699
1846914
1894270
1894270
2940611
2764677
3116545
2739543
3016011
3066278
3091411
2689277
3367879
2789810
3267345
2664143
2814944
2664143
3367879
3367879
1025148
878698
1040563
1032855
870990
955777
1032855
940361
1009732
840158
886406
878698
932653
955777
840158
1032855
2102550
2120218
2349909
2031876
1996539
2385246
1925865
2296903
2067213
2084881
2385246
2261566
1890528
2367577
1908196
2349909
741540
759057
648117
683151
618923
729862
677312
724023
718184
741540
642279
618923
753218
677312
665634
782412
963394
1014099
1039452
921140
921140
963394
1090157
1039452
1031001
1047902
980296
988747
963394
1140862
1107058
1132411
33268
35019
30933
38521
31225
38521
34727
30933
37646
35603
30642
34435
36770
38813
32684
38521
1979032
2049711
2314760
2120391
2208741
2138061
2350100
2297090
2261751
2102721
1908352
1908352
2279420
2314760
2332430
2173401
1041601
1023165
977077
1087689
1106125
1142996
986294
1041601
1032383
1198302
1124560
1133778
1115342
1244390
967859
1133778
2854468
3389681
3389681
3032873
3109332
3364195
3313222
3007386
2879955
3007386
3160304
3083845
2803496
2752523
3109332
2803496
1791641
2252349
2149969
2184096
1962273
1945210
2252349
2081716
1894020
2064653
1928147
2218222
2286475
2064653
1962273
2064653
910550
773245
773245
838284
758791
896097
888870
925003
773245
773245
838284
867190
831057
961136
903323
766018
1122325
1122325
1080757
914487
939427
931114
931114
972681
1105698
1122325
956054
1114011
1097384
1064130
947741
997622
772061
700089
863661
732803
883290
876747
765518
811318
844032
758975
745889
726260
883290
772061
811318
857118
2507775
2705757
2529773
2485777
2441781
2837745
2771751
2815747
2903739
2881741
2551771
2815747
2859743
2881741
2727755
2837745
2475229
2513019
2172911
2550808
2154016
2342965
2078436
2078436
2040647
2475229
2191806
2040647
2267385
2531913
2380754
2059541
1939826
2177729
2342432
2177729
1921526
2196030
2104528
2067928
2159429
2433933
2397332
2141129
2141129
2287531
2250930
2433933
2241967
2765792
2661027
2283873
2702933
2765792
2577215
2661027
2723886
2744839
2598168
2702933
2304826
2765792
2807697
2262920
611493
773020
738407
623031
617262
674950
703794
715332
703794
732638
657644
773020
773020
726870
698026
686488
2144923
1999505
2308519
2144923
2326696
1926795
2090391
2235810
1981327
2199455
2090391
2326696
2381228
2308519
2035859
2290342
3217282
2879987
2931878
3502687
3424849
3191337
3295120
2983770
3295120
3321066
2828095
3035662
3217282
2931878
2776203
2957824
2965446
3189724
2965446
3090045
2666410
2766088
3164804
3040205
2791008
3090045
3189724
2691329
2616570
2666410
2890687
2840848
783647
833800
789916
739763
689609
695878
658263
689609
752301
708417
821262
746032
746032
808724
840070
695878
1475105
1789247
1748272
1529738
1543396
1748272
1693639
1529738
1447788
1529738
1502421
1557055
1447788
1557055
1502421
1802906
2544934
2108117
2468966
2070133
2032149
2317030
2165093
2089125
2411990
2108117
2525942
2203077
2127109
2260053
2468966
2392998
97015
96286
81697
78050
86073
81697
84615
82426
82426
83156
92638
96286
96286
88991
93368
87532
572938
633781
532376
547587
588149
608430
567868
648992
608430
578008
638851
557727
618570
608430
664202
613500
1268629
1244916
1493900
1565038
1470187
1351623
1280485
1304198
1268629
1316054
1268629
1363480
1493900
1482043
1410905
1327911
