512 16 1
2976
2976
2976
2976
2976
2976
2976
2976
2976
2976
2976
2976
2976
2976
2976
2976
2179138
2179138
2179138
2179138
2179138
2179138
2179138
2179138
2179138
2179138
2179138
2179138
2179138
2179138
2179138
2179138
302830
302830
302830
302830
302830
302830
302830
302830
302830
302830
302830
302830
302830
302830
302830
302830
93048
93048
93048
93048
93048
93048
93048
93048
93048
93048
93048
93048
93048
93048
93048
93048
996209
996209
996209
996209
996209
996209
996209
996209
996209
996209
996209
996209
996209
996209
996209
996209
1039437
1039437
1039437
1039437
1039437
1039437
1039437
1039437
1039437
1039437
1039437
1039437
1039437
1039437
1039437
1039437
1898818
1898818
1898818
1898818
1898818
1898818
1898818
1898818
1898818
1898818
1898818
1898818
1898818
1898818
1898818
1898818
1566827
1566827
1566827
1566827
1566827
1566827
1566827
1566827
1566827
1566827
1566827
1566827
1566827
1566827
1566827
1566827
2334110
2334110
2334110
2334110
2334110
2334110
2334110
2334110
2334110
2334110
2334110
2334110
2334110
2334110
2334110
2334110
537450
537450
537450
537450
537450
537450
537450
537450
537450
537450
537450
537450
537450
537450
537450
537450
2494
2494
2494
2494
2494
2494
2494
2494
2494
2494
2494
2494
2494
2494
2494
2494
35749
35749
35749
35749
35749
35749
35749
35749
35749
35749
35749
35749
35749
35749
35749
35749
5290
5290
5290
5290
5290
5290
5290
5290
5290
5290
5290
5290
5290
5290
5290
5290
2632541
2632541
2632541
2632541
2632541
2632541
2632541
2632541
2632541
2632541
2632541
2632541
2632541
2632541
2632541
2632541
2612261
2612261
2612261
2612261
2612261
2612261
2612261
2612261
2612261
2612261
2612261
2612261
2612261
2612261
2612261
2612261
469169
469169
469169
469169
469169
469169
469169
469169
469169
469169
469169
469169
469169
469169
469169
469169
2335578
2335578
2335578
2335578
2335578
2335578
2335578
2335578
2335578
2335578
2335578
2335578
2335578
2335578
2335578
2335578
18699
18699
18699
18699
18699
18699
18699
18699
18699
18699
18699
18699
18699
18699
18699
18699
1746137
1746137
1746137
1746137
1746137
1746137
1746137
1746137
1746137
1746137
1746137
1746137
1746137
1746137
1746137
1746137
855135
855135
855135
855135
855135
855135
855135
855135
855135
855135
855135
855135
855135
855135
855135
855135
98397
98397
98397
98397
98397
98397
98397
98397
98397
98397
98397
98397
98397
98397
98397
98397
2600935
2600935
2600935
2600935
2600935
2600935
2600935
2600935
2600935
2600935
2600935
2600935
2600935
2600935
2600935
2600935
2054522
2054522
2054522
2054522
2054522
2054522
2054522
2054522
2054522
2054522
2054522
2054522
2054522
2054522
2054522
2054522
2408007
2408007
2408007
2408007
2408007
2408007
2408007
2408007
2408007
2408007
2408007
2408007
2408007
2408007
2408007
2408007
2431829
2431829
2431829
2431829
2431829
2431829
2431829
2431829
2431829
2431829
2431829
2431829
2431829
2431829
2431829
2431829
2401827
2401827
2401827
2401827
2401827
2401827
2401827
2401827
2401827
2401827
2401827
2401827
2401827
2401827
2401827
2401827
249577
249577
249577
249577
249577
249577
249577
249577
249577
249577
249577
249577
249577
249577
249577
249577
345073
345073
345073
345073
345073
345073
345073
345073
345073
345073
345073
345073
345073
345073
345073
345073
1963847
1963847
1963847
1963847
1963847
1963847
1963847
1963847
1963847
1963847
1963847
1963847
1963847
1963847
1963847
1963847
1313133
1313133
1313133
1313133
1313133
1313133
1313133
1313133
1313133
1313133
1313133
1313133
1313133
1313133
1313133
1313133
1768206
1768206
1768206
1768206
1768206
1768206
1768206
1768206
1768206
1768206
1768206
1768206
1768206
1768206
1768206
1768206
1572089
1572089
1572089
1572089
1572089
1572089
1572089
1572089
1572089
1572089
1572089
1572089
1572089
1572089
1572089
1572089
236170
236170
236170
236170
236170
236170
236170
236170
236170
236170
236170
236170
236170
236170
236170
236170
760133
760133
760133
760133
760133
760133
760133
760133
760133
760133
760133
760133
760133
760133
760133
760133
2145139
2145139
2145139
2145139
2145139
2145139
2145139
2145139
2145139
2145139
2145139
2145139
2145139
2145139
2145139
2145139
1832908
1832908
1832908
1832908
1832908
1832908
1832908
1832908
1832908
1832908
1832908
1832908
1832908
1832908
1832908
1832908
2361901
2361901
2361901
2361901
2361901
2361901
2361901
2361901
2361901
2361901
2361901
2361901
2361901
2361901
2361901
2361901
743092
743092
743092
743092
743092
743092
743092
743092
743092
743092
743092
743092
743092
743092
743092
743092
220925
220925
220925
220925
220925
220925
220925
220925
220925
220925
220925
220925
220925
220925
220925
220925
30418
30418
30418
30418
30418
30418
30418
30418
30418
30418
30418
30418
30418
30418
30418
30418
2333905
2333905
2333905
2333905
2333905
2333905
2333905
2333905
2333905
2333905
2333905
2333905
2333905
2333905
2333905
2333905
1592308
1592308
1592308
1592308
1592308
1592308
1592308
1592308
1592308
1592308
1592308
1592308
1592308
1592308
1592308
1592308
1122198
1122198
1122198
1122198
1122198
1122198
1122198
1122198
1122198
1122198
1122198
1122198
1122198
1122198
1122198
1122198
1460929
1460929
1460929
1460929
1460929
1460929
1460929
1460929
1460929
1460929
1460929
1460929
1460929
1460929
1460929
1460929
901580
901580
901580
901580
901580
901580
901580
901580
901580
901580
901580
901580
901580
901580
901580
901580
2518834
2518834
2518834
2518834
2518834
2518834
2518834
2518834
2518834
2518834
2518834
2518834
2518834
2518834
2518834
2518834
1292743
1292743
1292743
1292743
1292743
1292743
1292743
1292743
1292743
1292743
1292743
1292743
1292743
1292743
1292743
1292743
1340846
1340846
1340846
1340846
1340846
1340846
1340846
1340846
1340846
1340846
1340846
1340846
1340846
1340846
1340846
1340846
1665979
1665979
1665979
1665979
1665979
1665979
1665979
1665979
1665979
1665979
1665979
1665979
1665979
1665979
1665979
1665979
976943
976943
976943
976943
976943
976943
976943
976943
976943
976943
976943
976943
976943
976943
976943
976943
2607728
2607728
2607728
2607728
2607728
2607728
2607728
2607728
2607728
2607728
2607728
2607728
2607728
2607728
2607728
2607728
2258849
2258849
2258849
2258849
2258849
2258849
2258849
2258849
2258849
2258849
2258849
2258849
2258849
2258849
2258849
2258849
1280271
1280271
1280271
1280271
1280271
1280271
1280271
1280271
1280271
1280271
1280271
1280271
1280271
1280271
1280271
1280271
662458
662458
662458
662458
662458
662458
662458
662458
662458
662458
662458
662458
662458
662458
662458
662458
2588880
2588880
2588880
2588880
2588880
2588880
2588880
2588880
2588880
2588880
2588880
2588880
2588880
2588880
2588880
2588880
570281
570281
570281
570281
570281
570281
570281
570281
570281
570281
570281
570281
570281
570281
570281
570281
525525
525525
525525
525525
525525
525525
525525
525525
525525
525525
525525
525525
525525
525525
525525
525525
329457
329457
329457
329457
329457
329457
329457
329457
329457
329457
329457
329457
329457
329457
329457
329457
2229819
2229819
2229819
2229819
2229819
2229819
2229819
2229819
2229819
2229819
2229819
2229819
2229819
2229819
2229819
2229819
866438
866438
866438
866438
866438
866438
866438
866438
866438
866438
866438
866438
866438
866438
866438
866438
2443377
2443377
2443377
2443377
2443377
2443377
2443377
2443377
2443377
2443377
2443377
2443377
2443377
2443377
2443377
2443377
306766
306766
306766
306766
306766
306766
306766
306766
306766
306766
306766
306766
306766
306766
306766
306766
544072
544072
544072
544072
544072
544072
544072
544072
544072
544072
544072
544072
544072
544072
544072
544072
677430
677430
677430
677430
677430
677430
677430
677430
677430
677430
677430
677430
677430
677430
677430
677430
2585733
2585733
2585733
2585733
2585733
2585733
2585733
2585733
2585733
2585733
2585733
2585733
2585733
2585733
2585733
2585733
2199963
2199963
2199963
2199963
2199963
2199963
2199963
2199963
2199963
2199963
2199963
2199963
2199963
2199963
2199963
2199963
1953239
1953239
1953239
1953239
1953239
1953239
1953239
1953239
1953239
1953239
1953239
1953239
1953239
1953239
1953239
1953239
2490468
2490468
2490468
2490468
2490468
2490468
2490468
2490468
2490468
2490468
2490468
2490468
2490468
2490468
2490468
2490468
1407451
1407451
1407451
1407451
1407451
1407451
1407451
1407451
1407451
1407451
1407451
1407451
1407451
1407451
1407451
1407451
1033075
1033075
1033075
1033075
1033075
1033075
1033075
1033075
1033075
1033075
1033075
1033075
1033075
1033075
1033075
1033075
1372212
1372212
1372212
1372212
1372212
1372212
1372212
1372212
1372212
1372212
1372212
1372212
1372212
1372212
1372212
1372212
683064
683064
683064
683064
683064
683064
683064
683064
683064
683064
683064
683064
683064
683064
683064
683064
1760464
1760464
1760464
1760464
1760464
1760464
1760464
1760464
1760464
1760464
1760464
1760464
1760464
1760464
1760464
1760464
1365206
1365206
1365206
1365206
1365206
1365206
1365206
1365206
1365206
1365206
1365206
1365206
1365206
1365206
1365206
1365206
2150040
2150040
2150040
2150040
2150040
2150040
2150040
2150040
2150040
2150040
2150040
2150040
2150040
2150040
2150040
2150040
32643
32643
32643
32643
32643
32643
32643
32643
32643
32643
32643
32643
32643
32643
32643
32643
1118099
1118099
1118099
1118099
1118099
1118099
1118099
1118099
1118099
1118099
1118099
1118099
1118099
1118099
1118099
1118099
1652780
1652780
1652780
1652780
1652780
1652780
1652780
1652780
1652780
1652780
1652780
1652780
1652780
1652780
1652780
1652780
1833725
1833725
1833725
1833725
1833725
1833725
1833725
1833725
1833725
1833725
1833725
1833725
1833725
1833725
1833725
1833725
1558827
1558827
1558827
1558827
1558827
1558827
1558827
1558827
1558827
1558827
1558827
1558827
1558827
1558827
1558827
1558827
1430892
1430892
1430892
1430892
1430892
1430892
1430892
1430892
1430892
1430892
1430892
1430892
1430892
1430892
1430892
1430892
342906
342906
342906
342906
342906
342906
342906
342906
342906
342906
342906
342906
342906
342906
342906
342906
59543
59543
59543
59543
59543
59543
59543
59543
59543
59543
59543
59543
59543
59543
59543
59543
580222
580222
580222
580222
580222
580222
580222
580222
580222
580222
580222
580222
580222
580222
580222
580222
2516532
2516532
2516532
2516532
2516532
2516532
2516532
2516532
2516532
2516532
2516532
2516532
2516532
2516532
2516532
2516532
659407
659407
659407
659407
659407
659407
659407
659407
659407
659407
659407
659407
659407
659407
659407
659407
2565732
2565732
2565732
2565732
2565732
2565732
2565732
2565732
2565732
2565732
2565732
2565732
2565732
2565732
2565732
2565732
88752
88752
88752
88752
88752
88752
88752
88752
88752
88752
88752
88752
88752
88752
88752
88752
1249852
1249852
1249852
1249852
1249852
1249852
1249852
1249852
1249852
1249852
1249852
1249852
1249852
1249852
1249852
1249852
559202
559202
559202
559202
559202
559202
559202
559202
559202
559202
559202
559202
559202
559202
559202
559202
2614630
2614630
2614630
2614630
2614630
2614630
2614630
2614630
2614630
2614630
2614630
2614630
2614630
2614630
2614630
2614630
1356967
1356967
1356967
1356967
1356967
1356967
1356967
1356967
1356967
1356967
1356967
1356967
1356967
1356967
1356967
1356967
989600
989600
989600
989600
989600
989600
989600
989600
989600
989600
989600
989600
989600
989600
989600
989600
2331911
2331911
2331911
2331911
2331911
2331911
2331911
2331911
2331911
2331911
2331911
2331911
2331911
2331911
2331911
2331911
398284
398284
398284
398284
398284
398284
398284
398284
398284
398284
398284
398284
398284
398284
398284
398284
908957
908957
908957
908957
908957
908957
908957
908957
908957
908957
908957
908957
908957
908957
908957
908957
1591136
1591136
1591136
1591136
1591136
1591136
1591136
1591136
1591136
1591136
1591136
1591136
1591136
1591136
1591136
1591136
2081123
2081123
2081123
2081123
2081123
2081123
2081123
2081123
2081123
2081123
2081123
2081123
2081123
2081123
2081123
2081123
196482
196482
196482
196482
196482
196482
196482
196482
196482
196482
196482
196482
196482
196482
196482
196482
598746
598746
598746
598746
598746
598746
598746
598746
598746
598746
598746
598746
598746
598746
598746
598746
983060
983060
983060
983060
983060
983060
983060
983060
983060
983060
983060
983060
983060
983060
983060
983060
1997309
1997309
1997309
1997309
1997309
1997309
1997309
1997309
1997309
1997309
1997309
1997309
1997309
1997309
1997309
1997309
1557669
1557669
1557669
1557669
1557669
1557669
1557669
1557669
1557669
1557669
1557669
1557669
1557669
1557669
1557669
1557669
948506
948506
948506
948506
948506
948506
948506
948506
948506
948506
948506
948506
948506
948506
948506
948506
2153950
2153950
2153950
2153950
2153950
2153950
2153950
2153950
2153950
2153950
2153950
2153950
2153950
2153950
2153950
2153950
179232
179232
179232
179232
179232
179232
179232
179232
179232
179232
179232
179232
179232
179232
179232
179232
1803559
1803559
1803559
1803559
1803559
1803559
1803559
1803559
1803559
1803559
1803559
1803559
1803559
1803559
1803559
1803559
1370190
1370190
1370190
1370190
1370190
1370190
1370190
1370190
1370190
1370190
1370190
1370190
1370190
1370190
1370190
1370190
2124474
2124474
2124474
2124474
2124474
2124474
2124474
2124474
2124474
2124474
2124474
2124474
2124474
2124474
2124474
2124474
1955987
1955987
1955987
1955987
1955987
1955987
1955987
1955987
1955987
1955987
1955987
1955987
1955987
1955987
1955987
1955987
1149441
1149441
1149441
1149441
1149441
1149441
1149441
1149441
1149441
1149441
1149441
1149441
1149441
1149441
1149441
1149441
2542010
2542010
2542010
2542010
2542010
2542010
2542010
2542010
2542010
2542010
2542010
2542010
2542010
2542010
2542010
2542010
588057
588057
588057
588057
588057
588057
588057
588057
588057
588057
588057
588057
588057
588057
588057
588057
925073
925073
925073
925073
925073
925073
925073
925073
925073
925073
925073
925073
925073
925073
925073
925073
2115705
2115705
2115705
2115705
2115705
2115705
2115705
2115705
2115705
2115705
2115705
2115705
2115705
2115705
2115705
2115705
312683
312683
312683
312683
312683
312683
312683
312683
312683
312683
312683
312683
312683
312683
312683
312683
2275654
2275654
2275654
2275654
2275654
2275654
2275654
2275654
2275654
2275654
2275654
2275654
2275654
2275654
2275654
2275654
2034401
2034401
2034401
2034401
2034401
2034401
2034401
2034401
2034401
2034401
2034401
2034401
2034401
2034401
2034401
2034401
783324
783324
783324
783324
783324
783324
783324
783324
783324
783324
783324
783324
783324
783324
783324
783324
1085125
1085125
1085125
1085125
1085125
1085125
1085125
1085125
1085125
1085125
1085125
1085125
1085125
1085125
1085125
1085125
189903
189903
189903
189903
189903
189903
189903
189903
189903
189903
189903
189903
189903
189903
189903
189903
1680008
1680008
1680008
1680008
1680008
1680008
1680008
1680008
1680008
1680008
1680008
1680008
1680008
1680008
1680008
1680008
36715
36715
36715
36715
36715
36715
36715
36715
36715
36715
36715
36715
36715
36715
36715
36715
1370002
1370002
1370002
1370002
1370002
1370002
1370002
1370002
1370002
1370002
1370002
1370002
1370002
1370002
1370002
1370002
1912960
1912960
1912960
1912960
1912960
1912960
1912960
1912960
1912960
1912960
1912960
1912960
1912960
1912960
1912960
1912960
1363509
1363509
1363509
1363509
1363509
1363509
1363509
1363509
1363509
1363509
1363509
1363509
1363509
1363509
1363509
1363509
537806
537806
537806
537806
537806
537806
537806
537806
537806
537806
537806
537806
537806
537806
537806
537806
2379739
2379739
2379739
2379739
2379739
2379739
2379739
2379739
2379739
2379739
2379739
2379739
2379739
2379739
2379739
2379739
1579913
1579913
1579913
1579913
1579913
1579913
1579913
1579913
1579913
1579913
1579913
1579913
1579913
1579913
1579913
1579913
2633109
2633109
2633109
2633109
2633109
2633109
2633109
2633109
2633109
2633109
2633109
2633109
2633109
2633109
2633109
2633109
1958163
1958163
1958163
1958163
1958163
1958163
1958163
1958163
1958163
1958163
1958163
1958163
1958163
1958163
1958163
1958163
1746932
1746932
1746932
1746932
1746932
1746932
1746932
1746932
1746932
1746932
1746932
1746932
1746932
1746932
1746932
1746932
1747807
1747807
1747807
1747807
1747807
1747807
1747807
1747807
1747807
1747807
1747807
1747807
1747807
1747807
1747807
1747807
304918
304918
304918
304918
304918
304918
304918
304918
304918
304918
304918
304918
304918
304918
304918
304918
568473
568473
568473
568473
568473
568473
568473
568473
568473
568473
568473
568473
568473
568473
568473
568473
1888020
1888020
1888020
1888020
1888020
1888020
1888020
1888020
1888020
1888020
1888020
1888020
1888020
1888020
1888020
1888020
2255513
2255513
2255513
2255513
2255513
2255513
2255513
2255513
2255513
2255513
2255513
2255513
2255513
2255513
2255513
2255513
1726072
1726072
1726072
1726072
1726072
1726072
1726072
1726072
1726072
1726072
1726072
1726072
1726072
1726072
1726072
1726072
370316
370316
370316
370316
370316
370316
370316
370316
370316
370316
370316
370316
370316
370316
370316
370316
2192321
2192321
2192321
2192321
2192321
2192321
2192321
2192321
2192321
2192321
2192321
2192321
2192321
2192321
2192321
2192321
2360347
2360347
2360347
2360347
2360347
2360347
2360347
2360347
2360347
2360347
2360347
2360347
2360347
2360347
2360347
2360347
1305816
1305816
1305816
1305816
1305816
1305816
1305816
1305816
1305816
1305816
1305816
1305816
1305816
1305816
1305816
1305816
423081
423081
423081
423081
423081
423081
423081
423081
423081
423081
423081
423081
423081
423081
423081
423081
329980
329980
329980
329980
329980
329980
329980
329980
329980
329980
329980
329980
329980
329980
329980
329980
223090
223090
223090
223090
223090
223090
223090
223090
223090
223090
223090
223090
223090
223090
223090
223090
500873
500873
500873
500873
500873
500873
500873
500873
500873
500873
500873
500873
500873
500873
500873
500873
937030
937030
937030
937030
937030
937030
937030
937030
937030
937030
937030
937030
937030
937030
937030
937030
165305
165305
165305
165305
165305
165305
165305
165305
165305
165305
165305
165305
165305
165305
165305
165305
1908016
1908016
1908016
1908016
1908016
1908016
1908016
1908016
1908016
1908016
1908016
1908016
1908016
1908016
1908016
1908016
1881714
1881714
1881714
1881714
1881714
1881714
1881714
1881714
1881714
1881714
1881714
1881714
1881714
1881714
1881714
1881714
2005578
2005578
2005578
2005578
2005578
2005578
2005578
2005578
2005578
2005578
2005578
2005578
2005578
2005578
2005578
2005578
2646320
2646320
2646320
2646320
2646320
2646320
2646320
2646320
2646320
2646320
2646320
2646320
2646320
2646320
2646320
2646320
1076557
1076557
1076557
1076557
1076557
1076557
1076557
1076557
1076557
1076557
1076557
1076557
1076557
1076557
1076557
1076557
1251293
1251293
1251293
1251293
1251293
1251293
1251293
1251293
1251293
1251293
1251293
1251293
1251293
1251293
1251293
1251293
2555791
2555791
2555791
2555791
2555791
2555791
2555791
2555791
2555791
2555791
2555791
2555791
2555791
2555791
2555791
2555791
2100486
2100486
2100486
2100486
2100486
2100486
2100486
2100486
2100486
2100486
2100486
2100486
2100486
2100486
2100486
2100486
1991201
1991201
1991201
1991201
1991201
1991201
1991201
1991201
1991201
1991201
1991201
1991201
1991201
1991201
1991201
1991201
1343181
1343181
1343181
1343181
1343181
1343181
1343181
1343181
1343181
1343181
1343181
1343181
1343181
1343181
1343181
1343181
2236647
2236647
2236647
2236647
2236647
2236647
2236647
2236647
2236647
2236647
2236647
2236647
2236647
2236647
2236647
2236647
1068685
1068685
1068685
1068685
1068685
1068685
1068685
1068685
1068685
1068685
1068685
1068685
1068685
1068685
1068685
1068685
495230
495230
495230
495230
495230
495230
495230
495230
495230
495230
495230
495230
495230
495230
495230
495230
1293641
1293641
1293641
1293641
1293641
1293641
1293641
1293641
1293641
1293641
1293641
1293641
1293641
1293641
1293641
1293641
2320032
2320032
2320032
2320032
2320032
2320032
2320032
2320032
2320032
2320032
2320032
2320032
2320032
2320032
2320032
2320032
2425704
2425704
2425704
2425704
2425704
2425704
2425704
2425704
2425704
2425704
2425704
2425704
2425704
2425704
2425704
2425704
117283
117283
117283
117283
117283
117283
117283
117283
117283
117283
117283
117283
117283
117283
117283
117283
2572956
2572956
2572956
2572956
2572956
2572956
2572956
2572956
2572956
2572956
2572956
2572956
2572956
2572956
2572956
2572956
1017183
1017183
1017183
1017183
1017183
1017183
1017183
1017183
1017183
1017183
1017183
1017183
1017183
1017183
1017183
1017183
154986
154986
154986
154986
154986
154986
154986
154986
154986
154986
154986
154986
154986
154986
154986
154986
1086844
1086844
1086844
1086844
1086844
1086844
1086844
1086844
1086844
1086844
1086844
1086844
1086844
1086844
1086844
1086844
1442748
1442748
1442748
1442748
1442748
1442748
1442748
1442748
1442748
1442748
1442748
1442748
1442748
1442748
1442748
1442748
923441
923441
923441
923441
923441
923441
923441
923441
923441
923441
923441
923441
923441
923441
923441
923441
588189
588189
588189
588189
588189
588189
588189
588189
588189
588189
588189
588189
588189
588189
588189
588189
2047861
2047861
2047861
2047861
2047861
2047861
2047861
2047861
2047861
2047861
2047861
2047861
2047861
2047861
2047861
2047861
1067132
1067132
1067132
1067132
1067132
1067132
1067132
1067132
1067132
1067132
1067132
1067132
1067132
1067132
1067132
1067132
1967362
1967362
1967362
1967362
1967362
1967362
1967362
1967362
1967362
1967362
1967362
1967362
1967362
1967362
1967362
1967362
1187057
1187057
1187057
1187057
1187057
1187057
1187057
1187057
1187057
1187057
1187057
1187057
1187057
1187057
1187057
1187057
1228343
1228343
1228343
1228343
1228343
1228343
1228343
1228343
1228343
1228343
1228343
1228343
1228343
1228343
1228343
1228343
428903
428903
428903
428903
428903
428903
428903
428903
428903
428903
428903
428903
428903
428903
428903
428903
1059210
1059210
1059210
1059210
1059210
1059210
1059210
1059210
1059210
1059210
1059210
1059210
1059210
1059210
1059210
1059210
288720
288720
288720
288720
288720
288720
288720
288720
288720
288720
288720
288720
288720
288720
288720
288720
2393144
2393144
2393144
2393144
2393144
2393144
2393144
2393144
2393144
2393144
2393144
2393144
2393144
2393144
2393144
2393144
1118337
1118337
1118337
1118337
1118337
1118337
1118337
1118337
1118337
1118337
1118337
1118337
1118337
1118337
1118337
1118337
2141771
2141771
2141771
2141771
2141771
2141771
2141771
2141771
2141771
2141771
2141771
2141771
2141771
2141771
2141771
2141771
1957390
1957390
1957390
1957390
1957390
1957390
1957390
1957390
1957390
1957390
1957390
1957390
1957390
1957390
1957390
1957390
2128718
2128718
2128718
2128718
2128718
2128718
2128718
2128718
2128718
2128718
2128718
2128718
2128718
2128718
2128718
2128718
1829550
1829550
1829550
1829550
1829550
1829550
1829550
1829550
1829550
1829550
1829550
1829550
1829550
1829550
1829550
1829550
196358
196358
196358
196358
196358
196358
196358
196358
196358
196358
196358
196358
196358
196358
196358
196358
1023513
1023513
1023513
1023513
1023513
1023513
1023513
1023513
1023513
1023513
1023513
1023513
1023513
1023513
1023513
1023513
963111
963111
963111
963111
963111
963111
963111
963111
963111
963111
963111
963111
963111
963111
963111
963111
2242147
2242147
2242147
2242147
2242147
2242147
2242147
2242147
2242147
2242147
2242147
2242147
2242147
2242147
2242147
2242147
1855345
1855345
1855345
1855345
1855345
1855345
1855345
1855345
1855345
1855345
1855345
1855345
1855345
1855345
1855345
1855345
1946111
1946111
1946111
1946111
1946111
1946111
1946111
1946111
1946111
1946111
1946111
1946111
1946111
1946111
1946111
1946111
1432703
1432703
1432703
1432703
1432703
1432703
1432703
1432703
1432703
1432703
1432703
1432703
1432703
1432703
1432703
1432703
768790
768790
768790
768790
768790
768790
768790
768790
768790
768790
768790
768790
768790
768790
768790
768790
1445545
1445545
1445545
1445545
1445545
1445545
1445545
1445545
1445545
1445545
1445545
1445545
1445545
1445545
1445545
1445545
1186788
1186788
1186788
1186788
1186788
1186788
1186788
1186788
1186788
1186788
1186788
1186788
1186788
1186788
1186788
1186788
1280138
1280138
1280138
1280138
1280138
1280138
1280138
1280138
1280138
1280138
1280138
1280138
1280138
1280138
1280138
1280138
379456
379456
379456
379456
379456
379456
379456
379456
379456
379456
379456
379456
379456
379456
379456
379456
630028
630028
630028
630028
630028
630028
630028
630028
630028
630028
630028
630028
630028
630028
630028
630028
1172021
1172021
1172021
1172021
1172021
1172021
1172021
1172021
1172021
1172021
1172021
1172021
1172021
1172021
1172021
1172021
1211047
1211047
1211047
1211047
1211047
1211047
1211047
1211047
1211047
1211047
1211047
1211047
1211047
1211047
1211047
1211047
2105606
2105606
2105606
2105606
2105606
2105606
2105606
2105606
2105606
2105606
2105606
2105606
2105606
2105606
2105606
2105606
362705
362705
362705
362705
362705
362705
362705
362705
362705
362705
362705
362705
362705
362705
362705
362705
2631218
2631218
2631218
2631218
2631218
2631218
2631218
2631218
2631218
2631218
2631218
2631218
2631218
2631218
2631218
2631218
1790756
1790756
1790756
1790756
1790756
1790756
1790756
1790756
1790756
1790756
1790756
1790756
1790756
1790756
1790756
1790756
239009
239009
239009
239009
239009
239009
239009
239009
239009
239009
239009
239009
239009
239009
239009
239009
790989
790989
790989
790989
790989
790989
790989
790989
790989
790989
790989
790989
790989
790989
790989
790989
1686326
1686326
1686326
1686326
1686326
1686326
1686326
1686326
1686326
1686326
1686326
1686326
1686326
1686326
1686326
1686326
289275
289275
289275
289275
289275
289275
289275
289275
289275
289275
289275
289275
289275
289275
289275
289275
596580
596580
596580
596580
596580
596580
596580
596580
596580
596580
596580
596580
596580
596580
596580
596580
1889147
1889147
1889147
1889147
1889147
1889147
1889147
1889147
1889147
1889147
1889147
1889147
1889147
1889147
1889147
1889147
821057
821057
821057
821057
821057
821057
821057
821057
821057
821057
821057
821057
821057
821057
821057
821057
1666770
1666770
1666770
1666770
1666770
1666770
1666770
1666770
1666770
1666770
1666770
1666770
1666770
1666770
1666770
1666770
2185434
2185434
2185434
2185434
2185434
2185434
2185434
2185434
2185434
2185434
2185434
2185434
2185434
2185434
2185434
2185434
2551249
2551249
2551249
2551249
2551249
2551249
2551249
2551249
2551249
2551249
2551249
2551249
2551249
2551249
2551249
2551249
1149889
1149889
1149889
1149889
1149889
1149889
1149889
1149889
1149889
1149889
1149889
1149889
1149889
1149889
1149889
1149889
1973099
1973099
1973099
1973099
1973099
1973099
1973099
1973099
1973099
1973099
1973099
1973099
1973099
1973099
1973099
1973099
2444756
2444756
2444756
2444756
2444756
2444756
2444756
2444756
2444756
2444756
2444756
2444756
2444756
2444756
2444756
2444756
1565583
1565583
1565583
1565583
1565583
1565583
1565583
1565583
1565583
1565583
1565583
1565583
1565583
1565583
1565583
1565583
2209892
2209892
2209892
2209892
2209892
2209892
2209892
2209892
2209892
2209892
2209892
2209892
2209892
2209892
2209892
2209892
1650197
1650197
1650197
1650197
1650197
1650197
1650197
1650197
1650197
1650197
1650197
1650197
1650197
1650197
1650197
1650197
563787
563787
563787
563787
563787
563787
563787
563787
563787
563787
563787
563787
563787
563787
563787
563787
101590
101590
101590
101590
101590
101590
101590
101590
101590
101590
101590
101590
101590
101590
101590
101590
1627648
1627648
1627648
1627648
1627648
1627648
1627648
1627648
1627648
1627648
1627648
1627648
1627648
1627648
1627648
1627648
40270
40270
40270
40270
40270
40270
40270
40270
40270
40270
40270
40270
40270
40270
40270
40270
1688372
1688372
1688372
1688372
1688372
1688372
1688372
1688372
1688372
1688372
1688372
1688372
1688372
1688372
1688372
1688372
84769
84769
84769
84769
84769
84769
84769
84769
84769
84769
84769
84769
84769
84769
84769
84769
848595
848595
848595
848595
848595
848595
848595
848595
848595
848595
848595
848595
848595
848595
848595
848595
621309
621309
621309
621309
621309
621309
621309
621309
621309
621309
621309
621309
621309
621309
621309
621309
338912
338912
338912
338912
338912
338912
338912
338912
338912
338912
338912
338912
338912
338912
338912
338912
628208
628208
628208
628208
628208
628208
628208
628208
628208
628208
628208
628208
628208
628208
628208
628208
1865092
1865092
1865092
1865092
1865092
1865092
1865092
1865092
1865092
1865092
1865092
1865092
1865092
1865092
1865092
1865092
1278415
1278415
1278415
1278415
1278415
1278415
1278415
1278415
1278415
1278415
1278415
1278415
1278415
1278415
1278415
1278415
1313563
1313563
1313563
1313563
1313563
1313563
1313563
1313563
1313563
1313563
1313563
1313563
1313563
1313563
1313563
1313563
1139223
1139223
1139223
1139223
1139223
1139223
1139223
1139223
1139223
1139223
1139223
1139223
1139223
1139223
1139223
1139223
1073890
1073890
1073890
1073890
1073890
1073890
1073890
1073890
1073890
1073890
1073890
1073890
1073890
1073890
1073890
1073890
2182532
2182532
2182532
2182532
2182532
2182532
2182532
2182532
2182532
2182532
2182532
2182532
2182532
2182532
2182532
2182532
604774
604774
604774
604774
604774
604774
604774
604774
604774
604774
604774
604774
604774
604774
604774
604774
366557
366557
366557
366557
366557
366557
366557
366557
366557
366557
366557
366557
366557
366557
366557
366557
2030562
2030562
2030562
2030562
2030562
2030562
2030562
2030562
2030562
2030562
2030562
2030562
2030562
2030562
2030562
2030562
1638308
1638308
1638308
1638308
1638308
1638308
1638308
1638308
1638308
1638308
1638308
1638308
1638308
1638308
1638308
1638308
1776771
1776771
1776771
1776771
1776771
1776771
1776771
1776771
1776771
1776771
1776771
1776771
1776771
1776771
1776771
1776771
2563985
2563985
2563985
2563985
2563985
2563985
2563985
2563985
2563985
2563985
2563985
2563985
2563985
2563985
2563985
2563985
1534602
1534602
1534602
1534602
1534602
1534602
1534602
1534602
1534602
1534602
1534602
1534602
1534602
1534602
1534602
1534602
1352551
1352551
1352551
1352551
1352551
1352551
1352551
1352551
1352551
1352551
1352551
1352551
1352551
1352551
1352551
1352551
1160234
1160234
1160234
1160234
1160234
1160234
1160234
1160234
1160234
1160234
1160234
1160234
1160234
1160234
1160234
1160234
2047776
2047776
2047776
2047776
2047776
2047776
2047776
2047776
2047776
2047776
2047776
2047776
2047776
2047776
2047776
2047776
1675730
1675730
1675730
1675730
1675730
1675730
1675730
1675730
1675730
1675730
1675730
1675730
1675730
1675730
1675730
1675730
1339344
1339344
1339344
1339344
1339344
1339344
1339344
1339344
1339344
1339344
1339344
1339344
1339344
1339344
1339344
1339344
2605947
2605947
2605947
2605947
2605947
2605947
2605947
2605947
2605947
2605947
2605947
2605947
2605947
2605947
2605947
2605947
356400
356400
356400
356400
356400
356400
356400
356400
356400
356400
356400
356400
356400
356400
356400
356400
1284666
1284666
1284666
1284666
1284666
1284666
1284666
1284666
1284666
1284666
1284666
1284666
1284666
1284666
1284666
1284666
34793
34793
34793
34793
34793
34793
34793
34793
34793
34793
34793
34793
34793
34793
34793
34793
976383
976383
976383
976383
976383
976383
976383
976383
976383
976383
976383
976383
976383
976383
976383
976383
1811498
1811498
1811498
1811498
1811498
1811498
1811498
1811498
1811498
1811498
1811498
1811498
1811498
1811498
1811498
1811498
2637904
2637904
2637904
2637904
2637904
2637904
2637904
2637904
2637904
2637904
2637904
2637904
2637904
2637904
2637904
2637904
1135700
1135700
1135700
1135700
1135700
1135700
1135700
1135700
1135700
1135700
1135700
1135700
1135700
1135700
1135700
1135700
2587081
2587081
2587081
2587081
2587081
2587081
2587081
2587081
2587081
2587081
2587081
2587081
2587081
2587081
2587081
2587081
117076
117076
117076
117076
117076
117076
117076
117076
117076
117076
117076
117076
117076
117076
117076
117076
2241046
2241046
2241046
2241046
2241046
2241046
2241046
2241046
2241046
2241046
2241046
2241046
2241046
2241046
2241046
2241046
2429965
2429965
2429965
2429965
2429965
2429965
2429965
2429965
2429965
2429965
2429965
2429965
2429965
2429965
2429965
2429965
1167310
1167310
1167310
1167310
1167310
1167310
1167310
1167310
1167310
1167310
1167310
1167310
1167310
1167310
1167310
1167310
2274929
2274929
2274929
2274929
2274929
2274929
2274929
2274929
2274929
2274929
2274929
2274929
2274929
2274929
2274929
2274929
417469
417469
417469
417469
417469
417469
417469
417469
417469
417469
417469
417469
417469
417469
417469
417469
1435747
1435747
1435747
1435747
1435747
1435747
1435747
1435747
1435747
1435747
1435747
1435747
1435747
1435747
1435747
1435747
1310683
1310683
1310683
1310683
1310683
1310683
1310683
1310683
1310683
1310683
1310683
1310683
1310683
1310683
1310683
1310683
562809
562809
562809
562809
562809
562809
562809
562809
562809
562809
562809
562809
562809
562809
562809
562809
1676988
1676988
1676988
1676988
1676988
1676988
1676988
1676988
1676988
1676988
1676988
1676988
1676988
1676988
1676988
1676988
1174652
1174652
1174652
1174652
1174652
1174652
1174652
1174652
1174652
1174652
1174652
1174652
1174652
1174652
1174652
1174652
1713040
1713040
1713040
1713040
1713040
1713040
1713040
1713040
1713040
1713040
1713040
1713040
1713040
1713040
1713040
1713040
801198
801198
801198
801198
801198
801198
801198
801198
801198
801198
801198
801198
801198
801198
801198
801198
45574
45574
45574
45574
45574
45574
45574
45574
45574
45574
45574
45574
45574
45574
45574
45574
956209
956209
956209
956209
956209
956209
956209
956209
956209
956209
956209
956209
956209
956209
956209
956209
171646
171646
171646
171646
171646
171646
171646
171646
171646
171646
171646
171646
171646
171646
171646
171646
2453298
2453298
2453298
2453298
2453298
2453298
2453298
2453298
2453298
2453298
2453298
2453298
2453298
2453298
2453298
2453298
1666057
1666057
1666057
1666057
1666057
1666057
1666057
1666057
1666057
1666057
1666057
1666057
1666057
1666057
1666057
1666057
361174
361174
361174
361174
361174
361174
361174
361174
361174
361174
361174
361174
361174
361174
361174
361174
2496131
2496131
2496131
2496131
2496131
2496131
2496131
2496131
2496131
2496131
2496131
2496131
2496131
2496131
2496131
2496131
2320564
2320564
2320564
2320564
2320564
2320564
2320564
2320564
2320564
2320564
2320564
2320564
2320564
2320564
2320564
2320564
954427
954427
954427
954427
954427
954427
954427
954427
954427
954427
954427
954427
954427
954427
954427
954427
2564445
2564445
2564445
2564445
2564445
2564445
2564445
2564445
2564445
2564445
2564445
2564445
2564445
2564445
2564445
2564445
324919
324919
324919
324919
324919
324919
324919
324919
324919
324919
324919
324919
324919
324919
324919
324919
1667013
1667013
1667013
1667013
1667013
1667013
1667013
1667013
1667013
1667013
1667013
1667013
1667013
1667013
1667013
1667013
1028960
1028960
1028960
1028960
1028960
1028960
1028960
1028960
1028960
1028960
1028960
1028960
1028960
1028960
1028960
1028960
1224290
1224290
1224290
1224290
1224290
1224290
1224290
1224290
1224290
1224290
1224290
1224290
1224290
1224290
1224290
1224290
1432837
1432837
1432837
1432837
1432837
1432837
1432837
1432837
1432837
1432837
1432837
1432837
1432837
1432837
1432837
1432837
1204175
1204175
1204175
1204175
1204175
1204175
1204175
1204175
1204175
1204175
1204175
1204175
1204175
1204175
1204175
1204175
1363077
1363077
1363077
1363077
1363077
1363077
1363077
1363077
1363077
1363077
1363077
1363077
1363077
1363077
1363077
1363077
1934657
1934657
1934657
1934657
1934657
1934657
1934657
1934657
1934657
1934657
1934657
1934657
1934657
1934657
1934657
1934657
2640505
2640505
2640505
2640505
2640505
2640505
2640505
2640505
2640505
2640505
2640505
2640505
2640505
2640505
2640505
2640505
24920
24920
24920
24920
24920
24920
24920
24920
24920
24920
24920
24920
24920
24920
24920
24920
2187905
2187905
2187905
2187905
2187905
2187905
2187905
2187905
2187905
2187905
2187905
2187905
2187905
2187905
2187905
2187905
96147
96147
96147
96147
96147
96147
96147
96147
96147
96147
96147
96147
96147
96147
96147
96147
2573872
2573872
2573872
2573872
2573872
2573872
2573872
2573872
2573872
2573872
2573872
2573872
2573872
2573872
2573872
2573872
1844495
1844495
1844495
1844495
1844495
1844495
1844495
1844495
1844495
1844495
1844495
1844495
1844495
1844495
1844495
1844495
514727
514727
514727
514727
514727
514727
514727
514727
514727
514727
514727
514727
514727
514727
514727
514727
2229993
2229993
2229993
2229993
2229993
2229993
2229993
2229993
2229993
2229993
2229993
2229993
2229993
2229993
2229993
2229993
1860992
1860992
1860992
1860992
1860992
1860992
1860992
1860992
1860992
1860992
1860992
1860992
1860992
1860992
1860992
1860992
25178
25178
25178
25178
25178
25178
25178
25178
25178
25178
25178
25178
25178
25178
25178
25178
1740823
1740823
1740823
1740823
1740823
1740823
1740823
1740823
1740823
1740823
1740823
1740823
1740823
1740823
1740823
1740823
2595039
2595039
2595039
2595039
2595039
2595039
2595039
2595039
2595039
2595039
2595039
2595039
2595039
2595039
2595039
2595039
2499884
2499884
2499884
2499884
2499884
2499884
2499884
2499884
2499884
2499884
2499884
2499884
2499884
2499884
2499884
2499884
142308
142308
142308
142308
142308
142308
142308
142308
142308
142308
142308
142308
142308
142308
142308
142308
2172443
2172443
2172443
2172443
2172443
2172443
2172443
2172443
2172443
2172443
2172443
2172443
2172443
2172443
2172443
2172443
384257
384257
384257
384257
384257
384257
384257
384257
384257
384257
384257
384257
384257
384257
384257
384257
369444
369444
369444
369444
369444
369444
369444
369444
369444
369444
369444
369444
369444
369444
369444
369444
1424768
1424768
1424768
1424768
1424768
1424768
1424768
1424768
1424768
1424768
1424768
1424768
1424768
1424768
1424768
1424768
244663
244663
244663
244663
244663
244663
244663
244663
244663
244663
244663
244663
244663
244663
244663
244663
270698
270698
270698
270698
270698
270698
270698
270698
270698
270698
270698
270698
270698
270698
270698
270698
1292758
1292758
1292758
1292758
1292758
1292758
1292758
1292758
1292758
1292758
1292758
1292758
1292758
1292758
1292758
1292758
2203688
2203688
2203688
2203688
2203688
2203688
2203688
2203688
2203688
2203688
2203688
2203688
2203688
2203688
2203688
2203688
2182359
2182359
2182359
2182359
2182359
2182359
2182359
2182359
2182359
2182359
2182359
2182359
2182359
2182359
2182359
2182359
2347152
2347152
2347152
2347152
2347152
2347152
2347152
2347152
2347152
2347152
2347152
2347152
2347152
2347152
2347152
2347152
1323254
1323254
1323254
1323254
1323254
1323254
1323254
1323254
1323254
1323254
1323254
1323254
1323254
1323254
1323254
1323254
1565956
1565956
1565956
1565956
1565956
1565956
1565956
1565956
1565956
1565956
1565956
1565956
1565956
1565956
1565956
1565956
1558903
1558903
1558903
1558903
1558903
1558903
1558903
1558903
1558903
1558903
1558903
1558903
1558903
1558903
1558903
1558903
660963
660963
660963
660963
660963
660963
660963
660963
660963
660963
660963
660963
660963
660963
660963
660963
534910
534910
534910
534910
534910
534910
534910
534910
534910
534910
534910
534910
534910
534910
534910
534910
761804
761804
761804
761804
761804
761804
761804
761804
761804
761804
761804
761804
761804
761804
761804
761804
1070456
1070456
1070456
1070456
1070456
1070456
1070456
1070456
1070456
1070456
1070456
1070456
1070456
1070456
1070456
1070456
53312
53312
53312
53312
53312
53312
53312
53312
53312
53312
53312
53312
53312
53312
53312
53312
1972417
1972417
1972417
1972417
1972417
1972417
1972417
1972417
1972417
1972417
1972417
1972417
1972417
1972417
1972417
1972417
378187
378187
378187
378187
378187
378187
378187
378187
378187
378187
378187
378187
378187
378187
378187
378187
1518312
1518312
1518312
1518312
1518312
1518312
1518312
1518312
1518312
1518312
1518312
1518312
1518312
1518312
1518312
1518312
1882658
1882658
1882658
1882658
1882658
1882658
1882658
1882658
1882658
1882658
1882658
1882658
1882658
1882658
1882658
1882658
2459545
2459545
2459545
2459545
2459545
2459545
2459545
2459545
2459545
2459545
2459545
2459545
2459545
2459545
2459545
2459545
415873
415873
415873
415873
415873
415873
415873
415873
415873
415873
415873
415873
415873
415873
415873
415873
516785
516785
516785
516785
516785
516785
516785
516785
516785
516785
516785
516785
516785
516785
516785
516785
535756
535756
535756
535756
535756
535756
535756
535756
535756
535756
535756
535756
535756
535756
535756
535756
789739
789739
789739
789739
789739
789739
789739
789739
789739
789739
789739
789739
789739
789739
789739
789739
302006
302006
302006
302006
302006
302006
302006
302006
302006
302006
302006
302006
302006
302006
302006
302006
459671
459671
459671
459671
459671
459671
459671
459671
459671
459671
459671
459671
459671
459671
459671
459671
722408
722408
722408
722408
722408
722408
722408
722408
722408
722408
722408
722408
722408
722408
722408
722408
1850073
1850073
1850073
1850073
1850073
1850073
1850073
1850073
1850073
1850073
1850073
1850073
1850073
1850073
1850073
1850073
452880
452880
452880
452880
452880
452880
452880
452880
452880
452880
452880
452880
452880
452880
452880
452880
1027332
1027332
1027332
1027332
1027332
1027332
1027332
1027332
1027332
1027332
1027332
1027332
1027332
1027332
1027332
1027332
1622594
1622594
1622594
1622594
1622594
1622594
1622594
1622594
1622594
1622594
1622594
1622594
1622594
1622594
1622594
1622594
648413
648413
648413
648413
648413
648413
648413
648413
648413
648413
648413
648413
648413
648413
648413
648413
1928856
1928856
1928856
1928856
1928856
1928856
1928856
1928856
1928856
1928856
1928856
1928856
1928856
1928856
1928856
1928856
2177972
2177972
2177972
2177972
2177972
2177972
2177972
2177972
2177972
2177972
2177972
2177972
2177972
2177972
2177972
2177972
1568287
1568287
1568287
1568287
1568287
1568287
1568287
1568287
1568287
1568287
1568287
1568287
1568287
1568287
1568287
1568287
430813
430813
430813
430813
430813
430813
430813
430813
430813
430813
430813
430813
430813
430813
430813
430813
515721
515721
515721
515721
515721
515721
515721
515721
515721
515721
515721
515721
515721
515721
515721
515721
1040253
1040253
1040253
1040253
1040253
1040253
1040253
1040253
1040253
1040253
1040253
1040253
1040253
1040253
1040253
1040253
694625
694625
694625
694625
694625
694625
694625
694625
694625
694625
694625
694625
694625
694625
694625
694625
312047
312047
312047
312047
312047
312047
312047
312047
312047
312047
312047
312047
312047
312047
312047
312047
1787903
1787903
1787903
1787903
1787903
1787903
1787903
1787903
1787903
1787903
1787903
1787903
1787903
1787903
1787903
1787903
2108411
2108411
2108411
2108411
2108411
2108411
2108411
2108411
2108411
2108411
2108411
2108411
2108411
2108411
2108411
2108411
697986
697986
697986
697986
697986
697986
697986
697986
697986
697986
697986
697986
697986
697986
697986
697986
1164257
1164257
1164257
1164257
1164257
1164257
1164257
1164257
1164257
1164257
1164257
1164257
1164257
1164257
1164257
1164257
1187928
1187928
1187928
1187928
1187928
1187928
1187928
1187928
1187928
1187928
1187928
1187928
1187928
1187928
1187928
1187928
519958
519958
519958
519958
519958
519958
519958
519958
519958
519958
519958
519958
519958
519958
519958
519958
2396325
2396325
2396325
2396325
2396325
2396325
2396325
2396325
2396325
2396325
2396325
2396325
2396325
2396325
2396325
2396325
2056357
2056357
2056357
2056357
2056357
2056357
2056357
2056357
2056357
2056357
2056357
2056357
2056357
2056357
2056357
2056357
2177013
2177013
2177013
2177013
2177013
2177013
2177013
2177013
2177013
2177013
2177013
2177013
2177013
2177013
2177013
2177013
1439134
1439134
1439134
1439134
1439134
1439134
1439134
1439134
1439134
1439134
1439134
1439134
1439134
1439134
1439134
1439134
313155
313155
313155
313155
313155
313155
313155
313155
313155
313155
313155
313155
313155
313155
313155
313155
2260537
2260537
2260537
2260537
2260537
2260537
2260537
2260537
2260537
2260537
2260537
2260537
2260537
2260537
2260537
2260537
1181690
1181690
1181690
1181690
1181690
1181690
1181690
1181690
1181690
1181690
1181690
1181690
1181690
1181690
1181690
1181690
950495
950495
950495
950495
950495
950495
950495
950495
950495
950495
950495
950495
950495
950495
950495
950495
693772
693772
693772
693772
693772
693772
693772
693772
693772
693772
693772
693772
693772
693772
693772
693772
733193
733193
733193
733193
733193
733193
733193
733193
733193
733193
733193
733193
733193
733193
733193
733193
47089
47089
47089
47089
47089
47089
47089
47089
47089
47089
47089
47089
47089
47089
47089
47089
713389
713389
713389
713389
713389
713389
713389
713389
713389
713389
713389
713389
713389
713389
713389
713389
1149013
1149013
1149013
1149013
1149013
1149013
1149013
1149013
1149013
1149013
1149013
1149013
1149013
1149013
1149013
1149013
618724
618724
618724
618724
618724
618724
618724
618724
618724
618724
618724
618724
618724
618724
618724
618724
2517154
2517154
2517154
2517154
2517154
2517154
2517154
2517154
2517154
2517154
2517154
2517154
2517154
2517154
2517154
2517154
2396819
2396819
2396819
2396819
2396819
2396819
2396819
2396819
2396819
2396819
2396819
2396819
2396819
2396819
2396819
2396819
199893
199893
199893
199893
199893
199893
199893
199893
199893
199893
199893
199893
199893
199893
199893
199893
2030015
2030015
2030015
2030015
2030015
2030015
2030015
2030015
2030015
2030015
2030015
2030015
2030015
2030015
2030015
2030015
1078134
1078134
1078134
1078134
1078134
1078134
1078134
1078134
1078134
1078134
1078134
1078134
1078134
1078134
1078134
1078134
1483229
1483229
1483229
1483229
1483229
1483229
1483229
1483229
1483229
1483229
1483229
1483229
1483229
1483229
1483229
1483229
719872
719872
719872
719872
719872
719872
719872
719872
719872
719872
719872
719872
719872
719872
719872
719872
1374245
1374245
1374245
1374245
1374245
1374245
1374245
1374245
1374245
1374245
1374245
1374245
1374245
1374245
1374245
1374245
1257586
1257586
1257586
1257586
1257586
1257586
1257586
1257586
1257586
1257586
1257586
1257586
1257586
1257586
1257586
1257586
1056300
1056300
1056300
1056300
1056300
1056300
1056300
1056300
1056300
1056300
1056300
1056300
1056300
1056300
1056300
1056300
1048944
1048944
1048944
1048944
1048944
1048944
1048944
1048944
1048944
1048944
1048944
1048944
1048944
1048944
1048944
1048944
69337
69337
69337
69337
69337
69337
69337
69337
69337
69337
69337
69337
69337
69337
69337
69337
133412
133412
133412
133412
133412
133412
133412
133412
133412
133412
133412
133412
133412
133412
133412
133412
2576583
2576583
2576583
2576583
2576583
2576583
2576583
2576583
2576583
2576583
2576583
2576583
2576583
2576583
2576583
2576583
2443987
2443987
2443987
2443987
2443987
2443987
2443987
2443987
2443987
2443987
2443987
2443987
2443987
2443987
2443987
2443987
1314205
1314205
1314205
1314205
1314205
1314205
1314205
1314205
1314205
1314205
1314205
1314205
1314205
1314205
1314205
1314205
892045
892045
892045
892045
892045
892045
892045
892045
892045
892045
892045
892045
892045
892045
892045
892045
779852
779852
779852
779852
779852
779852
779852
779852
779852
779852
779852
779852
779852
779852
779852
779852
1797989
1797989
1797989
1797989
1797989
1797989
1797989
1797989
1797989
1797989
1797989
1797989
1797989
1797989
1797989
1797989
1486252
1486252
1486252
1486252
1486252
1486252
1486252
1486252
1486252
1486252
1486252
1486252
1486252
1486252
1486252
1486252
2596238
2596238
2596238
2596238
2596238
2596238
2596238
2596238
2596238
2596238
2596238
2596238
2596238
2596238
2596238
2596238
1098636
1098636
1098636
1098636
1098636
1098636
1098636
1098636
1098636
1098636
1098636
1098636
1098636
1098636
1098636
1098636
1999798
1999798
1999798
1999798
1999798
1999798
1999798
1999798
1999798
1999798
1999798
1999798
1999798
1999798
1999798
1999798
1572442
1572442
1572442
1572442
1572442
1572442
1572442
1572442
1572442
1572442
1572442
1572442
1572442
1572442
1572442
1572442
2027695
2027695
2027695
2027695
2027695
2027695
2027695
2027695
2027695
2027695
2027695
2027695
2027695
2027695
2027695
2027695
2163164
2163164
2163164
2163164
2163164
2163164
2163164
2163164
2163164
2163164
2163164
2163164
2163164
2163164
2163164
2163164
359653
359653
359653
359653
359653
359653
359653
359653
359653
359653
359653
359653
359653
359653
359653
359653
408127
408127
408127
408127
408127
408127
408127
408127
408127
408127
408127
408127
408127
408127
408127
408127
1794986
1794986
1794986
1794986
1794986
1794986
1794986
1794986
1794986
1794986
1794986
1794986
1794986
1794986
1794986
1794986
1105203
1105203
1105203
1105203
1105203
1105203
1105203
1105203
1105203
1105203
1105203
1105203
1105203
1105203
1105203
1105203
1611010
1611010
1611010
1611010
1611010
1611010
1611010
1611010
1611010
1611010
1611010
1611010
1611010
1611010
1611010
1611010
2388899
2388899
2388899
2388899
2388899
2388899
2388899
2388899
2388899
2388899
2388899
2388899
2388899
2388899
2388899
2388899
868557
868557
868557
868557
868557
868557
868557
868557
868557
868557
868557
868557
868557
868557
868557
868557
2315666
2315666
2315666
2315666
2315666
2315666
2315666
2315666
2315666
2315666
2315666
2315666
2315666
2315666
2315666
2315666
541940
541940
541940
541940
541940
541940
541940
541940
541940
541940
541940
541940
541940
541940
541940
541940
1056887
1056887
1056887
1056887
1056887
1056887
1056887
1056887
1056887
1056887
1056887
1056887
1056887
1056887
1056887
1056887
859469
859469
859469
859469
859469
859469
859469
859469
859469
859469
859469
859469
859469
859469
859469
859469
286524
286524
286524
286524
286524
286524
286524
286524
286524
286524
286524
286524
286524
286524
286524
286524
597554
597554
597554
597554
597554
597554
597554
597554
597554
597554
597554
597554
597554
597554
597554
597554
1429010
1429010
1429010
1429010
1429010
1429010
1429010
1429010
1429010
1429010
1429010
1429010
1429010
1429010
1429010
1429010
1963750
1963750
1963750
1963750
1963750
1963750
1963750
1963750
1963750
1963750
1963750
1963750
1963750
1963750
1963750
1963750
358783
358783
358783
358783
358783
358783
358783
358783
358783
358783
358783
358783
358783
358783
358783
358783
1806325
1806325
1806325
1806325
1806325
1806325
1806325
1806325
1806325
1806325
1806325
1806325
1806325
1806325
1806325
1806325
822485
822485
822485
822485
822485
822485
822485
822485
822485
822485
822485
822485
822485
822485
822485
822485
2488222
2488222
2488222
2488222
2488222
2488222
2488222
2488222
2488222
2488222
2488222
2488222
2488222
2488222
2488222
2488222
1367800
1367800
1367800
1367800
1367800
1367800
1367800
1367800
1367800
1367800
1367800
1367800
1367800
1367800
1367800
1367800
1037250
1037250
1037250
1037250
1037250
1037250
1037250
1037250
1037250
1037250
1037250
1037250
1037250
1037250
1037250
1037250
1502469
1502469
1502469
1502469
1502469
1502469
1502469
1502469
1502469
1502469
1502469
1502469
1502469
1502469
1502469
1502469
1620247
1620247
1620247
1620247
1620247
1620247
1620247
1620247
1620247
1620247
1620247
1620247
1620247
1620247
1620247
1620247
2428536
2428536
2428536
2428536
2428536
2428536
2428536
2428536
2428536
2428536
2428536
2428536
2428536
2428536
2428536
2428536
224988
224988
224988
224988
224988
224988
224988
224988
224988
224988
224988
224988
224988
224988
224988
224988
2182533
2182533
2182533
2182533
2182533
2182533
2182533
2182533
2182533
2182533
2182533
2182533
2182533
2182533
2182533
2182533
743655
743655
743655
743655
743655
743655
743655
743655
743655
743655
743655
743655
743655
743655
743655
743655
233013
233013
233013
233013
233013
233013
233013
233013
233013
233013
233013
233013
233013
233013
233013
233013
1421491
1421491
1421491
1421491
1421491
1421491
1421491
1421491
1421491
1421491
1421491
1421491
1421491
1421491
1421491
1421491
1484274
1484274
1484274
1484274
1484274
1484274
1484274
1484274
1484274
1484274
1484274
1484274
1484274
1484274
1484274
1484274
169267
169267
169267
169267
169267
169267
169267
169267
169267
169267
169267
169267
169267
169267
169267
169267
1877476
1877476
1877476
1877476
1877476
1877476
1877476
1877476
1877476
1877476
1877476
1877476
1877476
1877476
1877476
1877476
304058
304058
304058
304058
304058
304058
304058
304058
304058
304058
304058
304058
304058
304058
304058
304058
1555534
1555534
1555534
1555534
1555534
1555534
1555534
1555534
1555534
1555534
1555534
1555534
1555534
1555534
1555534
1555534
6788
6788
6788
6788
6788
6788
6788
6788
6788
6788
6788
6788
6788
6788
6788
6788
76041
76041
76041
76041
76041
76041
76041
76041
76041
76041
76041
76041
76041
76041
76041
76041
2176068
2176068
2176068
2176068
2176068
2176068
2176068
2176068
2176068
2176068
2176068
2176068
2176068
2176068
2176068
2176068
273612
273612
273612
273612
273612
273612
273612
273612
273612
273612
273612
273612
273612
273612
273612
273612
2000810
2000810
2000810
2000810
2000810
2000810
2000810
2000810
2000810
2000810
2000810
2000810
2000810
2000810
2000810
2000810
875654
875654
875654
875654
875654
875654
875654
875654
875654
875654
875654
875654
875654
875654
875654
875654
1091061
1091061
1091061
1091061
1091061
1091061
1091061
1091061
1091061
1091061
1091061
1091061
1091061
1091061
1091061
1091061
1769870
1769870
1769870
1769870
1769870
1769870
1769870
1769870
1769870
1769870
1769870
1769870
1769870
1769870
1769870
1769870
2063202
2063202
2063202
2063202
2063202
2063202
2063202
2063202
2063202
2063202
2063202
2063202
2063202
2063202
2063202
2063202
2131011
2131011
2131011
2131011
2131011
2131011
2131011
2131011
2131011
2131011
2131011
2131011
2131011
2131011
2131011
2131011
1214420
1214420
1214420
1214420
1214420
1214420
1214420
1214420
1214420
1214420
1214420
1214420
1214420
1214420
1214420
1214420
1672789
1672789
1672789
1672789
1672789
1672789
1672789
1672789
1672789
1672789
1672789
1672789
1672789
1672789
1672789
1672789
1371199
1371199
1371199
1371199
1371199
1371199
1371199
1371199
1371199
1371199
1371199
1371199
1371199
1371199
1371199
1371199
1397752
1397752
1397752
1397752
1397752
1397752
1397752
1397752
1397752
1397752
1397752
1397752
1397752
1397752
1397752
1397752
484489
484489
484489
484489
484489
484489
484489
484489
484489
484489
484489
484489
484489
484489
484489
484489
1957107
1957107
1957107
1957107
1957107
1957107
1957107
1957107
1957107
1957107
1957107
1957107
1957107
1957107
1957107
1957107
81775
81775
81775
81775
81775
81775
81775
81775
81775
81775
81775
81775
81775
81775
81775
81775
1468230
1468230
1468230
1468230
1468230
1468230
1468230
1468230
1468230
1468230
1468230
1468230
1468230
1468230
1468230
1468230
685355
685355
685355
685355
685355
685355
685355
685355
685355
685355
685355
685355
685355
685355
685355
685355
2088149
2088149
2088149
2088149
2088149
2088149
2088149
2088149
2088149
2088149
2088149
2088149
2088149
2088149
2088149
2088149
937999
937999
937999
937999
937999
937999
937999
937999
937999
937999
937999
937999
937999
937999
937999
937999
1368754
1368754
1368754
1368754
1368754
1368754
1368754
1368754
1368754
1368754
1368754
1368754
1368754
1368754
1368754
1368754
1659473
1659473
1659473
1659473
1659473
1659473
1659473
1659473
1659473
1659473
1659473
1659473
1659473
1659473
1659473
1659473
2242023
2242023
2242023
2242023
2242023
2242023
2242023
2242023
2242023
2242023
2242023
2242023
2242023
2242023
2242023
2242023
2437231
2437231
2437231
2437231
2437231
2437231
2437231
2437231
2437231
2437231
2437231
2437231
2437231
2437231
2437231
2437231
2007856
2007856
2007856
2007856
2007856
2007856
2007856
2007856
2007856
2007856
2007856
2007856
2007856
2007856
2007856
2007856
2214078
2214078
2214078
2214078
2214078
2214078
2214078
2214078
2214078
2214078
2214078
2214078
2214078
2214078
2214078
2214078
103181
103181
103181
103181
103181
103181
103181
103181
103181
103181
103181
103181
103181
103181
103181
103181
2005970
2005970
2005970
2005970
2005970
2005970
2005970
2005970
2005970
2005970
2005970
2005970
2005970
2005970
2005970
2005970
1065718
1065718
1065718
1065718
1065718
1065718
1065718
1065718
1065718
1065718
1065718
1065718
1065718
1065718
1065718
1065718
1516141
1516141
1516141
1516141
1516141
1516141
1516141
1516141
1516141
1516141
1516141
1516141
1516141
1516141
1516141
1516141
2626159
2626159
2626159
2626159
2626159
2626159
2626159
2626159
2626159
2626159
2626159
2626159
2626159
2626159
2626159
2626159
1952057
1952057
1952057
1952057
1952057
1952057
1952057
1952057
1952057
1952057
1952057
1952057
1952057
1952057
1952057
1952057
1316312
1316312
1316312
1316312
1316312
1316312
1316312
1316312
1316312
1316312
1316312
1316312
1316312
1316312
1316312
1316312
1080066
1080066
1080066
1080066
1080066
1080066
1080066
1080066
1080066
1080066
1080066
1080066
1080066
1080066
1080066
1080066
957909
957909
957909
957909
957909
957909
957909
957909
957909
957909
957909
957909
957909
957909
957909
957909
1263743
1263743
1263743
1263743
1263743
1263743
1263743
1263743
1263743
1263743
1263743
1263743
1263743
1263743
1263743
1263743
1838666
1838666
1838666
1838666
1838666
1838666
1838666
1838666
1838666
1838666
1838666
1838666
1838666
1838666
1838666
1838666
1392271
1392271
1392271
1392271
1392271
1392271
1392271
1392271
1392271
1392271
1392271
1392271
1392271
1392271
1392271
1392271
2483660
2483660
2483660
2483660
2483660
2483660
2483660
2483660
2483660
2483660
2483660
2483660
2483660
2483660
2483660
2483660
2366291
2366291
2366291
2366291
2366291
2366291
2366291
2366291
2366291
2366291
2366291
2366291
2366291
2366291
2366291
2366291
2216104
2216104
2216104
2216104
2216104
2216104
2216104
2216104
2216104
2216104
2216104
2216104
2216104
2216104
2216104
2216104
1239619
1239619
1239619
1239619
1239619
1239619
1239619
1239619
1239619
1239619
1239619
1239619
1239619
1239619
1239619
1239619
2238158
2238158
2238158
2238158
2238158
2238158
2238158
2238158
2238158
2238158
2238158
2238158
2238158
2238158
2238158
2238158
864300
864300
864300
864300
864300
864300
864300
864300
864300
864300
864300
864300
864300
864300
864300
864300
1489012
1489012
1489012
1489012
1489012
1489012
1489012
1489012
1489012
1489012
1489012
1489012
1489012
1489012
1489012
1489012
1945157
1945157
1945157
1945157
1945157
1945157
1945157
1945157
1945157
1945157
1945157
1945157
1945157
1945157
1945157
1945157
2468972
2468972
2468972
2468972
2468972
2468972
2468972
2468972
2468972
2468972
2468972
2468972
2468972
2468972
2468972
2468972
1457646
1457646
1457646
1457646
1457646
1457646
1457646
1457646
1457646
1457646
1457646
1457646
1457646
1457646
1457646
1457646
1442339
1442339
1442339
1442339
1442339
1442339
1442339
1442339
1442339
1442339
1442339
1442339
1442339
1442339
1442339
1442339
2523888
2523888
2523888
2523888
2523888
2523888
2523888
2523888
2523888
2523888
2523888
2523888
2523888
2523888
2523888
2523888
90671
90671
90671
90671
90671
90671
90671
90671
90671
90671
90671
90671
90671
90671
90671
90671
2625820
2625820
2625820
2625820
2625820
2625820
2625820
2625820
2625820
2625820
2625820
2625820
2625820
2625820
2625820
2625820
2446305
2446305
2446305
2446305
2446305
2446305
2446305
2446305
2446305
2446305
2446305
2446305
2446305
2446305
2446305
2446305
583765
583765
583765
583765
583765
583765
583765
583765
583765
583765
583765
583765
583765
583765
583765
583765
697627
697627
697627
697627
697627
697627
697627
697627
697627
697627
697627
697627
697627
697627
697627
697627
140243
140243
140243
140243
140243
140243
140243
140243
140243
140243
140243
140243
140243
140243
140243
140243
1731401
1731401
1731401
1731401
1731401
1731401
1731401
1731401
1731401
1731401
1731401
1731401
1731401
1731401
1731401
1731401
386123
386123
386123
386123
386123
386123
386123
386123
386123
386123
386123
386123
386123
386123
386123
386123
545603
545603
545603
545603
545603
545603
545603
545603
545603
545603
545603
545603
545603
545603
545603
545603
427976
427976
427976
427976
427976
427976
427976
427976
427976
427976
427976
427976
427976
427976
427976
427976
1069211
1069211
1069211
1069211
1069211
1069211
1069211
1069211
1069211
1069211
1069211
1069211
1069211
1069211
1069211
1069211
209620
209620
209620
209620
209620
209620
209620
209620
209620
209620
209620
209620
209620
209620
209620
209620
1789804
1789804
1789804
1789804
1789804
1789804
1789804
1789804
1789804
1789804
1789804
1789804
1789804
1789804
1789804
1789804
826578
826578
826578
826578
826578
826578
826578
826578
826578
826578
826578
826578
826578
826578
826578
826578
1601530
1601530
1601530
1601530
1601530
1601530
1601530
1601530
1601530
1601530
1601530
1601530
1601530
1601530
1601530
1601530
2629193
2629193
2629193
2629193
2629193
2629193
2629193
2629193
2629193
2629193
2629193
2629193
2629193
2629193
2629193
2629193
1590891
1590891
1590891
1590891
1590891
1590891
1590891
1590891
1590891
1590891
1590891
1590891
1590891
1590891
1590891
1590891
866114
866114
866114
866114
866114
866114
866114
866114
866114
866114
866114
866114
866114
866114
866114
866114
1059408
1059408
1059408
1059408
1059408
1059408
1059408
1059408
1059408
1059408
1059408
1059408
1059408
1059408
1059408
1059408
937776
937776
937776
937776
937776
937776
937776
937776
937776
937776
937776
937776
937776
937776
937776
937776
909267
909267
909267
909267
909267
909267
909267
909267
909267
909267
909267
909267
909267
909267
909267
909267
729737
729737
729737
729737
729737
729737
729737
729737
729737
729737
729737
729737
729737
729737
729737
729737
546759
546759
546759
546759
546759
546759
546759
546759
546759
546759
546759
546759
546759
546759
546759
546759
2021569
2021569
2021569
2021569
2021569
2021569
2021569
2021569
2021569
2021569
2021569
2021569
2021569
2021569
2021569
2021569
654440
654440
654440
654440
654440
654440
654440
654440
654440
654440
654440
654440
654440
654440
654440
654440
1804384
1804384
1804384
1804384
1804384
1804384
1804384
1804384
1804384
1804384
1804384
1804384
1804384
1804384
1804384
1804384
694864
694864
694864
694864
694864
694864
694864
694864
694864
694864
694864
694864
694864
694864
694864
694864
1474292
1474292
1474292
1474292
1474292
1474292
1474292
1474292
1474292
1474292
1474292
1474292
1474292
1474292
1474292
1474292
1681447
1681447
1681447
1681447
1681447
1681447
1681447
1681447
1681447
1681447
1681447
1681447
1681447
1681447
1681447
1681447
2050058
2050058
2050058
2050058
2050058
2050058
2050058
2050058
2050058
2050058
2050058
2050058
2050058
2050058
2050058
2050058
901955
901955
901955
901955
901955
901955
901955
901955
901955
901955
901955
901955
901955
901955
901955
901955
2279439
2279439
2279439
2279439
2279439
2279439
2279439
2279439
2279439
2279439
2279439
2279439
2279439
2279439
2279439
2279439
1756736
1756736
1756736
1756736
1756736
1756736
1756736
1756736
1756736
1756736
1756736
1756736
1756736
1756736
1756736
1756736
1339093
1339093
1339093
1339093
1339093
1339093
1339093
1339093
1339093
1339093
1339093
1339093
1339093
1339093
1339093
1339093
1146834
1146834
1146834
1146834
1146834
1146834
1146834
1146834
1146834
1146834
1146834
1146834
1146834
1146834
1146834
1146834
