328719
373291
303647
376077
364934
370506
295290
339862
298076
292504
325933
323148
337076
328719
320362
356577
1934567
2030496
1918579
1950555
2142413
2014508
1902591
1678756
2062472
1854626
1806662
1950555
1870614
1966543
2158401
2014508
823506
798924
719031
805069
719031
676012
737468
805069
706740
774341
645284
780487
743613
817360
792778
651430
781115
660012
647902
787170
666067
672122
799281
702398
702398
756895
702398
641846
817446
762950
660012
781115
775903
906428
964440
920931
978943
957188
855668
833914
819411
761400
862920
870171
942685
920931
819411
819411
2996186
2481217
3066410
2551440
3136633
2691886
2738702
3066410
3113225
2808925
2528032
2715294
2855740
2504624
3113225
2808925
472725
454954
476280
454954
465617
462062
426519
387421
408747
451399
398084
462062
451399
451399
405193
383867
749431
658591
596138
704011
630203
715366
726721
669946
647236
715366
601816
755108
743753
760786
652913
630203
549206
585135
626197
651861
646729
692923
580003
569737
569737
569737
600534
656994
538940
667260
626197
692923
922363
922363
960165
1013088
899682
937484
899682
982846
945045
914803
824079
960165
982846
816518
967726
952605
2155487
2118641
1934411
1971257
2321294
2192333
2008103
2229179
2044949
2376563
2210756
2192333
2376563
2100218
1989680
2450255
58544
61546
59044
63548
54041
65049
60045
63047
58544
54041
64549
66550
56542
65049
58544
55041
868585
861098
823659
928488
853610
831146
853610
838634
906025
928488
928488
816171
988390
988390
898537
891049
1989031
2300358
1989031
1816072
1816072
2127399
1902552
2231174
2248470
1850664
1919848
1954440
2110103
1885256
1954440
2231174
2312746
2583608
2458594
2666950
2500266
2708621
2708621
2250239
2729457
2750292
2562772
2291910
2646114
2250239
2437759
2708621
969031
1011163
1070147
1036442
1019589
1078574
1028015
1061721
1019589
1036442
1078574
918473
884767
1053295
1078574
1011163
2686122
2835351
2259753
2323708
2558211
2536893
2536893
2856669
2558211
2771395
2686122
2792714
2345027
2792714
2238435
2281072
2698788
3469871
2724491
3007221
3212843
3444168
3032924
2801599
2853005
3392763
3341357
3135735
2878708
3135735
2955816
3264249
851817
858174
762822
686539
762822
680182
788249
775535
839104
667469
762822
724680
762822
820033
820033
826390
2835864
3095818
3024921
2835864
3024921
2764967
2646806
3001289
3072186
2812231
2481381
3143082
3166714
2812231
3048553
3048553
1160001
1291322
1356982
1269435
1149058
1411699
1433586
1236605
1214718
1455473
1247548
1203775
1225661
1291322
1302265
1378869
2226726
1896841
2177243
2144255
1764886
1880346
2226726
2210232
2226726
1764886
2045289
1847358
1830863
1896841
2160749
1797875
1601099
1773118
1706957
1482009
1548170
1402616
1746654
1627564
1680493
1733422
1654028
1733422
1640796
1548170
1482009
1561403
679911
639577
662625
622291
645339
772102
714483
714483
743292
685673
605005
616529
691435
639577
697197
720245
203578
179270
192943
177751
170154
162558
180789
165597
185347
185347
180789
167116
195981
191424
182308
173193
72816
62028
57174
64725
57174
66343
65264
72276
58792
59331
59871
57713
64186
67422
62028
62028
2827841
3033087
2827841
2805035
2531373
2759425
2599789
2440153
2782230
2599789
2622594
2531373
2736620
2622594
3033087
3055892
3209199
2864409
3023543
3103110
2811364
3580511
2917454
3076587
2997021
3156154
2997021
3394855
3156154
3209199
3527467
3182677
2417176
1966210
2417176
2399137
2272867
1984249
2326983
2164635
2110519
2038365
2164635
1912094
2218751
1984249
2417176
1948172
158443
148540
172589
169760
172589
186736
169760
149955
152784
168345
148540
174004
182492
148540
181077
188151
1422435
1398326
1482708
1410381
1289835
1422435
1289835
1591199
1350108
1338053
1470653
1470653
1398326
1422435
1265726
1434490
983532
895574
951547
1079487
1015517
959544
1079487
991528
1023513
1071490
1047502
999525
919562
863589
911566
1063494
52521
50097
52925
51309
50097
46865
48077
44845
42421
42421
53329
51713
43633
50501
46865
46461
2674327
2674327
2360929
2695220
2799686
2381822
2799686
2737006
2528074
2778792
2486288
2340036
2778792
2340036
2277356
2820579
350607
344562
383854
392922
392922
380832
353630
332472
374787
405012
401989
371765
320382
377810
371765
332472
1508144
1684774
1671187
1480971
1834230
1793469
1589666
1752708
1657600
1779882
1630426
1603253
1630426
1657600
1711948
1630426
870493
1041482
878265
862720
901582
994849
831631
1025938
1025938
893809
1018166
994849
979304
823859
823859
940443
567306
590943
600398
586216
600398
572033
557850
538940
529485
557850
595671
586216
628764
548395
638219
628764
2237574
2169768
2254525
1983304
1813791
2034158
2169768
2135866
2000255
2288428
1932450
1779888
2017207
1813791
1830742
2085012
1584997
1899141
1513601
1684952
1856303
1870583
1927700
1713511
1584997
1913420
1813466
1627835
1870583
1799186
1756348
1856303
2522802
2604844
2727908
2174122
2645866
2748419
2215143
2563823
2604844
2399739
2174122
2256164
2297186
2297186
2543313
2338207
1852934
1989626
1594738
1776994
1959250
2004814
2020002
1944062
1928874
1746618
1776994
1928874
1655490
2035190
1898498
1655490
2322590
2124078
2243185
2302739
2560804
2421846
2362292
2183632
2401995
2243185
2382144
2322590
2263036
2104227
2660060
2660060
1446643
1658995
1712082
1592635
1712082
1473187
1579363
1446643
1738626
1632451
1433371
1791714
1486459
1526275
1698810
1751898
2520422
2453508
2654249
2542726
2609640
2721163
3011123
2386594
2854991
2944209
2810382
2944209
2810382
2899600
2587335
2877295
1724254
1654728
1821591
1863307
1460054
1460054
1473959
1793781
1501770
1877212
1571296
1515675
1752065
1821591
1626917
1738160
2320725
2677760
2201713
2479407
2261219
2479407
2459572
2439736
2479407
2340560
2360395
2360395
2320725
2400066
2102537
2261219
1701797
1963612
1730888
1672707
1629071
1730888
1541799
1672707
1759978
1716343
1672707
1905431
1599980
1949067
1716343
1730888
1986715
1986715
1846062
2285601
2355927
1881225
1916388
2074622
2127367
1863644
2268019
2268019
2180112
1881225
1916388
1969133
2842704
3213492
2768547
2644951
3312368
2620232
3139334
3337087
2867423
2842704
3188772
2793266
3188772
3114615
2842704
3312368
2393494
2261569
2205029
2355801
2374647
2261569
2035412
2035412
1997719
2374647
2506572
2223876
2355801
2186183
2431186
2242722
1564405
1576723
1601359
1650632
1465859
1613677
1465859
1515132
1342678
1318042
1354996
1589041
1613677
1318042
1428905
1379632
2298088
2022318
2206165
2224549
1930394
2261319
2445166
2077472
2059087
1930394
2371627
2408397
2390012
2040702
2390012
2077472
1825792
1882848
1811528
1882848
1740208
1811528
1854320
1497720
1497720
1854320
1797264
1825792
1583304
1569040
1825792
1868584
926542
1043403
909848
1110181
1126876
918195
1010014
909848
893153
976625
1093487
1126876
884806
1026709
1093487
926542
1283795
1328449
1272632
1194488
1194488
1339612
1462410
1328449
1216814
1317285
1283795
1395430
1294959
1440083
1495900
1440083
751540
648275
757277
682697
728592
665486
705644
665486
659749
745803
642538
722855
751540
711381
740066
768751
2772762
2858077
2367512
2452828
2324854
2239538
2346183
2346183
2687446
2324854
2708775
2815420
2282196
2666117
2858077
2260867
1600620
1778467
1600620
1748826
1659902
2000775
1748826
1837749
1822928
1837749
1971134
1630261
1585799
1793287
1971134
1556158
451847
448424
417616
400501
376539
445001
431309
362847
359424
383386
414193
379962
390232
390232
403924
427886
569365
595245
693590
564189
615949
559013
652182
569365
553837
595245
662534
569365
590069
678062
605597
678062
831486
839257
994675
1049071
1002446
940278
878111
870340
909195
870340
885882
854799
948049
940278
1033529
909195
279746
250179
302489
241082
247905
275197
243356
243356
268374
300215
297941
302489
295666
282020
241082
272923
1850273
1692130
2134930
1960973
1976787
1834458
1913530
1660501
2008416
2087487
2071673
1802830
1739573
1913530
1676315
1929344
2674589
2695816
2250051
2292505
2250051
2334959
2801950
2610908
2441093
2462320
2356185
2823177
2674589
2228824
2526001
2695816
2856349
2856349
2856349
3088572
3042127
2995683
2647347
2554458
2972460
2693792
2856349
2647347
2461569
2461569
2693792
2879571
1113452
1420977
1261912
1145265
1251308
1208891
1367955
1261912
1145265
1431581
1134661
1431581
1134661
1399768
1124056
1336143
1339052
1138721
1159809
1244158
1265246
1254702
1180896
1117634
1128178
1307421
1254702
1223071
1317965
1412858
1149265
1296877
2246669
1800765
2315270
2263819
2023717
2246669
2058018
1920816
2092318
1869366
1903666
2263819
2246669
2178069
2109468
1869366
2506616
2487627
2506616
2259752
2430658
2278742
2563585
2563585
2145815
2031878
2278742
2544595
2449648
2050868
2278742
2259752
2648053
3163603
2601185
2554316
3069867
2835526
3116735
3116735
2765223
2976130
3046433
2952696
2835526
2858960
2741789
2577751
2445142
2667428
2978628
2734114
2800799
2845256
2645199
2445142
2911942
2489599
2667428
2622971
2400685
2378456
2556285
2378456
1559628
1632736
1596182
1376859
1620551
1644921
1486521
1583998
1401229
1608367
1352490
1340306
1632736
1315936
1364675
1437782
2840644
2251473
2440849
2840644
2651268
2209390
2840644
2735435
2714393
2356682
2377724
2714393
2546059
2756477
2251473
2272515
348766
348766
367618
348766
421033
399039
380186
370760
414749
392755
370760
417891
380186
392755
339340
421033
1123691
1196776
1224183
1215048
1050605
1096284
1068876
968384
1096284
1178505
1187641
995791
1023198
1215048
1004927
1032334
2650398
2627937
2605476
2830086
2919930
2785164
2852547
2605476
2852547
2964852
2852547
2717781
2493171
2964852
3032235
2515632
453223
502665
547987
552108
556228
543867
523266
556228
477944
556228
477944
539747
543867
531507
498545
469703
1881296
2330046
2330046
1984853
2071152
1881296
2036632
2105671
1864036
2019373
1846777
2105671
2053892
2071152
2226488
2174709
399973
479968
399973
441875
399973
472349
460921
491395
457112
430447
514251
476158
495205
460921
407591
499014
2578215
2619799
2391086
2786136
2723759
2682175
2515839
2266334
2203958
2765343
2619799
2266334
2786136
2599007
2536631
2661383
2911484
2587986
2264487
2566419
2544852
2393887
2782084
2393887
2609552
2631119
2264487
2329187
2264487
2631119
2609552
2609552
561369
530181
503450
574734
485628
512360
583645
583645
521271
512360
498994
543547
507905
512360
485628
498994
347268
370201
373477
393134
409515
360373
412791
416067
376753
343992
429171
357097
380029
429171
353820
353820
1176448
1166307
1135881
1146023
1288008
1064889
1227157
1156165
1288008
1166307
1227157
1359001
1176448
1257583
1075030
1206874
785109
865821
953871
865821
931858
777771
961208
983220
777771
902508
895171
939196
851146
931858
785109
792446
798922
768659
786817
786817
750502
653663
696030
786817
659715
811026
762607
696030
738397
762607
708135
804974
3437342
3072775
2734249
2968613
3411301
2994654
3463382
2838411
3255058
3385261
3385261
2864451
3176937
3124856
3020694
2812370
3369402
2854989
2700666
3163637
3035034
3343681
3420843
3395123
3086475
2803548
2880710
3369402
3137916
3163637
3215078
2854989
566733
566733
545935
587531
629126
696718
639524
639524
545935
644724
691518
681120
603129
701917
618727
551135
2447132
2750110
2773416
2866640
2959864
2680192
2470438
2656886
2586968
2493744
2563662
2913252
2913252
2983170
2703498
2610274
2014677
1901855
1772916
1901855
1821268
1869620
1805151
1982442
2111382
1966325
2014677
2063029
1756798
1966325
1756798
2159734
2726516
2815183
2793016
2704349
2682182
2549182
2859517
2660016
2859517
2881684
2438348
2903850
2815183
2770850
2371847
2549182
2479875
2518623
2421753
2383005
2596120
2383005
2189265
2324883
2131143
2111769
2596120
2557371
2402379
2034273
2111769
2557371
1922546
2169478
1957822
2275307
2292945
1887270
2134202
1957822
1851994
1904908
2257669
2010736
1887270
1975460
1869632
2151840
1822125
1666750
1695000
1497250
1723250
1709125
1878625
1779750
1553750
1652625
1695000
1822125
1822125
1779750
1497250
1638500
398336
398336
349360
424456
378745
404866
362420
372215
385275
352625
365685
401601
401601
404866
382010
427721
2178607
2199160
2199160
2219713
2199160
2486900
2589665
2240266
2486900
2425242
2199160
2754088
2260819
2486900
2240266
2363583
259670
224635
274097
226696
257610
234940
265853
228757
222575
237001
245244
261731
241122
257610
232879
216392
2703108
3213128
2830613
3442637
3213128
3085623
2677607
2677607
3187627
2805112
2703108
3162126
3391635
3391635
2830613
3187627
2543865
2716330
2845679
2586981
2328283
2263608
2608539
2328283
2694772
2500748
2522307
2630097
2586981
2888796
2716330
2371399
202507
225008
241884
217508
215633
202507
241884
219383
221258
230633
206257
221258
196882
213757
217508
211882
776071
716879
743187
730033
822110
841840
874725
815533
861571
743187
756341
703726
749764
835263
730033
848417
2970924
2464767
2728849
2772863
2640822
2442760
2728849
2662828
2904904
2508780
2596808
2706842
2310719
2970924
2684835
2464767
1315999
1425666
1547517
1498777
1474406
1425666
1474406
1364740
1620628
1352554
1315999
1315999
1413480
1523147
1644999
1279443
461547
407247
438276
430519
438276
480940
496454
496454
465426
480940
480940
418883
515847
469304
434397
426640
348918
335899
322879
338503
302048
325483
346314
328087
309860
309860
273406
322879
294237
330691
307256
302048
2232331
2191743
2374388
2638209
2435270
2191743
2374388
2191743
2557033
2719385
2536740
2414976
2577327
2475858
2557033
2699091
1715664
1677254
1498005
1702861
1664451
1510809
1369971
1638844
1485202
1446792
1408381
1574826
1498005
1715664
1715664
1382774
2168066
1718393
1766572
2071707
1814751
1927170
1702333
2119887
2103827
2023528
1895050
2071707
2103827
1959289
1734453
1943229
1573560
1763473
1519300
1600691
1614256
1519300
1668517
1519300
1763473
1831299
1777038
1709212
1736343
1505734
1641386
1641386
1880379
1490375
1504303
1560018
1518232
1824664
1755021
1768949
1741092
1810736
1685377
1824664
1727163
1657520
1713235
1657520
1377411
1284027
1237335
1552506
1470795
1249008
1377411
1505814
1540833
1377411
1365738
1342392
1307373
1435776
1307373
1225662
2189611
2100602
2260818
2332025
1904784
2082801
2332025
1993792
2207413
2029396
2154008
2082801
1869180
2064999
2029396
2118404
311897
339256
298217
295481
369351
290009
314633
298217
303689
317369
350200
369351
328312
369351
320104
290009
2282521
2415668
2301542
1997206
2491752
2187416
2168395
2491752
2282521
2035248
2567836
2491752
2396647
2548815
2453710
2415668
1424363
1531862
1518425
1464675
1652798
1531862
1612486
1572174
1719985
1814047
1679673
1531862
1410925
1464675
1760298
1504987
902990
1046455
987381
1139286
1012699
1029577
1088651
1021138
894550
1071773
1012699
1071773
1097090
995820
886111
945185
1754916
1788343
1955478
1922051
1938764
1871910
2105899
1922051
2105899
2005618
1788343
2022332
2055759
1821770
1905337
1871910
2451853
2410645
2554872
2431249
2163400
2307626
2657891
2616683
2163400
2287022
2184003
2328230
2596080
2431249
2719702
2369438
1410953
1502723
1319184
1353598
1330655
1399482
1468309
1215944
1319184
1537136
1468309
1273299
1227415
1468309
1365069
1261828
413222
431188
402442
380883
459934
391663
481494
459934
431188
409629
416815
377290
459934
377290
463527
441968
1633138
1996057
2011179
1920449
1905327
1950692
1618016
1648259
1754111
2011179
1587773
1844841
1587773
2041422
2026301
1678503
1640495
1627678
1396984
1614862
1512331
1537964
1384167
1499515
1512331
1653311
1717393
1614862
1614862
1666128
1512331
1486698
1113634
1060604
998735
1113634
945705
1034089
1184341
1016412
1007574
928028
1113634
1157826
998735
945705
928028
972220
1189901
1062736
990070
1071819
1162652
1144485
990070
1126319
962821
1226234
1017320
1108152
1071819
1071819
1144485
1089986
1688813
1762883
1866582
1570299
1703627
1629556
1999910
1851768
1614742
1644370
1614742
1999910
1807326
1555485
1703627
1925839
741909
793075
761096
741909
703534
716326
748305
844241
863428
729117
684347
857033
677951
671555
684347
697138
1198330
1113409
1198330
1075666
1009616
1236072
1094537
1113409
1188894
1019052
1141716
1000181
1254944
1245508
1170023
1245508
377862
333581
369006
383766
336533
333581
398526
357198
386718
312917
386718
366054
371958
336533
377862
366054
2111863
2644763
2625026
2467130
2506604
2644763
2447392
2368444
2407918
2368444
2427655
2368444
2131600
2230285
2309233
2664500
2508361
2945598
2508361
2485348
2531373
3060661
2922586
2899573
2439323
2761498
2623423
2899573
2738486
2807523
2876561
3106686
1676641
1354210
1508977
1547668
1560566
1483182
1676641
1496079
1612155
1702435
1392901
1599257
1354210
1367107
1741127
1689538
89007
89007
73944
74629
74629
75998
92430
73944
80106
73944
85583
80791
74629
73944
84899
87637
2628572
2750265
2993651
2750265
3285715
2579894
2871958
3261376
2604233
3042328
2579894
2628572
2920635
2774603
3285715
2798942
2151434
2115577
1918362
2079719
1882505
2025934
2348649
2151434
2115577
2420363
1990076
2294863
1954219
2366577
2187291
2115577
2141884
1947168
1719998
1979620
1930941
1784904
1719998
1801130
1963394
2158111
1719998
2060752
2174337
1801130
1703772
1801130
3303370
2789512
2642696
2740573
2789512
2813982
3132084
2887390
2691635
2887390
2960798
3303370
2716104
2789512
2642696
2936329
1310845
1281498
1046720
1301063
1242368
1193456
1242368
1213021
1027155
1203238
1203238
1056502
1252151
1056502
1271715
1291280
618584
582197
608188
696557
561404
613386
680962
587395
618584
665368
551008
670566
608188
628980
660170
545809
915943
915943
867735
805754
929716
847075
723112
764433
853961
778207
791980
874622
895282
833301
798867
750660
1726431
1686895
1621001
1607822
1779147
1647358
1607822
1436496
1502391
1686895
1713253
1765968
1673716
1594643
1410139
1423317
1287251
1185626
1400168
1287251
1309834
1524376
1388876
1411460
1422751
1309834
1422751
1524376
1309834
1524376
1355001
1513085
463237
533550
525278
446693
442557
558366
554230
529414
545958
521142
442557
541822
446693
554230
550094
508734
3070192
3228995
2884922
3017258
3149594
3202528
3070192
3202528
3414266
2964324
3520134
3308397
3440733
3202528
3520134
2884922
1817596
1885543
1953491
2225281
2038425
2293228
1953491
2208294
2276241
2225281
1868556
2276241
2123360
1936504
2021438
2055412
68535
73519
82865
80996
76012
72896
79750
69781
65420
74766
71027
67912
72896
69158
74766
72273
1888300
2391846
2229992
2409830
2158057
2355879
2158057
2032170
2068138
2014186
2301927
1942251
2140073
2194024
2014186
2427814
833123
999748
863418
848271
901288
1014895
916435
863418
908862
886140
878566
810401
961878
825549
1022469
840697
2483341
2646183
2646183
2320499
2707249
2544407
2524052
2686894
2401920
2320499
2483341
2198368
2646183
2157657
2666539
2300144
988036
972100
956164
1011941
972100
1035845
996005
1019909
1051781
1067717
852580
924292
844612
924292
980068
1003973
2496357
2362624
2964425
2964425
2340335
2540935
2563224
2540935
2540935
2897558
2384913
2474069
2451780
2897558
2630091
2384913
162165
191921
165141
184482
174067
160678
185970
171092
159190
156214
181506
178531
200847
163653
185970
169604
535927
668633
678841
668633
561447
546135
597176
607384
592072
576759
586968
602280
622696
541031
683945
632904
1675887
1767537
1662794
1610423
1636608
1544958
1597330
1636608
1728258
1623515
1767537
1558051
1453308
1715165
1584237
1427122
1592591
1762294
1710077
1618699
1644807
1670915
1618699
1462051
1657861
1605645
1435943
1540375
1422889
1514267
1462051
1657861
1507073
1558160
1570932
1519845
1685878
1698650
1417670
1443214
1609248
1583704
1455986
1724194
1353811
1545389
1532617
1341040
962949
962949
914802
962949
954925
970974
858630
866654
1043195
946900
1011097
866654
1043195
882703
1027146
882703
761402
792607
792607
786366
692751
823812
830053
761402
798848
711474
748920
830053
786366
674028
661546
773884
3328286
3277473
3252066
3226659
2870965
2972592
2997998
2972592
2794744
3302880
2743931
2845558
2845558
2870965
2769337
2743931
1876746
2297699
2069683
1964445
1929365
2052143
1946905
2069683
1946905
1929365
2227540
2174921
1946905
2139842
1859207
2017064
334337
385085
379115
385085
382100
325382
343293
334337
322397
313441
364189
400011
349263
385085
382100
319412
1445562
1740029
1566026
1726644
1713259
1673105
1753414
1418793
1458947
1780183
1646335
1579411
1740029
1726644
1726644
1699874
1001511
965092
1092558
1156290
965092
1001511
1128976
1210918
992406
1028825
1074348
1019720
1165395
1065244
1192709
1201813
639565
611140
530602
611140
634827
587452
540077
596927
596927
592190
606402
634827
587452
511652
634827
630090
1238917
1505227
1528384
1493648
1458912
1516805
1424176
1551541
1308389
1273653
1296811
1412597
1354704
1424176
1424176
1250496
2757570
2644555
2621952
2689761
2847983
2554143
3028807
2734967
3051410
3028807
2712364
2463731
2373319
2531540
2960998
2802776
109300
86290
93686
98617
93686
102726
93686
102726
106013
102726
92042
92864
87111
106013
96973
92864
2082243
1990916
2392752
1990916
2337957
2246630
2301426
2465814
1936120
2009181
2063977
2337957
1990916
2283161
2264895
1972651
989968
1033010
1076052
1153528
938317
964143
1041618
955534
1041618
938317
1162136
1110486
1127703
972751
938317
929709
673589
709999
794956
801024
728204
691794
673589
661452
734272
649315
697862
655383
770682
788888
776751
819229
75216
70587
75795
61909
67116
62487
64802
67695
74059
65380
74059
71745
65959
77531
70587
68852
158258
179359
168808
171823
168808
162779
176344
168808
159765
158258
192924
179359
180866
201967
173330
189909
948625
1138350
1077983
1008992
983121
1146974
914130
1129726
1155598
931377
1052112
1146974
1034864
1103855
948625
1034864
28093
28957
23554
29173
29173
26796
24203
25715
27444
23338
26364
28741
22690
25715
27228
27012
1485326
1524759
1577337
1695637
1774504
1577337
1616771
1419603
1419603
1419603
1551048
1629915
1406459
1774504
1537904
1511615
1169217
1042552
1062039
1110756
1237421
1159474
1091269
1139987
1266652
1023065
1062039
1286139
1023065
1237421
1295882
1237421
2668346
2767173
2989536
2693053
2915415
2890708
2866001
2767173
2618932
2693053
2594225
2915415
3113070
3261312
3162484
3014243
946776
1137868
1129182
946776
1007578
1155240
1007578
998892
1059694
1163926
1007578
1103124
972834
912032
1163926
1085752
3294901
3476510
2801963
3502454
3372734
2983572
2879796
2905740
3268957
3113293
2750075
3294901
3450566
3320846
3243013
3191125
2172918
1960527
2189255
1813488
2025878
1731799
2042216
2042216
1797150
1715461
2009540
2107567
1944189
1927852
1895176
2058553
1029144
1129549
953841
970575
937107
895272
886905
895272
1054245
978942
895272
995676
945474
1104447
970575
928740
444714
513132
505530
418107
463719
452316
410505
414306
433311
421908
459918
456117
402903
402903
459918
513132
3125290
3223725
2928422
2583901
2706944
2756162
3051465
2780770
3174508
2928422
3248333
2854596
3125290
3174508
3248333
3051465
2697541
2309095
2654380
2416996
2740701
2524898
2524898
2870183
2891764
2675960
2589639
2330675
2913344
2827023
2309095
2503318
138419
131242
113811
122014
133292
110735
107659
118938
130216
137394
119963
124064
137394
112786
130216
111760
1835789
1759929
1653727
1957163
1593040
1608211
1729586
1896476
1623383
1684070
1881304
1684070
1775101
1608211
1835789
1957163
2165042
2490757
2203362
2241681
2203362
2356639
2509916
2586555
2011765
2126723
2548236
2414118
2548236
2490757
2337479
2529076
1074557
1171444
1171444
1012902
995287
1004094
942439
1039326
1065749
1145020
1180251
951247
1074557
933632
1056942
1189059
3489056
3355886
3382520
3142814
3036278
3329252
3568958
2823206
3595592
3329252
2929742
3142814
3196082
3355886
2849840
2983010
1627991
1541658
1516992
1393659
1344326
1307326
1442992
1442992
1319659
1640324
1356659
1566325
1331993
1467659
1664991
1319659
1537493
1483069
1605524
1605524
1755192
1551099
1809616
1796010
1687161
1646342
1564706
1537493
1591918
1442250
1727979
1687161
308449
308449
305567
314215
340159
325746
386283
377635
360338
311332
340159
363221
354573
371869
368986
317098
1610403
1623712
1796731
1796731
1770112
1503930
1623712
1450694
1730185
1597094
1424075
1583785
1637021
1650330
1557167
1650330
2090932
2074205
1873475
1823293
2107659
1806565
2191297
1756383
1873475
1789838
2090932
2241479
2090932
2074205
2174569
2141114
2108116
2393962
2161712
2161712
2268904
2411827
2018789
1929462
2090250
2036654
2179577
2108116
2090250
2411827
2161712
2108116
1687011
1494993
1837882
1824166
1714442
1673295
1494993
1700726
1810451
1824166
1700726
1536140
1769304
1714442
1796735
1700726
199343
163904
177194
169811
191960
165381
160951
191960
199343
157998
169811
196390
184577
191960
168334
155045
1011498
936572
951557
906602
974035
959050
794213
966542
959050
989020
861646
921587
959050
809198
846661
1011498
1947656
2322893
2340761
1876183
2322893
1947656
2179946
1983393
1911919
2251419
2233551
2322893
1929788
2090603
1983393
2412235
3521623
3182504
3208590
3312934
3521623
3339020
2765126
3469451
2999901
2869471
2947729
2999901
3417279
3234676
3286848
3208590
1964861
2166386
1998449
2116004
1780131
2216767
1964861
1763337
1813718
2233560
1780131
1847305
2267148
1763337
1931274
1964861
1115382
1326400
1135479
1235964
1115382
1215867
1225915
1246012
1276158
1185721
1235964
1135479
1205818
1075188
1175673
1246012
831409
796179
887775
951188
944142
739813
739813
944142
746859
760950
944142
880730
803225
901867
789134
923005
2195622
2228889
1946119
2245522
2112454
2062554
2029287
2212255
1796418
1746517
1763151
1746517
2079187
2195622
2195622
1796418
1076955
1076955
1068670
919553
936122
1052102
1035533
886416
952691
1101807
952691
1018965
936122
902985
1076955
1068670
3442291
3002299
2743480
3468173
3131708
3390527
2898771
3079944
2924653
3287000
3054063
3416409
3157590
2976417
3338763
3338763
3353770
3171782
3093788
2807807
3145784
3015793
3327772
3457763
3145784
3275775
3223779
3301773
2807807
3405766
3301773
2885802
3081700
3055584
3316745
2820539
2768307
3316745
3447326
2846655
3238397
2742191
3003352
3316745
3160049
3342862
3290629
2820539
1458060
1470963
1612898
1638705
1638705
1690317
1587092
1716124
1393544
1406447
1445157
1380641
1483866
1651608
1380641
1535479
2481225
1996173
2201387
2387946
2276011
2331978
2294667
2164076
2369290
2070797
2108108
2164076
2033485
1958862
2462569
2033485
2973222
3278168
2973222
3354405
3252756
3074871
3303580
2896986
3303580
2719101
3100283
2668276
2922398
3303580
3379817
2693688
1001897
959801
1035575
1069252
892446
1069252
1060833
1010317
1086090
1102929
1035575
892446
1128187
909285
1128187
1010317
3305647
2590246
2688922
3330316
2886274
2960281
3305647
2713591
2960281
3305647
3182302
3034288
3132964
3280978
3256309
2590246
1146890
1292858
1178169
1167743
1219874
1334563
1146890
1407547
1146890
1407547
1282432
1209448
1105185
1251153
1230301
1272006
1562347
1770660
1666504
1592106
1919455
1845058
1770660
1711142
1978973
1711142
1740901
1904576
1845058
1978973
1770660
1874817
2954665
2642383
2858578
2978687
2666405
2642383
2954665
3050752
3146838
3050752
2738470
2786513
2906622
2954665
2714448
2930643
2961316
3569444
3437242
3331481
3146399
3040637
3543004
3437242
3225720
3278600
2987757
2829115
3305041
3119958
3119958
3278600
2288064
2860080
2457550
2499922
2457550
2563479
2309250
2838894
2711779
2584665
2711779
2584665
2372807
2648222
2732965
2351621
277110
294704
244121
290306
283708
259516
270512
270512
292505
296904
292505
252918
279309
230925
277110
257316
2701846
2340181
2574199
2638023
2638023
2382730
2531651
2297633
2276358
2425279
2340181
2425279
2659297
2425279
2808218
2723120
2722214
2859468
2516332
2790841
2470581
2676462
2813717
2584959
2745090
2996723
2607835
2470581
3065350
2905220
2699338
2493456
109249
103499
117874
114999
109249
127457
125541
117874
106374
106374
105416
121707
126499
121707
120749
124582
280044
273532
288728
271361
245310
256165
282215
240968
232285
264848
232285
273532
258335
256165
264848
234456
2728225
2728225
2436659
2374181
2519964
2374181
2519964
2353354
2707399
2686573
2332528
2395007
2374181
2499138
2415833
2353354
1941666
2294696
1906363
1959317
1941666
1906363
2012272
2135832
1924014
2135832
2241741
2012272
1924014
1906363
2065226
2224090
2396601
2254429
2741874
2213809
2295050
2701253
2498152
2152879
2376291
2254429
2254429
2274740
2457531
2721564
2315360
2680943
675788
657357
804802
767941
786371
688075
804802
645070
804802
657357
792515
823233
718793
731080
774084
829376
1823442
2045426
1728306
1775874
1744162
1696594
1997858
1791730
1966146
1680738
1680738
1712450
2013714
1950290
2124706
1760018
2931928
2536350
2769043
2792312
2769043
2862120
3094812
2443273
2559619
2443273
2862120
2908658
2955197
2489811
2513081
2559619
2403010
2346690
2234048
2440557
2215275
2046313
2008766
2496878
2403010
2215275
2496878
2440557
2102634
2177728
2478104
2496878
2223641
2571689
2146297
2204305
2146297
2223641
2417001
2591025
2494345
2184969
2436337
2281649
2030281
2320321
2610361
2146297
2752594
2950979
3025374
2727796
3025374
3149365
2678200
3025374
3025374
2777392
2678200
2603805
2628603
3025374
3050172
3198961
2419566
2615748
2899120
2528556
2746535
2637545
2855524
2354173
2811929
2354173
2354173
2441364
2528556
2572152
2659343
2702939
1203087
1242532
1094612
1311562
1222809
1104473
1262255
1045305
1321423
1173503
1045305
1222809
1045305
1114334
1134057
1104473
2486788
2589548
2527892
2445684
2692308
2219612
2404580
2322372
2404580
2384028
2753963
2630652
2548444
2384028
2342924
2610100
2789878
2644138
2477578
2227738
2311018
2498398
2664958
2331838
2456758
2248558
2373478
2727418
2748238
2810698
2685778
2581678
1026227
1042262
1018209
978122
922000
962088
1074331
1058296
865879
1074331
986140
889931
1034244
849844
922000
1066314
2167333
2404101
2185546
1930566
2240185
2331249
2221972
2076269
1912353
2185546
2185546
2294824
2313037
2349462
1948779
2130908
228938
227107
217949
239927
210623
197803
227107
239927
232601
225275
221612
208792
212455
206960
225275
238096
236437
238689
243193
267963
301739
261207
258955
261207
252200
247696
238689
254452
249948
281473
276970
288229
468766
481668
473067
576281
511772
481668
464465
516073
528975
567680
559079
490269
550478
477367
473067
528975
2567922
2241837
2588303
2364119
2730965
2567922
2506781
2404880
2343739
2710585
2404880
2241837
2506781
2751345
2751345
2751345
3028436
2511958
2911055
2793673
2723245
3169293
2652816
2605863
2605863
3122341
3122341
2582387
2911055
2605863
3051912
2652816
920860
864316
1017792
896626
993559
904704
888549
953170
1033948
880471
1042025
928937
912782
1042025
856238
1025870
1859512
1859512
1976647
1918079
1947363
1639884
1581317
1581317
1639884
1800945
1903437
1962005
1947363
1932721
1962005
1698452
2330161
2064939
2330161
2254383
2349105
2462772
2027050
2254383
2083884
2386994
2462772
2273328
2027050
2292272
2368050
2008106
2758149
3178438
2915757
3414851
3362315
3309779
2994562
3099634
3493655
3414851
2810685
3230975
3047098
3336047
3178438
3178438
985334
928331
969047
969047
912045
928331
993477
1034194
1034194
1058623
871328
1026050
1058623
1066767
944618
1009764
1681291
1455446
1355070
1380164
1367617
1442899
1467993
1656197
1505634
1405258
1329976
1380164
1405258
1380164
1593462
1455446
2974615
3254279
2898342
3305127
2847494
2923766
3228855
3101735
2822070
3381399
3406824
2669526
3381399
3254279
2949190
2872918
2995492
2621056
3195192
2995492
2695943
2920605
3120305
3045417
3320004
2795793
2995492
3320004
2695943
3245117
2745868
3170229
2528582
2123237
2451374
2451374
2200446
2046028
2219748
2451374
2277654
2567187
2547885
2432072
2432072
2509280
2181144
2393467
1251785
1230202
1219411
1327323
1316532
1262576
1230202
1176246
1370488
1154663
1154663
1262576
1294950
1294950
1294950
1359697
567048
691903
624273
582655
702307
587857
629475
577453
572250
577453
650285
624273
697105
613869
645082
619071
455149
479975
459286
533765
442736
438598
558592
455149
554454
504801
504801
434460
542041
504801
475837
504801
1558446
1628646
1544406
1474206
1600566
1656727
1530366
1825207
1740967
1895408
1769047
1544406
1867327
1572486
1628646
1755007
1897101
2057872
1752407
2025718
1832792
1897101
2138258
2122181
2154335
2170412
2041795
2154335
2009641
2073949
2106104
1704175
434754
447059
512682
504479
442957
430653
508581
549595
475769
496276
463464
430653
479870
529088
512682
541392
1454198
1476399
1309888
1476399
1232183
1187780
1332090
1209981
1465299
1409795
1221082
1309888
1420896
1476399
1409795
1487500
1081407
1152905
1126093
1018846
1126093
1188654
1179717
1054595
1161842
1072470
1063532
1197591
1027783
1188654
1170779
1161842
1069916
1045962
974102
838367
998056
1069916
990071
1037978
966118
1029994
918211
862320
1022009
1022009
846351
958134
2132055
2231220
2148582
1900669
2198165
2032889
1818031
1933724
2132055
2099000
1950252
2132055
2132055
2115527
1867614
1917196
2062559
2563742
2293874
2332427
2602295
2158941
2139664
2602295
2216769
2236046
2390256
2024007
2409532
2602295
2563742
2120388
3008954
2797387
2726865
2820895
3079477
3149999
2656342
2468283
2797387
2585820
2773880
2867910
2867910
2891417
2961939
2773880
289204
333101
335683
343429
271128
291786
340847
343429
278875
348594
271128
340847
346012
317608
315025
343429
2832525
3038112
2535567
2855368
2763996
2444195
2718311
2878211
2786839
2946740
2467038
2649782
2946740
2604096
3060955
2969583
2318524
2299826
2150244
2281129
2318524
2000662
2094151
2075453
2150244
2449409
2355920
2318524
2243733
2131546
2094151
2075453
2598913
2868611
2574395
2966684
2966684
3015720
3309936
3211864
3089274
3309936
3015720
2746021
3187346
3162828
2672467
2746021
417885
443322
403350
381547
490561
476026
446956
432421
425153
443322
414252
432421
479660
388815
406984
432421
2170017
2055805
2023174
1745803
1729487
2137385
1745803
1811067
1713171
2006858
1762119
2121069
2006858
1957910
2186333
2170017
1483627
1280227
1411839
1447733
1603275
1471663
1531486
1591310
1423804
1519521
1256297
1567380
1579345
1292191
1423804
1531486
2105397
1932824
1932824
2105397
2260714
2070883
2053625
2122655
2019111
1967339
2174427
1812022
1829280
2088140
1881052
1898309
3077268
2781850
3052650
3126505
2806469
2609523
2954178
2880323
2781850
2904941
2929559
2707996
2584905
3175741
3323450
2954178
2882763
3156129
3131277
3180980
2659100
2634249
3156129
2857912
3330088
2683952
3156129
3156129
3106426
2857912
3205831
2882763
2220643
1903408
1886712
2036981
2120464
1986891
1836622
2036981
2120464
1836622
1986891
1769836
2020284
1786532
1970195
2036981
3387421
3061225
3287053
2835397
2634661
3312145
3161593
2885581
3186685
3211777
2860489
2735029
2860489
3211777
2885581
3312145
1749826
1749826
1449075
1790838
1736156
1722485
1544768
1462745
1736156
1790838
1790838
1558439
1558439
1681473
1695144
1517427
190567
164382
158563
173110
186202
167291
167291
171655
183293
161472
155653
173110
165836
165836
167291
176019
1738639
1598427
1612448
1472235
1892874
1528320
1598427
1668533
1878852
1752661
1542341
1486256
1654512
1864831
1486256
1514299
1194663
1194663
1371266
1308935
1225828
1319324
1381654
1360877
1288159
1381654
1360877
1184275
1173886
1184275
1319324
1277770
379154
303323
365111
320174
373537
308940
308940
348260
325791
353877
308940
345451
303323
337026
362302
376345
2364672
2290194
1973663
1973663
2010902
2122619
2420531
2476389
2476389
2122619
2495008
2141239
2178477
2010902
2141239
2513628
3025867
2920619
2920619
2920619
3315298
3367921
3367921
3394233
3262674
3104803
2946931
3210050
3315298
2946931
3394233
3183738
1240598
1396976
1125921
1230173
1167622
1313575
1115496
1146772
1261449
1240598
1219748
1365701
1198898
1240598
1094646
1167622
1736256
1919020
1827638
1660104
1842868
2056093
1888559
2040862
1660104
2010402
2040862
1888559
1690565
1995171
1888559
1934250
55188
49449
52098
50332
54305
46800
49890
49890
51656
50773
58720
49449
49007
59603
51656
58279
2749585
2681414
2908652
2954100
2454175
2704138
2954100
2795033
2976824
2931376
2590518
2658690
2795033
2499623
2454175
2545071
2031801
1945708
1962927
1876833
2272863
1894052
2152332
2169551
1876833
2186769
2169551
1807959
2117895
1997364
2083457
1807959
622105
622105
746526
657653
633954
787999
740601
633954
782074
633954
770225
793924
758375
705052
799849
728751
353390
391046
353390
307043
318630
388149
385253
321527
321527
344700
318630
370769
347596
379459
353390
364976
1067056
1125259
1164061
1261066
1193162
1173761
1086457
1183462
1212563
1067056
1309568
1028254
1261066
1241665
1164061
1028254
2694702
2694702
3120181
2883804
2741977
3167457
3025630
3191094
2529238
2765615
3049268
2505600
3143819
3049268
3001992
2576513
608758
672533
631949
620353
637747
759498
730510
776891
678330
643544
713117
707319
608758
608758
655140
718914
2676820
2213911
2495682
2717073
2696946
2556061
2113279
2515808
2173658
2334670
2314544
2596314
2535935
2153532
2314544
2475555
2334163
2561886
2296209
2068486
2201325
2353140
2030532
2049509
2220301
2504956
2429048
2049509
2391094
2125417
2163371
2315186
1984381
1950168
2240982
2052808
2001488
1967275
2155449
2172555
2069915
1898848
2121235
2223876
1847527
2121235
2240982
1830421
2142821
2202344
2599163
2638845
2261867
2539640
2579322
2142821
2122980
2083298
2658685
2499958
2341230
2321389
2301549
2261867
1435526
1460065
1644107
1300562
1288293
1410987
1619568
1361910
1570490
1570490
1435526
1398718
1288293
1460065
1484604
1472335
295810
237982
275793
258000
284689
300258
240207
246879
235758
255776
260224
242431
280241
286914
278017
260224
590700
628290
724950
719580
606810
665880
612180
606810
708840
671250
671250
590700
563850
612180
601440
655140
2207624
2146864
2349399
2369652
2693707
2187371
2551933
2470919
2491173
2734214
2551933
2308892
2612693
2167118
2734214
2288638
649344
666737
782692
736310
643546
660940
608760
620356
707321
649344
660940
742108
765299
776894
724715
655142
1100676
1121059
1090485
1335079
1100676
1141442
1141442
1151633
1314697
1182208
1314697
1273931
1131250
1121059
1070102
1080293
605201
614658
534279
553192
496454
529551
595745
624114
539007
524823
595745
572104
633570
600473
595745
586289
781941
931221
867244
945438
853027
781941
909895
803267
746398
803267
781941
845918
924112
824592
781941
760615
1207234
1278850
1340234
1156080
1104926
1186772
1360696
1237926
1104926
1330004
1370927
1186772
1135618
1166311
1166311
1248157
1358833
1405289
1265921
1474972
1242693
1323991
1567884
1567884
1265921
1567884
1358833
1556270
1335605
1509814
1474972
1323991
2313962
2618431
2577835
2131281
2232771
2618431
2334260
2415452
2577835
2496644
2638729
2131281
2496644
2334260
2415452
2395154
1485961
1583173
1860923
1610948
1819261
1722048
1805373
1680386
1805373
1458186
1472073
1847036
1527623
1860923
1666498
1597061
2945215
2969160
3112829
2945215
2945215
2514208
2586042
3064939
3064939
3064939
2873380
2657877
3160718
3112829
3017049
3017049
2434348
2307181
2071012
2052846
2089179
2071012
2143680
2125513
1980179
2071012
2289014
2125513
2071012
1925678
2034679
2452515
1663806
1773680
1993428
1914947
1867858
1805073
1899251
2056213
1930643
1993428
1789377
1695199
1648110
1757984
1946339
1663806
2340089
2036413
2143593
2340089
1875644
2232910
2000687
1947097
2268636
2411542
1982824
2393679
2054277
1964960
1893507
2125730
2099104
2199061
2438959
2358993
2099104
2518925
2139087
2518925
2139087
2618882
2299019
2358993
2219053
2358993
2498933
2638874
666232
775356
700692
712179
752382
671975
717922
649001
735152
723665
654745
706435
677718
700692
729409
723665
2679763
2432054
2972510
2657244
2972510
2702282
2792358
2904953
2612206
2859915
2499611
2409535
2747320
2522130
3040067
2814877
1109803
1152488
1050044
939064
1050044
921990
956138
956138
1032970
1109803
956138
1041507
1143951
1084192
1058581
1007360
2385604
2108208
2071222
2367111
2348618
2089715
2237660
1978757
2478070
2293139
2200674
1997250
2052729
2108208
2034236
1960264
1404499
1461132
1381846
1268580
1393173
1381846
1359193
1189294
1279906
1211947
1336539
1495112
1211947
1415826
1245927
1529092
844566
1061740
1021523
876740
884783
949131
1013479
973262
1085871
876740
1005436
1021523
1013479
973262
973262
852609
21720
22079
22259
19387
23695
23336
21720
23156
22438
19566
21002
21002
19387
20464
20643
23874
2264949
1876189
2264949
2062118
2180436
1825481
2011410
1943800
2129728
1774774
1791676
2079021
1977605
2281852
2180436
1791676
2473209
2243143
2511554
2070594
2511554
2070594
2223971
2549898
2319832
2569070
2377349
2300660
2415693
2032250
2473209
2530726
1846852
1734067
1494399
1705871
1875048
1536693
1804558
1818656
1818656
1875048
1550792
1621282
1776361
1621282
1719969
1536693
534575
556665
578755
494813
521321
569919
494813
556665
516903
583173
543411
516903
468305
543411
508067
530157
632267
755208
743499
643976
643976
643976
655684
661539
772771
790334
731791
778625
772771
638121
643976
766917
3211459
3084020
2956581
3313410
3287922
2905605
2854630
3262434
3364385
2880118
3185971
3211459
3058532
2778166
3084020
2701703
1161529
1290588
1451911
1193793
1193793
1408891
1344362
1140019
1279833
1365872
1258323
1408891
1419646
1150774
1290588
1376627
654958
745924
770182
739860
697409
812633
721667
715602
806569
648894
782311
667087
642829
800504
721667
679216
232772
245585
260534
277618
243450
241314
288296
266941
247721
269076
241314
279754
243450
254128
286161
245585
760473
730295
796686
718224
730295
633727
754437
790650
742366
772544
706153
778579
742366
730295
663905
645798
2497961
2059388
2059388
2078456
2059388
2307277
2154730
2402619
2326346
2345414
2192867
2250072
2002183
2116593
2250072
2574235
2447369
2716995
2177744
2779216
2260705
2488850
2799956
2343667
2260705
2198484
2239965
2260705
2302186
2654773
2426629
2571812
532587
542450
641078
581901
576970
537519
572038
616421
542450
517793
537519
537519
601627
527656
631215
517793
2398050
2508052
2706056
2332048
2508052
2508052
2354049
2640055
2530052
2728057
2596054
2640055
2398050
2354049
2816058
2376049
1746964
2063082
2063082
2079720
2146271
2013168
2096357
2229459
1963255
1963255
2196184
1946617
1996531
1880066
1796878
1963255
1631088
1515499
1541186
1592559
1592559
1438440
1592559
1399910
1554029
1605402
1361381
1387067
1541186
1605402
1528343
1515499
1646990
1727989
1525490
1727989
1552490
1714489
1538990
1498491
1781989
1430991
1579490
1552490
1606490
1471491
1822489
1430991
2445779
2233940
2330231
2426521
2272456
2176166
2349489
2041359
2022101
2291715
2118392
2503554
2272456
2465038
2368747
2310973
423648
520482
532587
520482
480135
520482
544691
447857
439787
516448
447857
463996
504343
439787
532587
443822
1058307
1015975
948243
897444
965176
1083706
1075240
982109
931310
990575
1083706
982109
982109
982109
1083706
897444
2802691
2496147
2605627
2912171
2934068
2474251
2364771
2649419
2342875
2299083
2758899
2539939
2780795
2758899
2737003
2408563
1314146
1364690
1111970
1283820
1324255
1314146
1334364
1091752
1273711
1142296
1324255
1202949
1101861
1162514
1111970
1152405
446130
414264
446130
414264
417804
428427
371775
460293
396560
435508
470915
393019
446130
396560
463834
435508
1340215
1397489
1328760
1420398
1397489
1282940
1351669
1431853
1523492
1386034
1374579
1466218
1420398
1546402
1420398
1512037
397467
329750
317973
368025
368025
329750
332694
326806
323862
356248
323862
397467
309141
391578
373913
315029
1543910
1465406
1465406
1674750
1727086
1583162
1753254
1687834
1373818
1727086
1753254
1426154
1556994
1766338
1452322
1556994
2078237
2039391
2408424
2272465
2583229
2524961
2544384
2447270
2622075
2058814
2466693
2117083
2155928
2350156
2039391
2155928
2245412
1885460
2056866
2022584
2296833
2279693
1988303
1834038
1954022
2159709
2313974
2056866
2005444
2211130
2039725
2211130
116505
110264
117545
134189
126908
109224
119626
138350
121706
115465
124827
138350
116505
135229
117545
139390
488268
552757
557363
552757
529725
589607
520513
566576
603426
561969
594213
566576
571182
585001
589607
617245
924677
1070228
898992
1155847
1087352
1010295
1070228
1130161
916115
924677
1087352
1027419
898992
1027419
1027419
1010295
2498267
2498267
3099702
2637060
2590796
2752721
2452003
2544532
2498267
3053438
2729588
2498267
2822117
2798985
3122834
2960910
962809
830514
933410
786416
830514
933410
904011
962809
970159
837864
977508
852564
830514
977508
874613
940760
1572496
1584319
1537026
1312384
1513379
1241444
1572496
1477910
1253267
1253267
1477910
1371500
1525203
1560672
1572496
1276914
373670
385822
385822
352404
388860
343290
385822
410125
364556
343290
346328
340252
318986
355442
367594
361518
1788024
1740130
1947669
1724166
1963633
1788024
1724166
2155207
2075385
2107314
2155207
2043456
1899775
1931704
2075385
1708201
1341402
1218440
1430828
1274331
1442007
1497898
1263153
1475542
1386115
1207261
1341402
1330223
1307866
1229618
1374937
1184905
1587613
1281850
1352411
1470012
1258330
1458252
1505292
1246570
1352411
1234810
1387691
1411212
1246570
1364171
1270090
1481772
2747636
2769102
2747636
2618841
2812034
2747636
2296852
2876431
2425647
2597375
2597375
2876431
2854966
2833500
2532977
2769102
3386399
3150139
3307646
3438901
3360148
3412650
3150139
2966381
3228892
3255143
3412650
3202641
2756371
3097636
3176390
2992632
1027557
1172966
1037251
1260212
1046945
1105109
1192354
1202048
1066333
1153578
1017863
1260212
1066333
1172966
1153578
1085721
1224901
1348515
1281089
1224901
1517080
1236139
1213664
1438416
1505842
1359753
1224901
1415941
1191188
1494604
1427179
1393466
1029842
1220554
1191947
1287303
1144269
1268232
1201483
1182411
1191947
1201483
1125198
1115662
1144269
1258696
1277767
1077520
1574200
1309831
1478066
1442016
1309831
1285797
1345881
1586217
1357898
1586217
1285797
1261764
1562184
1562184
1285797
1405965
2726842
3395690
3189891
2906917
3241341
3112716
3421415
3267066
3112716
2701117
3035541
2906917
3318515
2881192
2701117
2855467
2037145
2132636
1925739
1750672
1766587
1893908
1687011
1925739
1782502
1893908
1957569
2084891
1814332
1687011
1909824
1814332
2527681
2649009
2588345
2406352
2406352
2163695
2487238
2204138
2669231
2729895
2689452
2507459
2325466
2143473
2729895
2264802
408508
362779
384119
381071
359731
387168
341439
320099
350585
353634
387168
393265
390216
332294
396314
362779
2064515
2387657
1938849
2405609
1974754
2010658
2279943
2172229
2190181
2028611
2405609
2315847
2333800
2226086
2010658
2333800
2478934
2910053
2910053
2349598
2263374
2565158
2478934
2500490
2543602
2888497
2888497
2586714
2392710
2716049
2672937
2910053
1450757
1609243
1536096
1633626
1401992
1462948
1511713
1365418
1584861
1426375
1365418
1438566
1304462
1609243
1414183
1633626
734064
642306
693920
607897
762739
716860
665246
602162
722594
607897
642306
745534
716860
762739
676715
642306
1446244
1590869
1398036
1458296
1301620
1337776
1373932
1410088
1289568
1446244
1265464
1578817
1554713
1518557
1265464
1554713
1805752
1911088
1715465
1926136
1986328
1850896
2031471
1655273
1730513
1670321
1580033
1790704
1850896
1865944
1640225
1926136
1345351
1276943
1242739
1311147
1459363
1379554
1539172
1482166
1254140
1254140
1402357
1333949
1459363
1219936
1539172
1413758
238441
249688
294677
251938
258686
272183
274432
258686
299176
256437
274432
256437
278931
238441
260936
292428
1772863
1786500
1568302
1663764
1827412
1513752
1718313
1541027
1677401
1786500
1813775
1650126
1581939
1445565
1786500
1704676
1909490
2224819
2347446
1909490
1839417
1909490
1874453
2312410
1839417
1891972
2084672
2032118
2329928
1856935
2207300
2067154
938045
896903
1028558
880446
1045015
1077929
1061472
1028558
979187
888674
1069701
1086158
1036787
995644
921588
1036787
2159082
2590898
2405834
2652587
2714275
2405834
2611461
2220770
2529210
2673149
2303021
2652587
2405834
2241333
2775963
2446960
1632483
1662714
1632483
1632483
1768524
1587136
1677830
1647599
1692946
1844101
1919679
1934795
1889448
1708061
1647599
2040604
1353336
1220053
1127780
1240558
1086770
1261063
1343084
1261063
1230306
1250811
1148285
1148285
1179043
1271316
1086770
1168790
805636
971079
891954
927920
870374
755283
913533
863181
870374
877567
827215
798442
971079
791249
942306
848795
2553827
3078913
3174384
3102781
2911841
2697033
2840238
3198251
2529960
2792503
2864106
2744768
3126649
2959576
2983443
2625430
3029327
3477141
3371773
2976643
3161037
2871275
2897617
2897617
3213721
2976643
3503483
3371773
3450799
3319089
2792249
3134695
2708825
3168815
2964375
2989930
3117705
3194370
3015485
3015485
3449919
3245479
2887710
3296589
3041040
2683270
3424364
3373254
2084778
2365085
2242451
1892068
2330046
2347566
1979663
1857029
2049740
2067259
2295008
1997183
2137336
2277489
2277489
2119817
2993541
3117241
3117241
2746141
3117241
2746141
2721401
3265681
3339901
3290421
2746141
3141981
3141981
3067761
2919321
3043021
468426
527507
459986
565488
565488
468426
447326
447326
447326
476866
535947
472646
510627
506407
540167
514847
518513
451225
451225
502681
510597
502681
502681
459141
423518
526429
447267
510597
419560
443309
435393
447267
171859
191500
202958
189864
193137
196411
184953
175133
214415
198047
176770
183317
184953
173496
217689
176770
3229311
2793611
3024276
2742352
3357459
2870499
3075535
3075535
2716722
2767981
2973017
3459977
3459977
3203682
3408718
3178053
3173370
2698614
2773575
2673627
2623652
2798563
3198357
3348280
3348280
2873524
2648640
3348280
3273319
2673627
3148383
3198357
2387433
2260667
2767732
2640966
2366305
2324050
2302922
2598710
2387433
2260667
2324050
2746604
2471944
2260667
2746604
2746604
69287
63036
66682
62515
68766
56263
57826
58347
70329
56263
61994
65640
59910
66161
57826
59389
2075028
1955969
2006994
2160070
2075028
2211095
1955969
1870927
1819902
1819902
2228104
2177079
2143062
1989986
2228104
1802893
2334264
2334264
2390738
2051893
2146016
2428387
2240140
2033068
2089542
1976594
2503686
2183666
2315439
2089542
2466037
2258965
2702140
2979930
2803155
3156706
2651633
3080945
3156706
3207213
2702140
3030438
3333481
2676886
3207213
3080945
3383989
2651633
612521
572356
677790
637625
607501
647666
662728
572356
602480
547253
657707
542232
672769
597459
562315
627583
1325035
1315220
1079658
1060028
1325035
1177809
1187624
1118919
1295590
1128734
1030583
1099288
1275960
1295590
1207254
1109104
2539459
2384378
2500689
2578230
2617000
2364993
2481304
2326222
2229296
2481304
2539459
2500689
2035444
2345607
2171141
2578230
2934136
2908622
3240307
2857593
3393392
3316849
2832079
3087221
2755536
2678994
3010679
3240307
3291335
3214792
3112736
3010679
1384236
1717478
1691844
1704661
1371419
1486772
1717478
1512406
1345785
1704661
1550857
1653393
1538040
1435504
1448320
1589308
407916
322679
392695
356165
319635
337900
347033
328768
404871
334856
383562
404871
380518
371386
319635
389651
1076972
914571
1025688
1094067
1128256
1076972
974403
1085519
965856
1128256
1034235
991498
1128256
1136804
923119
1025688
1075182
1122757
1208391
1141786
1227420
1198876
1151301
999063
1151301
1198876
1170331
1094212
1246450
1255965
1236935
1170331
1942499
1976879
2320685
2200353
2028450
2028450
1856548
1925309
1925309
2269114
2062831
2234733
1856548
1925309
1890928
2080021
862708
743472
771527
841666
848680
820625
757500
785555
778541
813611
792569
834652
925833
806597
764514
757500
483448
491930
513134
568264
525856
458004
534338
500412
462245
521615
466485
538579
491930
547060
534338
513134
1971927
2303491
1832322
2181336
2146434
2286040
2163885
2303491
2128984
2059181
1884674
2286040
2338392
2355843
1867223
2163885
1053028
1128244
1231667
1259873
1024822
1034224
1269275
1071832
1222265
1269275
1175255
1259873
1184657
1156450
1109440
1147048
2896784
2708375
2472864
3014539
2637722
2849681
2614170
2731926
3085192
3108743
2896784
2990988
3014539
3155846
2731926
2990988
705700
758960
878796
892111
792248
772275
725672
838851
838851
852166
892111
825536
792248
872139
805563
898769
2680059
2543785
2634634
2611922
2975320
2680059
2611922
2816333
2589210
2748196
2907183
2498360
2748196
2521073
2543785
2907183
796060
802001
736653
712890
736653
683186
706949
706949
730712
796060
772297
742593
665364
760416
778238
742593
1722473
2066968
1837305
2034159
2050563
1853709
1837305
1820900
1886518
1984945
1788091
1853709
2165395
2050563
1788091
1722473
2732814
3259319
2883244
3334534
3083817
2732814
3359606
3159032
2908316
3058746
2732814
2933387
3334534
3384678
2833100
3334534
2384217
2215423
2764004
2405316
2658508
2531912
2742905
2553011
2827302
2257621
2236522
2405316
2595210
2363118
2595210
2278721
267526
261492
259480
267526
213216
237354
211205
255457
237354
269538
215228
247412
231320
247412
247412
229308
383230
441923
397040
441923
362515
400493
403946
397040
421208
372873
441923
459186
403946
424661
386683
386683
1843979
2041548
1728730
1728730
1876907
2206189
1942763
2090940
2123868
1728730
2123868
2189725
1860443
1728730
2123868
1761658
1104634
1054875
1313619
1283764
1273812
1333522
1333522
1343474
1144440
1214102
1144440
1204150
1184247
1214102
1194199
1184247
1594019
1703952
1442862
1621502
1484087
1855109
1841367
1442862
1717693
1648986
1511570
1745176
1525312
1827626
1580278
1758918
3029984
2882180
2709742
3251690
2832912
3202422
3276324
2709742
2611206
2759010
3103886
3325592
2709742
2882180
3054618
2660474
2241353
2032855
1963355
1998105
1893856
2276102
1980730
1945980
2154478
2102354
2171853
1963355
2102354
2154478
2102354
1841731
2816777
2475349
2624724
2752759
2432671
2880794
2624724
2261957
2496688
2411331
2774098
2582045
2582045
2859455
2347314
2582045
181449
183161
205414
229379
179737
220820
181449
213973
186585
200279
181449
210550
213973
183161
220820
184873
1637553
1475048
1575051
1400045
1562551
1612552
1650054
1650054
1350044
1512549
1337543
1437547
1575051
1562551
1562551
1687555
2819353
2666955
3301945
3098748
3124148
2870152
2743154
2717755
2793953
2946351
3098748
3251146
3073349
3301945
3378144
2743154
2701699
3156191
3181440
3332937
3029943
2726949
3358187
2777448
2928945
3004694
2752198
3206690
3055193
3181440
3358187
2928945
1716220
1489282
1872240
1531833
1716220
1588567
1758771
1602751
1574384
1886424
1772955
1489282
1787138
1843873
1730404
1815505
1198030
1255535
1063850
1236366
1207614
1006345
1102187
1025513
1169277
1188445
1178861
1207614
1073434
1025513
1150108
1255535
3086606
2556095
2724894
2966035
3086606
3086606
2700780
3110720
2941921
3038377
2966035
2869579
2797236
2966035
3158948
2724894
2654910
2470221
3001203
2562565
2955031
2747255
2470221
2931944
2516393
3070461
2677996
2724169
3024289
2701083
2955031
2562565
1204968
1183828
1384656
1141549
1226108
1395226
1363517
1226108
1173258
1405796
1426936
1374087
1426936
1384656
1278957
1109839
2685377
3104197
3128834
2808559
3104197
3005651
2734650
2734650
2586831
2734650
2808559
3153470
2685377
2981015
2808559
2586831
2935607
3358534
3259021
3209265
2811217
3035119
2860973
2836095
3358534
3084875
2637071
3109753
3159509
2960485
2761461
3358534
2280255
2019157
2001750
1932124
1862498
2175816
2106190
2175816
2019157
2123596
2071377
2036564
1827685
2158409
1949531
2315068
1722904
1707521
1645989
1861352
1753671
1707521
1876735
1861352
1861352
1707521
1815203
1830586
1922885
1907501
2015183
1922885
83383
74403
73762
75044
80176
70555
82741
76327
72479
75044
77610
74403
76327
76969
78252
69913
1133223
1203423
1193395
1243537
1052995
1052995
1052995
1293680
1153280
1343823
1283651
1273623
1253566
1213452
1253566
1253566
440251
460728
419774
361756
365169
365169
426600
457315
440251
385646
419774
389059
365169
430012
433425
430012
1920557
2432705
2121758
1957139
2194922
2085176
2085176
2469287
2158340
1993721
2158340
1993721
1993721
2469287
2012012
2268086
2537236
2516608
2165933
2227817
2599120
2454724
2702260
2186561
2599120
2392841
2764143
2310329
2330957
2372213
2289701
2743516
3153427
2882429
3202699
3251971
3301244
3227335
2907065
3030246
3202699
3128791
2956338
3301244
2931701
2882429
2586795
2882429
1697195
1884042
2039748
1868472
2102031
1868472
1681624
2055319
1712766
1759477
1743907
2055319
2024178
2086460
1915183
1712766
1977038
1823779
1808453
1900409
2068993
1639869
1885083
2023016
1900409
1624543
1624543
2068993
2038342
1915735
1685846
2068993
306131
297627
342980
365656
297627
342980
354318
325973
303296
354318
334476
311800
376995
345815
317469
357153
2640098
2640098
3044437
3020653
2497390
3210930
2973083
3210930
2782806
2806591
2806591
2973083
2806591
3044437
2592529
3163361
577655
731696
621667
594159
616165
676682
731696
577655
610664
649174
654676
605162
687685
704189
599661
671180
2024146
2270071
2345740
2043064
2099815
2194402
2099815
2364657
2288988
2232236
2194402
2005229
2553830
2307905
2213319
2402492
210211
224709
195714
237394
210211
217460
190277
206587
241018
224709
233769
212023
226521
231957
239206
242830
2553162
2491392
2594342
2511982
2347262
2553162
2388442
2717882
2182542
2285492
2553162
2409032
2759062
2738472
2223722
2635522
2740341
3262311
3210114
3105720
3184015
3288409
3340606
2792538
2870833
3079621
3523296
3340606
3471099
3105720
3314508
3445000
2447465
2730643
2265422
2427238
2629508
2265422
2285649
2427238
2326103
2609281
2629508
2224968
2730643
2204741
2386784
2144060
1729791
1872618
2094793
1809140
1872618
1936097
2142402
1713922
1793270
1904358
1951966
1888488
1809140
1745661
1729791
1904358
2043614
1989834
1918129
2204952
1971908
2007761
2097393
2366290
2169099
2240805
2187025
2043614
2348363
2312510
2366290
1882276
2933326
3104437
2859993
2713327
3177770
3251103
2933326
2664438
2566660
3031104
2591105
3006659
3275548
3006659
3299992
2859993
2727751
3481131
3195366
2753730
3299280
2831666
3195366
2831666
3117430
3481131
2805687
3481131
3325259
2805687
2779709
3169387
806642
899973
713312
739978
766644
899973
833308
793309
893306
786643
819975
793309
733311
713312
806642
819975
508930
469444
552803
460669
544028
504542
504542
535254
544028
574740
465056
491380
579127
570352
579127
544028
1898001
1977749
2041547
1977749
1850152
1706606
2025597
1834202
1913950
1993698
1786354
2041547
2057497
1882051
2089396
1770404
1699922
1797458
1630253
1881061
1727789
1616319
1463047
1463047
1797458
1463047
1644187
1588452
1588452
1881061
1504849
1797458
2375622
2310238
2855105
2833311
2528185
2332032
2898695
2484595
2332032
2876900
2441006
2310238
2441006
2462801
2484595
2593569
2997418
2973049
3119265
3119265
2729357
2558772
2607510
2948680
2656249
2924311
3119265
2680618
3192373
2680618
2558772
3021788
412437
348280
406326
357445
342170
348280
400216
375776
320784
320784
375776
394106
351335
339114
366610
363555
1628680
1796114
1674344
1993991
1689565
1811335
1887442
1917885
1811335
1902663
1613458
1902663
1765671
1704786
1887442
1948327
1211980
1297784
1211980
1179803
1383588
1276333
1126176
1169078
1394313
1265607
1415764
1383588
1437215
1276333
1308509
1319235
659462
779364
653466
653466
749388
659462
689437
797349
737398
809339
779364
743393
701427
683442
629486
791354
2844865
2521585
2866417
2629345
2780209
2392273
2543137
2327617
2543137
2629345
2349169
2694001
2478481
2392273
2370721
2758657
2636569
2097271
2676517
2536699
2316985
2257063
2277037
2616595
2576647
2636569
2297011
2416855
2097271
2476777
2277037
2336959
2526902
2913905
2413078
2845611
3027730
2982200
2413078
2572432
2435843
2959435
2458608
2754551
2868376
2526902
2435843
2458608
674331
712144
699539
661726
812978
844489
680633
819280
712144
743654
699539
668028
812978
668028
806676
762561
2877974
2636127
2998897
2611943
2781235
3168190
2563573
2539389
2636127
2539389
3023082
3095636
3119821
3264929
2539389
2611943
2000092
2339731
2151043
2226518
2452944
2339731
2377468
2528419
2471812
2169912
2471812
2151043
2471812
2471812
2037830
2434075
46157
38869
41993
43034
40604
45463
39910
44075
40604
40257
45810
41646
39563
42340
36440
43728
1660043
1812341
1614354
2040787
1675273
1934179
1614354
1781881
2010328
1858030
1979868
2040787
1751422
1751422
1979868
1690503
1425552
1349955
1447151
1252758
1263557
1382353
1252758
1403953
1360754
1187960
1393153
1360754
1166361
1187960
1371554
1403953
1072753
1072753
1227302
1072753
1018206
1200029
990933
1090935
1063662
1090935
1172755
1136391
1227302
1209120
1100026
1200029
2211679
2553484
2332316
2171467
2694228
2533378
2191573
2171467
2654015
2312210
2714334
2292104
2211679
2493166
2151361
2473060
1210444
1059139
1119661
1331489
1230618
1160009
1139835
1311315
1351663
1109574
1059139
1170096
1129748
1139835
1361750
1190270
1809677
1686987
1978376
2009048
1625642
1947703
1932367
1825013
1901695
1702323
1640978
1794341
1610306
1794341
1871022
1978376
2620861
3011691
2413951
2758801
3103651
2896741
3080661
2712821
2597871
2643851
2712821
2597871
2666841
2620861
2574881
2413951
2937799
2937799
2573421
3074441
2892252
2846705
3028894
2892252
2846705
2915025
2778384
2869478
2664515
2436779
2710063
2687289
594066
484392
607775
520950
493531
534659
584926
603205
594066
612345
511810
507241
507241
534659
603205
516380
2237467
2237467
2292942
2255959
2274450
2145010
2108027
2145010
2052553
2292942
2255959
1941604
2459365
2237467
1941604
2440874
641680
715015
678347
647791
672236
788349
672236
672236
751682
745571
800572
653902
739460
818906
733348
660013
666192
656021
584825
533971
564483
600081
574654
544142
600081
574654
584825
544142
574654
539056
666192
554312
1387127
1170388
1343779
1300431
1311268
1408800
1365453
1246246
1224573
1322105
1159551
1322105
1202899
1311268
1300431
1289594
2079794
2063022
2046249
2163657
2063022
1828206
2130112
2130112
1777889
1945614
1895297
2096567
2113340
2113340
1811434
2230747
2722652
2477167
2387899
2901186
3012770
2811919
2811919
2811919
3012770
2678018
2811919
2566434
2410216
2365582
3012770
2856552
1151092
1356644
1377199
1161369
1171647
1171647
1305256
1089426
1346366
1315534
1079149
1315534
1079149
1099704
1161369
1130537
573798
499158
489828
592458
625114
559803
578463
536478
517818
522483
527148
578463
494493
592458
620448
597123
3498892
2942250
2783209
2968757
2889236
3207317
2809716
2995263
3551905
3472385
3498892
2783209
3207317
3127797
3286838
2942250
412995
450232
382528
379143
409610
419766
379143
392684
375758
423151
399454
436692
426536
396069
453618
372373
736631
613859
714309
719889
591537
725470
680825
630601
703148
613859
686406
725470
585956
725470
731050
669664
555785
488553
475106
542338
546821
484071
497517
493035
605088
582678
542338
578196
524410
600606
501999
501999
1075443
898878
898878
874801
842698
882827
842698
1083469
1067418
1003212
1075443
1011238
858749
1003212
1019263
850724
1353798
1456186
1501692
1353798
1376551
1410681
1308292
1228657
1444810
1205904
1535822
1217281
1444810
1456186
1376551
1422057
2310985
2255521
2458888
2366448
2495863
2237033
2052154
2218545
1959715
2033666
2347960
2329472
2274009
1996691
2089130
2237033
2847677
2536586
2536586
3015187
3086977
3158767
2584446
3182697
2967327
3158767
3039117
2560516
2871607
2728026
2895537
2536586
1806803
1838501
1949445
1901898
2060389
1854350
1822652
1775104
2107936
1949445
1996992
1727557
1680009
1901898
2028691
1949445
204681
231214
236900
210367
244480
233109
219843
231214
250166
223633
255852
240690
242585
242585
216052
210367
2762040
2928714
2952525
2952525
2547743
2762040
2738229
2547743
2690607
2547743
2642986
2738229
2785850
2952525
2904904
3166821
2522784
2500056
2545512
2727334
2681879
2931884
2681879
2659151
2636423
2863701
2931884
2431873
2681879
3068251
2977340
2386417
2528656
2117014
2332636
2587462
2254228
2175820
2469850
2450248
2254228
2254228
2430646
2156218
2077810
2430646
2332636
2607064
1126915
1170594
1126915
1170594
1118179
1004614
952200
1057029
1030822
1048293
1170594
917256
1100708
978407
1048293
1039557
985616
1128825
1036160
1019312
1019312
1095129
1036160
994040
1069856
1128825
1137249
1137249
1019312
994040
926647
977192
167251
171363
157654
156283
153541
160396
143945
153541
149429
185072
156283
175476
165880
171363
168621
157654
1188927
959948
1100858
1162506
1109665
1083245
1030403
1056824
1021596
933528
968755
1021596
1030403
1109665
1144893
1109665
