2084167
2046273
2197849
2425213
2159955
2501001
2330478
2273637
2330478
2311531
2292584
2463107
2387319
2273637
1989432
2103114
466963
474038
410361
452812
374985
463425
374985
459888
438662
466963
452812
420974
378523
389136
463425
442200
6397
5347
5247
6597
6647
5797
6447
5547
5497
6447
5647
5347
6547
5997
6397
6547
1868425
1903026
2266331
2093329
1920326
2214430
2266331
1885726
2110629
2318232
1885726
2214430
2024128
2214430
1868425
2093329
636526
766188
624738
636526
772082
648313
789763
695463
736720
730826
671888
677782
677782
648313
689569
742613
147999
159275
167732
153637
149409
147999
180418
174780
149409
152228
155047
179009
166323
150818
169142
190285
2016153
1732398
1866808
1822005
1836939
1956415
1732398
1612922
1807070
1807070
1747332
1971350
1568119
1881743
1881743
1747332
2182668
2082698
2182668
1882759
1816113
2049375
1749466
2132683
1882759
1982729
2066037
1749466
1799451
2132683
1799451
2082698
522994
483671
487603
475807
475807
503333
424687
526926
530859
444348
412890
487603
507265
487603
499400
519062
2672948
3086040
2940243
3110339
3013141
2794445
2988842
2745846
2697247
3061740
2964542
2624349
2551450
3013141
2600049
2721547
1626588
1771819
1844434
1597542
1641111
1786342
1742773
1684680
1757296
1829911
1699203
1568495
1539449
1858958
1873481
1684680
1601792
1529530
1397051
1300703
1553617
1577705
1445226
1397051
1625879
1565661
1348877
1300703
1613835
1385008
1348877
1601792
1098193
1197211
1098193
1026181
1206213
1143201
999176
1215214
1161205
1008178
963170
1197211
945166
1161205
1206213
1035182
500099
555666
546404
551035
495468
500099
546404
541774
537143
523252
523252
574188
615863
601971
574188
588079
761836
865723
824169
810317
934981
934981
810317
741059
921130
900352
914204
886501
782614
893426
907278
803391
2931921
3005219
2931921
3200681
2687594
3298411
3054085
3200681
2858623
3225113
3127383
2980786
3225113
3249546
3225113
3127383
2876852
2673181
2698640
2927770
3004146
3080523
3156899
2749557
3080523
2927770
3284194
3258735
3131441
3386029
2953228
3156899
179550
205667
218725
174653
190976
171389
192609
192609
217093
179550
177918
177918
208931
181183
199138
202402
2075290
1911451
2020677
2075290
1947860
2075290
2311946
2384763
2348354
2257333
1911451
2421171
1947860
2348354
2220924
2275537
61337
62858
61337
55761
61337
57281
54747
57281
58802
67420
60830
55761
53733
53733
66913
57281
781398
815670
822524
891068
863650
891068
863650
795106
877359
719708
719708
891068
877359
808815
877359
760835
444601
506459
490994
506459
433003
502593
479396
510325
510325
498726
413672
452333
452333
405940
518057
510325
1432879
1814980
1774041
1473818
1528404
1528404
1814980
1569344
1460172
1528404
1760394
1514758
1555697
1542051
1432879
1692162
1580192
1683812
1670859
1644954
1593145
1722669
1709716
1360002
1411811
1489526
1437716
1515430
1385906
1709716
1424764
1541335
1001615
841051
1016907
802821
1024553
863988
955740
871634
948094
902218
909864
909864
986323
802821
986323
894572
72522
79363
87573
90310
77311
87573
90994
80732
87573
83468
80732
73206
85521
82100
76627
91678
145255
169242
179903
151918
171907
154583
173240
166577
143922
171907
174573
175905
141257
169242
142590
149253
1366706
1343142
1578781
1272450
1496307
1284232
1402052
1296014
1307796
1378488
1472743
1390270
1343142
1319578
1319578
1472743
1554542
1271898
1283675
1307229
1566319
1330782
1507435
1342559
1413220
1401443
1319006
1566319
1448551
1424997
1554542
1401443
603925
693395
704579
738130
726947
665436
643068
609517
743722
715763
643068
682211
671028
631884
693395
749314
783698
803966
763430
810722
743162
851258
770186
817478
716138
864770
722894
898550
885038
891794
736406
871526
475401
585448
515018
484205
589850
572243
545831
528224
559037
471000
559037
479803
515018
532626
572243
501813
1518976
1845485
1604152
1632544
1859681
1490584
1632544
1788701
1561564
1504780
1533172
1689328
1490584
1817093
1873877
1916465
2505207
2719327
2312499
2740739
2548031
2719327
2355323
2590855
2890624
2676503
2590855
2333911
2847799
2719327
2462383
2398147
1288860
1082249
1219990
1151119
1269183
1101926
1308537
1121603
1279021
1259344
1288860
1151119
1033056
1239667
1111765
1200312
1443079
1283999
1272636
1340813
1488530
1193097
1340813
1465805
1272636
1363539
1329451
1329451
1283999
1431716
1533982
1283999
1359540
1222532
1422774
1317383
1211993
1327922
1380618
1138219
1380618
1380618
1211993
1243610
1117141
1211993
1222532
1306844
656830
732827
683972
711113
607975
694828
629688
591690
694828
602546
683972
645973
678543
700257
635116
705685
593234
515056
602432
607031
492063
561043
584037
538050
620827
505859
510457
570241
524254
565642
597833
611629
2175897
2415615
2286536
2194337
2378735
2065258
2120578
2304976
2083698
2157457
2028379
1936180
2009939
2470934
2212777
2028379
978196
1005622
1170178
1005622
969054
1124468
1142752
1225030
969054
987338
1060474
969054
987338
1097042
1225030
1179320
2713223
2282553
2497888
2863958
2670156
2325620
2261019
2756290
2691690
2605555
2368687
2562488
2820891
2476354
2605555
2282553
794879
781520
801559
901754
714723
768160
794879
801559
781520
841637
788199
888394
875035
848316
861676
788199
1628194
1739523
1544697
1795188
1823020
1795188
1809104
1614278
1753439
1475116
1572529
1809104
1558613
1544697
1739523
1502948
991624
847800
976484
855370
915927
984054
1021902
908358
1014333
893218
923497
999193
915927
1014333
855370
931066
1837638
2050936
1755601
1804823
2034528
2034528
1788416
2018121
1772008
1739193
1804823
2149381
1903268
1772008
2050936
2067343
191501
203687
215874
222837
217615
188019
203687
189760
186278
226319
233283
221096
228060
189760
198464
188019
120292
150078
124874
120292
129457
152370
147787
147787
138622
126020
152370
123729
131748
120292
139768
137476
689536
684149
635666
565635
608731
700310
597957
630279
624892
614118
603344
635666
705697
592570
608731
603344
493581
459410
406255
474597
459410
398661
440426
448020
474597
501174
463207
421442
504971
425239
410052
410052
746724
621320
741024
695423
678322
758125
712523
621320
769525
758125
621320
615620
621320
689722
661222
627020
747243
759011
647219
741360
723708
723708
658986
676638
688405
653102
759011
700173
635451
635451
759011
735476
969131
900453
839405
808881
961500
862298
976762
930977
1022548
961500
938608
1014917
824143
923346
824143
900453
989383
954361
1050673
1059428
1068184
936850
980628
1006895
1006895
1164496
1129473
954361
1094451
954361
1033161
954361
160268
164847
186217
206059
177058
163321
187743
186217
201480
206059
181638
178585
203007
180111
189269
190796
1469906
1469906
1340554
1587498
1328795
1246480
1458147
1422869
1528702
1352313
1328795
1281758
1387591
1552221
1328795
1399350
2663148
2330255
2392672
2309449
2787983
2517507
2787983
2226225
2247031
2538313
2455090
2247031
2767178
2392672
2663148
2517507
3063062
3485553
3459148
3485553
2983845
3511959
3010250
3115873
3247902
3485553
2983845
3274308
3221496
3221496
2957439
3538365
2361617
2041999
2308347
2361617
1988730
1882191
2379373
1882191
1935460
2148538
2361617
2006486
2130782
1988730
1917704
1953217
1538490
1772011
1497280
1785747
1634645
1717065
1662118
1593436
1565963
1593436
1469807
1717065
1758274
1497280
1826957
1662118
1751690
1657849
1861170
2064491
1689129
1955011
1673489
1939371
2111412
1970651
2001931
2095772
1829890
1829890
1923731
1657849
1968758
2058246
1932962
1950860
2308816
1879269
2255122
2147736
1950860
2362509
2219327
1897166
2004553
1986655
2129838
2380407
2966664
3121446
3095649
3069852
3405214
3250432
3327823
3069852
3353620
3018258
3250432
3147243
3224635
3327823
2734490
2940867
3350478
3350478
2886565
3170067
2963884
3247386
3221613
3427797
3350478
2835020
3066976
2912338
3195840
2809247
3170067
3350478
1577637
1266890
1266890
1577637
1326649
1553734
1565685
1553734
1422264
1493975
1446167
1517878
1601541
1517878
1446167
1362505
2073244
2130306
2396594
2434635
2510717
1997161
2548759
2491697
2206388
2282470
2453656
2491697
2339532
2225409
2282470
2168347
282086
236116
236116
261191
259101
242385
269549
279997
240295
257012
257012
221490
227758
279997
271638
250743
706473
681685
774642
768445
836613
774642
749853
793233
650699
811825
830416
669291
706473
663093
731262
650699
362817
398503
389582
365790
356869
368764
365790
401477
327130
327130
330104
324156
380660
380660
324156
344973
2766148
3086198
2674705
2400376
3086198
2491819
2583262
3040477
2857591
3063337
2628983
2903312
2697566
3063337
2994755
2994755
2425296
2231272
2037248
2076053
2367089
2425296
2541710
2056651
2599917
2522308
2153663
2541710
2347686
2580515
2114858
2153663
612736
663798
754574
703512
737553
737553
635430
641104
607063
686492
624083
618410
765921
601389
675145
595716
1517740
1456540
1309662
1627898
1542219
1529980
1358622
1468780
1493260
1554459
1627898
1456540
1444301
1615658
1407581
1505500
1084850
1230712
1203363
1057501
1066617
1203363
1039268
1057501
1130432
1212479
1021035
1212479
1011919
1221596
1084850
1176014
1654604
1654604
1654604
1852591
1781881
1838449
1697030
1499043
1810165
1583895
1697030
1484901
1824307
1598036
1880875
1484901
3120724
3096343
2974440
2755014
2974440
3071963
2803775
2730633
3242627
3218247
3267008
3145105
3071963
2803775
2803775
2901298
2086300
2404213
2284995
2483691
2642647
2245256
2602908
2205517
2304865
2404213
2364474
2642647
2205517
2523430
2364474
2165778
966352
966352
925055
892017
925055
1024168
925055
1090243
1065465
892017
1090243
1040686
933314
949833
1090243
900276
528165
602293
560596
593027
597660
542064
602293
565229
588394
579128
486468
500367
486468
532798
579128
500367
1796010
1796010
1591586
1576984
1664594
1723001
1752205
1620789
1562382
1591586
1723001
1664594
1723001
1956629
1723001
1737603
89150
93278
86674
109787
90801
104834
92452
102358
98230
103183
89150
102358
89150
94929
100707
100707
3055144
3002920
3133482
2976807
2872358
2767909
3185706
3237931
2924583
2872358
3133482
2846246
3472942
3081257
2846246
2741796
589923
487732
524892
506312
580633
562053
562053
524892
585278
529537
501667
487732
538828
599214
580633
552763
3202511
3355012
3100844
2999177
3431262
2719593
2846677
2668759
3100844
2922927
3050011
3253345
3304178
3126261
2821260
2872093
2265596
2011985
1876725
2164152
2045800
2096522
1876725
1910540
1842910
1826003
1961263
2011985
2028892
1876725
2164152
2197967
2659909
2330168
2769822
2725857
2593960
2374133
2484047
2659909
2769822
2440081
2659909
2945684
2330168
2571978
2813788
2791805
1579409
1675548
1551941
1565676
1757952
1854090
1826622
1854090
1497006
1648080
1579409
1716750
1593144
1442070
1799154
1510740
1161550
1006677
1032489
1161550
1084114
1118530
1049697
1066905
1075510
1075510
903428
1041093
929240
946448
1015281
980865
572992
643934
594820
693047
714876
736704
616648
660305
589363
665762
665762
671219
654848
605734
594820
649391
686084
686084
788676
846384
743792
750204
692496
743792
827148
865620
737380
859208
692496
705320
827148
865620
728520
791324
697118
778763
697118
847847
847847
697118
778763
835286
709679
835286
715959
741081
703399
690838
2912602
3224667
3172656
3146650
3302683
3042629
2860591
3146650
3016624
2912602
3094640
2860591
3328688
2860591
3302683
2886597
280322
260612
282512
273752
260612
293462
262802
240902
249662
251852
291272
269372
295652
254042
232142
280322
218269
228663
209608
228663
194017
195749
228663
228663
183623
228663
195749
185356
206143
213072
183623
187088
1693580
1455224
1354864
1342319
1568130
1543039
1517949
1693580
1417589
1342319
1530494
1605765
1643400
1480314
1643400
1442679
1165152
1183945
1221530
1249719
1259116
1259116
1155755
986620
1212134
1108774
1042999
1108774
1005413
1230927
1014810
1061792
1267186
1247840
1064049
1228493
1044703
1141435
1228493
1296206
1131762
1015683
1112415
1064049
1015683
1112415
1093069
1218820
870689
885831
878260
810119
984257
991828
953972
923687
840404
984257
946401
1014542
863117
984257
855546
855546
1235901
1060734
1041271
1138586
1119123
1109392
1051003
1235901
1226170
1265096
1051003
1196975
1041271
1255364
1226170
1196975
144921
124061
148215
142725
119670
144921
119670
148215
136138
141627
124061
115278
141627
120767
137236
140529
2551046
2815778
3032376
3080509
2647312
2695445
3248974
3128642
2599179
2791711
2984243
2815778
2671379
3128642
2575113
2912044
1172070
1049191
1143713
1105905
1011383
1134261
1068096
1257139
1077548
1115357
1011383
1276044
1200426
1238235
1162618
1134261
450323
434927
404136
504208
496510
438776
492661
504208
438776
427230
473417
446474
473417
407985
446474
469568
585359
642936
585359
585359
594955
590157
590157
537379
542177
522985
614147
513389
623743
532581
556571
623743
489421
502189
506444
574538
480909
566026
472398
510700
566026
536235
476654
472398
493677
446863
523468
502189
1680673
1453213
1529033
1415303
1491123
1465850
1668036
1364757
1566943
1453213
1326847
1364757
1339483
1402667
1326847
1668036
2081389
2356290
2297382
2336654
2297382
2061753
2120661
2493740
2513376
2493740
2277747
2101025
2199204
2336654
2591919
2101025
2820344
3018262
2696644
3290401
2770864
3092482
3240921
2647165
2869823
3018262
2869823
2647165
2671904
2820344
2721384
2647165
2373261
2590991
2547445
2765176
2939360
2525672
2351488
2634537
2634537
2569218
2743403
2547445
2307942
2786949
2438580
2525672
1513361
1331757
1549681
1416506
1537575
1416506
1525468
1549681
1440719
1537575
1355971
1368078
1271223
1283330
1319651
1489147
1808874
1566742
1552498
1694930
1652200
1823118
1552498
1580985
1851604
1723416
1766145
1794631
1794631
1524012
1922819
1723416
1415544
1563253
1649416
1427853
1427853
1600180
1403235
1600180
1353998
1563253
1587871
1587871
1317071
1563253
1587871
1600180
2976699
3123095
2781506
3147494
3220691
3147494
2903502
3098695
3123095
2903502
2879103
2635111
2610712
2732708
2586313
2610712
3050483
3287158
3392347
3497536
2997888
2866402
2892699
2761213
3234564
2997888
2945294
3129375
2787510
3497536
2840105
2997888
1749768
1766432
2249702
1749768
1849755
1799761
1849755
1999735
2116386
2199708
1899748
1866419
2099721
2166379
2249702
2033064
686879
594612
589486
661250
620242
548478
579234
599738
584360
584360
558730
620242
558730
543352
676628
620242
1700817
1406187
1767778
1499933
1781170
1714209
1781170
1794562
1807955
1687424
1499933
1432971
1754386
1499933
1740993
1674032
1558258
1572048
1613418
1723737
1558258
1737527
1640998
1751317
1627208
1751317
1834056
1627208
1696157
1709947
1682367
1613418
585320
701330
601140
569501
558954
685510
564228
606413
696057
616959
616959
553681
580047
685510
701330
553681
1197563
1309200
1309200
1278753
1278753
1288902
1258456
1359944
1319349
1349795
1278753
1299051
1065628
1370093
1106223
1096074
1145148
1261604
1154853
1213081
1193671
1193671
1086920
1281013
1193671
1018988
1135444
1232490
1251899
1213081
1193671
1096625
2936541
2962528
3378321
3352334
3352334
2728644
3170424
3274373
2780618
2962528
3326347
3092463
2858579
3248386
2858579
3014502
285737
278934
297076
294808
265327
299344
274398
247185
276666
306147
269863
301612
267595
301612
297076
267595
31242
34056
36308
36871
35463
37152
34901
31242
32930
35463
36026
34338
34056
37152
34056
32367
1759571
1825349
1743126
1776015
1743126
1792460
1874683
1924017
1776015
1891127
2121352
2154241
2006239
2137796
1841794
1743126
439855
436471
416170
402636
375568
368801
378952
426321
426321
446622
422937
433088
409403
362034
399253
453389
2982302
2816619
2485252
3076979
2721943
2603597
2603597
2958633
3100648
2840288
3124317
3195324
2840288
2485252
2792950
2721943
740257
892274
753476
773304
760085
826180
799742
832789
819570
892274
832789
819570
700600
839398
753476
760085
1893550
1731708
2023023
1747892
2087760
1861181
2152497
1699339
1796445
2071576
1812629
1780260
1764076
2120128
1974471
1780260
988862
842364
783765
944913
937588
878989
791090
871664
835039
871664
842364
769115
974213
974213
922938
842364
956944
1014197
1006018
1022376
1022376
973302
1095987
1046913
883333
866975
883333
907870
924228
1022376
981481
1055092
2486970
2668943
2244338
2264558
2709382
2345435
2547628
2163461
2143242
2689162
2628505
2325216
2163461
2325216
2304996
2385873
1685519
1758171
1787231
1598337
1685519
1670989
1947065
1874413
1598337
1903474
1612867
1685519
1888944
1540216
1670989
1772701
2705134
2590510
2430036
2888533
2613435
3094857
3071932
2750984
2407111
2452961
2796834
2659284
2796834
2407111
2750984
2728059
1266787
1278738
1326542
1254837
1446050
1469952
1505804
1565558
1398247
1601411
1541657
1362394
1577509
1529706
1374345
1338492
358810
302155
329134
304853
364205
302155
288666
334529
356112
302155
348018
353414
337227
310249
353414
285968
1290587
1443707
1148403
1214026
1170278
1192152
1203089
1203089
1257775
1454644
1290587
1279650
1345273
1246838
1203089
1268712
562313
519058
471478
471478
519058
519058
488780
454176
536360
497431
484454
527709
570964
506082
475803
501756
2141053
1823240
2258142
1873421
2124326
2040691
1856694
2090872
1773059
1990510
2007237
2207961
2074145
2074145
2241415
2057418
2231278
2102196
2157517
1973114
2489443
1991554
2268159
2378801
2305040
2139077
2028435
2231278
1936233
1936233
2083756
2434122
3078195
3234713
2765158
3391232
3391232
3234713
3339059
3026022
2999936
2921676
3260800
2843417
2973849
2843417
3417318
3026022
1581525
1682742
1543568
1518264
1492959
1518264
1708047
1492959
1594177
1492959
1581525
1518264
1505611
1619481
1594177
1429698
3008331
2635205
2611884
3054972
2565244
2541923
3008331
2448642
2588564
2775127
2775127
2821768
2938370
2938370
2821768
2518603
2110106
2270876
2572320
2471838
2552223
2552223
2411550
2130202
2592416
2612512
2632608
2190491
2652705
2572320
2311068
2190491
3099569
3021428
3490271
3177709
3151662
3307943
2917241
2734914
3099569
3255850
3229803
3073522
2995382
3151662
2787007
3307943
1380118
1122633
1153531
1380118
1369818
1205028
1132932
1369818
1235926
1215328
1174130
1266824
1266824
1318321
1143232
1246226
2844206
3045566
2743526
3045566
3322436
3272096
2919716
2894546
3171416
2995226
3272096
2869376
3347606
2919716
3196586
3196586
3192408
2924343
2558800
2997452
3192408
3070560
2729387
3241147
2753756
2656278
3289886
2778126
2924343
2753756
2680648
3021821
2024511
1671755
1947825
1840465
1656418
1687093
2070523
1825127
1687093
1610407
1748441
1748441
1625744
1687093
2009174
1748441
843397
889520
843397
817040
836808
790684
817040
790684
764328
744561
843397
731383
843397
856575
757739
836808
2629303
2406823
2427049
2184344
2265245
2730430
2164118
2609077
2285471
2366372
2710204
2669754
2164118
2164118
2366372
2285471
468719
525667
547570
516906
560711
521286
551950
582614
481861
530047
560711
573853
560711
525667
486242
473100
2836520
2708749
2785412
3168725
3347605
3219834
3373159
2913183
2836520
2759857
2887629
3347605
2759857
2913183
2683195
2913183
624696
754350
730776
618802
754350
718989
701309
713096
671843
754350
642376
783816
677736
772030
713096
683629
2630560
2371816
2350254
2652122
2738370
2414940
2673684
2393378
2414940
2285568
2565874
2738370
2479626
2781494
2608998
2393378
3022700
2797126
2909913
3022700
2797126
2391091
2571551
2436206
2955028
2413649
2548994
2774568
2842241
2594109
2503879
2842241
2577313
2720497
2618223
2659133
2434129
2311400
2638678
2495494
2311400
2331855
2372764
2515949
2679587
2290945
2147761
2209125
3039140
2630897
2608217
3039140
2721618
2404095
2948419
2426776
2676257
2449456
2835018
2857698
3061820
2766978
3016459
2880379
2517673
2729242
2602301
2771556
2602301
2433045
2538830
2517673
2623458
2729242
2242633
2559987
2602301
2708085
2411888
2538830
2756639
2689404
2913521
2442875
3003167
2622168
2666992
2465287
2666992
2398051
3003167
2711815
2510110
2510110
2958344
2420463
2528896
2205197
2346815
2225428
2164735
2528896
2528896
2508665
2731207
2549127
2609820
2407509
2387278
2326584
2286122
2205197
1875312
2027776
1844819
1722847
1890558
1722847
1799079
1600876
1616122
1616122
1661861
2012530
1814326
1692354
1616122
2012530
2379882
2016541
2125543
2089209
1962040
2416216
2343548
2052875
2161877
2180044
2125543
2398049
1925706
2343548
2307214
2016541
1174708
1134888
1045291
1184664
1065202
1224484
1343946
1304125
1224484
1343946
1264305
1055246
1075157
1304125
1164753
1244395
2042761
2252275
2112599
1920545
2252275
1850707
2269735
2339573
2112599
1850707
2077680
1885626
2182437
2252275
2339573
2322113
1516309
1444104
1444104
1456138
1347830
1492240
1540377
1480206
1371898
1576480
1311727
1540377
1444104
1383933
1600548
1383933
1672139
1742992
1757163
1828016
1516261
1587115
1544603
1615456
1502091
1884699
1799675
1572944
1785504
1856357
1686309
1629627
1400387
1518066
1506298
1423923
1459227
1400387
1459227
1529834
1541602
1365083
1494530
1400387
1306243
1400387
1259171
1341547
1312110
1362095
1574532
1312110
1686999
1686999
1312110
1512051
1499554
1562036
1412080
1362095
1524547
1637013
1674502
1349599
81841
89282
74401
88605
75078
83871
87929
74401
72372
85900
79812
79812
71696
84547
81165
81165
460990
491981
507476
519098
484233
457116
499729
476486
429999
464864
503603
433873
418377
422251
495855
484233
2352880
2171889
2099493
1954700
2189988
1936601
2443375
2334781
2117592
2226186
2117592
2008997
2063295
2334781
2008997
2117592
2283824
2016188
1873449
1909134
1909134
1980504
2087558
2051873
1998346
2230297
1980504
2016188
2176770
2141085
2051873
1944819
1843965
1759508
1872117
1534291
1843965
1632824
1717280
1618748
1576519
1675052
1745432
1872117
1660976
1590595
1689128
1815813
1162211
985555
1069234
985555
1013448
1004150
1050638
1255188
1217997
1208699
1162211
1078532
1032043
1134318
1199402
1180806
1087005
869604
998434
1087005
958174
885707
998434
1087005
853500
885707
958174
966226
853500
998434
1070901
1054797
941370
970788
978143
934016
904598
772218
904598
808990
875180
889889
801636
963434
889889
779572
889889
831053
2449117
2513007
2619490
2853753
2236150
2470413
2875050
2555600
2704677
2257447
2619490
2662083
2236150
2342633
2555600
2427820
1328160
1220179
1360554
1403746
1220179
1349756
1328160
1392948
1230977
1317362
1317362
1414544
1220179
1209381
1176987
1317362
628848
543325
618787
638910
643941
648971
568479
568479
603694
679156
603694
618787
664064
533263
628848
543325
2766512
2916054
3040671
3065595
3240060
2741589
2616971
2691742
3040671
2841283
2916054
2666818
2965901
3140366
3140366
2816360
2328472
2446869
2545533
2308739
2367938
2131144
2289007
2446869
2269274
2308739
2229808
2269274
2289007
2545533
2427136
2071946
1353638
1199565
1177555
1419669
1386653
1188560
1397659
1155544
1287607
1221576
1364643
1485700
1265596
1364643
1342633
1210570
517227
436169
424590
474768
517227
416870
443889
436169
447749
501788
486348
470909
459329
497928
447749
490208
2677371
2801324
2925276
2776533
3049229
3123600
2999648
3173181
3098810
3222762
2850905
2627790
2875695
2850905
3098810
2999648
1013895
1105236
1013895
1123505
995626
1132639
1150907
959089
995626
1105236
1050431
1068700
1041297
1068700
1169176
1096102
308817
278441
329067
275910
298692
326536
339192
273379
313879
268316
288567
308817
268316
280973
316411
326536
2150292
1896321
1947115
2014841
1913252
2184155
2116430
1879389
2065635
1811664
2133361
2167224
2031772
1879389
1964047
2065635
2059674
2314682
2628537
2373529
2334298
2118522
2098906
2118522
2491225
2138138
2510841
2432377
2059674
2334298
2471609
2216602
1645047
1790978
1552181
1591981
1698113
1419516
1777712
1472582
1446049
1645047
1724646
1631780
1578714
1591981
1777712
1777712
2409160
2041349
1949397
2317208
2059740
2482722
2482722
2409160
2225255
2151693
2464332
1967787
1986178
2078131
2225255
2078131
3070244
2742126
2601504
2859311
2601504
2976496
2882748
3070244
2859311
2976496
2484319
2578067
2789000
2859311
2859311
2648378
489923
460890
384680
388309
413712
381051
388309
479035
442745
424600
489923
420970
475406
486294
424600
435487
756460
658852
768661
805264
799164
780862
780862
774762
671053
817465
701556
701556
695455
725958
786963
701556
552459
462524
509632
505350
505350
543894
539611
539611
565307
483937
561024
569589
462524
475371
462524
479654
587250
464541
486454
539043
539043
486454
503984
517131
468924
560956
565338
495219
486454
490836
543426
552191
678999
722805
657096
640668
646144
618765
646144
646144
657096
580434
596862
629717
733757
618765
673523
624241
2240404
2329309
1920346
2027032
2382652
2169280
2311528
2382652
2187061
1902565
1955908
2222623
2169280
2400433
1973689
2187061
1563264
1797023
1957733
1855463
1884683
1899293
1972343
1826243
1548654
1811633
1753194
1870073
1709364
1680144
1694754
1709364
2826690
3198623
3149032
2901077
2603530
3049850
2975463
3297805
2628326
2702712
3273009
2851485
3322601
3347396
3322601
3000259
961226
1015635
1160725
1206066
1070044
952157
1042839
1097248
1051907
1079112
1224202
1133521
1224202
1133521
970294
1070044
2496757
2293768
2415561
2740343
2171975
2354665
2740343
2151677
2720044
2679446
2679446
2192274
2557653
2415561
2557653
2232872
400262
442768
403805
474648
400262
421515
425058
446310
449853
400262
425058
417973
439226
400262
379010
464021
3369960
2752563
3112711
3164161
3189886
3164161
2829737
3318510
3164161
2778288
3086986
3241336
2701113
3164161
3395685
2932637
2977429
2698295
2977429
3023952
2512206
2605251
3000690
2605251
2488945
2791340
3070474
2558728
2814601
2698295
2721556
2581989
590383
601117
611851
670890
595750
660155
708459
601117
681624
649421
697725
622585
713826
697725
638687
692358
2956400
3001883
2456086
2547052
3024624
2888175
2615277
2751726
2501569
2683501
2819950
2683501
2592535
2501569
2592535
2569794
2223195
2655483
2326120
2182024
2717238
2696653
2490801
2305535
2511387
2429046
2284950
2552557
2470216
2367291
2264365
2778993
1067856
1043402
1076008
937431
1002644
978189
1059705
994492
880370
1002644
1067856
1100463
1018947
1002644
1002644
921128
2827475
2905295
3346278
3294397
2801535
3138756
2801535
3086876
3060936
3138756
2879355
2853415
2931235
2853415
2957175
2723714
2284306
2697657
2284306
2610636
2915210
2480104
2545370
2458348
2436593
2327817
2828189
2545370
2654146
2762923
2567125
2893454
2775935
2455635
2605108
2882702
2434281
2711875
2327515
2434281
2263455
2455635
2370221
2861348
2327515
2391575
2519695
2284808
2003061
1918186
2223738
2070962
2155837
2070962
2155837
1901211
2274663
1782385
2274663
2104912
2223738
2053987
2003061
1935161
233495
256224
227296
245893
276888
278954
227296
237627
278954
221097
227296
233495
276888
274821
247959
227296
1288090
1119160
1383113
1288090
1330323
1182509
1119160
1108602
1330323
1235300
1140276
1266974
1108602
1161393
1182509
1393671
1386600
1399322
1691907
1450206
1373879
1539254
1615580
1462927
1564696
1590138
1335716
1551975
1577417
1564696
1602859
1424764
615573
621220
683342
660752
688990
672047
643810
762407
688990
694637
621220
722874
694637
751112
660752
751112
1668258
1821181
1682160
1626551
1487530
1765573
1543138
1696062
1793377
1487530
1543138
1682160
1626551
1876790
1668258
1696062
1827870
1960806
2126976
2060508
1977423
2027274
2060508
2176827
2193444
1994040
1894338
2110359
2210061
1877720
1910954
1977423
1443474
1548242
1466755
1268860
1385269
1501678
1513319
1455115
1548242
1222296
1245578
1559883
1408551
1233937
1513319
1431833
2538951
2346606
2596654
2346606
2038854
2500482
2365841
2192730
2135027
2462013
2077323
2192730
2288903
2058089
2404310
2269668
2133429
2415202
2213935
2314569
2455456
2616469
2656723
2495709
2234062
2515836
2314569
2173682
2213935
2556089
2596343
2556089
184828
199168
183235
192795
208728
183235
188015
208728
180048
188015
183235
195982
180048
208728
215102
172081
450036
454127
548226
445945
462310
540043
470492
515496
445945
429580
441853
503222
519587
441853
458218
519587
1563939
1587636
1315131
1267739
1303283
1563939
1481003
1350675
1255891
1326979
1398067
1492851
1481003
1362523
1409915
1599484
874770
730123
743899
847219
771451
895434
881658
785227
916098
785227
778339
757675
730123
854107
929874
867882
136435
123441
116944
126689
138600
128855
122358
134269
123441
123441
127772
138600
127772
127772
119110
137518
467425
429054
366266
366266
366266
456960
387195
446496
369754
436031
390684
383707
415101
429054
439519
404637
1608055
1647276
1686496
1647276
1608055
1751865
1634202
1581908
1647276
1438098
1503466
1660349
1712644
1464245
1647276
1411950
297870
315245
263118
307799
292905
260636
330139
280494
322692
287941
320210
295387
290423
320210
292905
282976
1663285
1874720
1508233
1818337
1846528
1761955
1719668
1888815
1522329
1592807
1691476
1536424
1691476
1860624
1508233
1564616
2477058
2275671
2396504
2597891
2698584
2517336
2235394
2295810
2154839
2497197
2436781
2618029
2557613
2134701
2235394
2174978
413559
413559
470602
377908
388603
449211
477732
434950
459906
459906
456341
427820
449211
442081
456341
374342
2154369
1974838
2172322
1956885
2315947
2100510
1885073
1938932
1938932
1920979
2190275
2028698
2423665
1938932
1920979
2208228
3422672
2817122
3370016
3159390
2790794
2896107
3080405
3080405
3343687
2922435
3133061
3317359
3343687
3133061
3264703
3449000
1473483
1613815
1543649
1543649
1782213
1838346
1852379
1571716
1473483
1712047
1669948
1501550
1585749
1543649
1613815
1782213
1969316
1969316
1906298
1937807
2016579
1811770
2048088
2126861
1906298
1922052
1922052
2032334
1764507
1890543
2016579
1796016
1772614
1676426
1539014
1484049
1539014
1580237
1717650
1511532
1635202
1703908
1607720
1442826
1593979
1648944
1580237
1813838
536213
561545
477102
531990
447547
561545
506658
536213
468658
506658
460214
477102
544657
544657
561545
464436
528669
509955
509955
594168
598846
608203
500598
556740
505276
589489
566097
575454
561418
580132
528669
523990
410614
401352
336518
339606
404440
382828
416789
339606
336518
345780
330344
336518
364304
358130
351955
389003
811703
833640
833640
804390
914080
840953
855578
892142
914080
840953
840953
775139
833640
957955
797077
782452
1129466
1014755
1085347
988283
1005931
988283
970635
1058875
1058875
1076523
1111818
1164762
970635
1173586
1005931
1067699
1186419
1349687
1197303
1251726
1251726
1404110
1251726
1425879
1458533
1382341
1262611
1153765
1153765
1251726
1273495
1382341
1428582
1324895
1440103
1359457
1255770
1474666
1359457
1497707
1440103
1440103
1440103
1336416
1209687
1451624
1255770
1244249
2195569
2211954
1998951
2113645
2179185
2211954
1785948
2211954
2015336
1720409
1851488
2048106
2097260
1966182
1851488
2130030
2821449
2796480
3071135
3171009
2621700
3046166
2796480
3021198
2721575
2796480
3320821
2821449
2971261
2696606
3096103
3320821
1946148
2368425
2460225
2460225
2111387
2405145
2368425
2221546
1946148
2093027
2111387
1946148
2276626
2460225
2350065
2129747
2121513
2395847
2048357
2469002
2194669
1956913
2249535
2377558
2048357
2103224
1920335
2377558
1956913
2103224
2084935
2121513
1468047
1821466
1780686
1753500
1739907
1780686
1671942
1835059
1495233
1508826
1821466
1821466
1536012
1508826
1753500
1617570
2685691
2761701
2989731
2660354
2913721
2888384
3040405
2660354
3243098
2913721
3091078
3268435
2888384
3065741
3091078
3065741
2545790
2678614
2877850
2457241
2435104
2811438
2324417
2789301
2855712
2678614
2767163
2855712
2457241
2745026
2767163
2988536
2457239
2119603
2344693
2532269
2344693
2157118
2232148
2363451
2213390
1988300
2494754
2532269
2025815
2250906
2082088
2157118
1327929
1294168
1350436
1192885
1249154
1204139
1440465
1507987
1215393
1496734
1249154
1474226
1260407
1519241
1451719
1507987
2913519
2848291
2348209
2609121
2717835
2891776
2848291
2630864
2500408
2326466
2456922
2391694
2804805
2587378
2522150
2891776
1547028
1317839
1386595
1226163
1226163
1512650
1398055
1443893
1317839
1466812
1409514
1432433
1524109
1501190
1432433
1375136
3048017
3141802
2602538
2602538
3048017
2461860
2508753
2837001
3001125
3071463
2672877
2672877
3048017
2602538
3024571
3071463
1710113
1549790
1523069
1683392
1549790
1656672
1723473
1656672
1723473
1402827
1723473
1589870
1656672
1629951
1803635
1616591
2596327
2767783
3061707
2914745
2620821
3282150
2767783
3208669
2865758
2718796
2963732
3110694
2596327
2718796
3135188
2767783
2416325
3031804
2530302
2781053
2986213
2689871
2689871
3054599
2644280
2849440
2849440
2416325
2849440
2872235
3077395
2781053
1401556
1375359
1637332
1702825
1440852
1506345
1742121
1401556
1584937
1401556
1388457
1558740
1506345
1715924
1755220
1637332
2953748
2640471
2394326
2461456
2662848
2729979
2528587
2908994
2886617
2886617
3020878
2931371
2953748
2461456
2349572
2349572
823867
915408
892522
862009
930664
1014577
808610
1014577
1022205
915408
945921
984063
976435
1006948
1022205
923036
229551
229551
265171
221635
229551
217677
239445
247361
257255
235487
241424
261213
267150
241424
213720
251319
2590350
2713700
3108420
2911060
2935730
3305780
3108420
3083750
2787709
3207100
3083750
2886390
2861720
2738370
3182430
3305780
1866369
1751516
1622305
1507452
1852013
1837656
1866369
1507452
1909439
1665376
1722802
1923796
1938153
1665376
1536165
1823299
1290248
1463050
1474570
1336329
1267208
1221128
1463050
1497610
1520650
1497610
1347849
1393929
1382409
1382409
1428489
1290248
2872398
2988220
2710246
2872398
2432272
2826069
2918727
2733411
2826069
3011385
2802904
2826069
2640753
2524930
2524930
2571259
873092
893397
791874
805411
906933
778338
805411
764802
798642
886628
798642
724193
771570
771570
785106
771570
53896
58840
54885
55873
59335
60818
55379
66752
58840
57357
66257
64279
56368
66257
52412
63290
2350720
2067927
2386069
2191649
1961879
1908855
2103276
2085601
2386069
1891181
2120950
1961879
1908855
2209323
1873506
1926530
564756
447621
527105
455988
468538
485272
543839
464355
493638
493638
506188
535472
552206
476905
472721
531289
711384
625156
635935
695217
695217
646713
587431
673660
652102
646713
592820
652102
705995
684438
700606
668270
2632723
2406473
2447609
2612155
2694427
2591586
2714995
2262496
2756132
2756132
2385905
2550450
2180223
2694427
2468178
2200792
3561817
2923880
3109945
3083364
2817557
3508656
2817557
3109945
2844138
3588398
3375752
3216268
3588398
3402333
2817557
2870718
2950819
3157894
3183778
2821397
3028472
3261431
3209663
2950819
3313200
2743744
3132009
3442622
3157894
3416738
3235547
3054356
1924040
2035348
1987645
1939941
2146656
1971743
1987645
1860435
1796831
2003546
1733226
2003546
2114854
1669621
1860435
1765028
1564870
1385295
1410949
1539217
1564870
1475083
1346815
1539217
1654658
1359641
1475083
1359641
1590524
1705965
1654658
1475083
1425927
1325667
1503908
1247686
1303387
1381367
1236546
1214266
1437067
1492768
1381367
1470487
1370227
1470487
1325667
1169706
1656778
1607322
1347678
1360042
1582594
1347678
1409498
1372406
1409498
1619686
1471318
1594958
1409498
1594958
1557866
1335314
2844220
3007413
2727653
3030726
2774280
3100666
2797593
2844220
2681027
2984099
3100666
2494520
3123979
3100666
2704340
2494520
2393428
2159484
2051509
1943535
1979527
1979527
2033514
2339441
2177479
2429419
2195475
1979527
2411423
2393428
2033514
2051509
1862615
1862615
1771011
1816813
1648872
1664140
1877882
1603070
1771011
1633605
1923684
1908417
2045823
1664140
1755744
1969486
322294
276595
269380
300647
324699
315078
307863
279000
298242
286216
276595
293431
281406
286216
279000
274190
311981
300738
331655
359761
362572
340087
359761
373815
351330
345708
365383
300738
345708
342898
368193
297927
272665
232814
276860
245399
230717
276860
249594
224425
264276
281055
241204
257983
247496
266373
230717
230717
2405553
1935295
2170424
1917208
2423640
2116163
2351293
2369379
2134250
2315119
1953381
2134250
2043816
2098076
2043816
2242771
606808
616216
517433
592696
503321
526841
635031
517433
616216
573880
545657
578584
592696
625624
606808
587992
653616
619215
716685
619215
647883
751085
688017
722418
688017
659350
699484
636416
688017
768286
762552
745352
1351396
1443016
1431563
1351396
1431563
1202513
1328491
1317038
1385753
1546088
1511731
1454468
1213966
1443016
1351396
1500278
731773
823244
784042
705638
823244
803643
764441
810177
862447
777509
686037
842846
810177
829778
842846
757908
485225
485225
588560
480732
503196
530153
494211
480732
579575
512182
593053
512182
575082
498704
552618
561603
433466
410652
417171
345469
384579
365024
371543
410652
351988
351988
397616
436726
423689
355247
365024
430207
1435785
1554336
1646542
1527991
1501646
1672887
1488474
1396268
1699231
1541163
1633370
1514819
1409440
1422612
1699231
1409440
3204267
3229300
2903867
3079100
2678567
2978967
2753667
3104134
3004000
2753667
2978967
3004000
3354467
3079100
3054067
3079100
1098930
965726
1057304
1107255
999027
874149
899124
1015678
1040653
932425
915775
882474
1090605
907450
999027
957401
1097891
1058680
1235127
1166509
1323351
1264535
1244930
1156706
1303745
1097891
1284140
1166509
1284140
1029273
1078286
1078286
758536
662214
776596
794657
782616
746496
776596
668234
632113
812717
740475
638133
752516
698335
734455
788637
1696668
1726434
1785967
1711551
1964563
1860382
1979446
1979446
1577604
1666902
1830616
1994330
1652019
1562721
1562721
1800850
3559453
3322156
3216691
3269423
3005760
3058493
3453987
2953027
3032126
2847562
3506720
3427621
3427621
3163958
2847562
2900295
738386
772257
745160
894193
853547
887418
907741
711289
839999
833225
799354
826451
860322
792580
853547
833225
2405952
1978227
2370308
2120802
2245555
2209911
2245555
2049515
1978227
2263377
2352486
2316843
2405952
1924761
2102980
2227733
646128
606102
628974
703307
606102
749051
657564
714743
634692
663282
703307
646128
634692
628974
646128
714743
608206
651997
632534
544952
651997
569281
627668
622803
520624
530355
574146
525490
593609
593609
622803
540087
2597275
2597275
2574492
2870673
2551709
3075721
2597275
2733974
2551709
2665625
2756757
2779540
2483360
2847890
2665625
2893456
1240763
1416343
1334406
1568512
1381227
1486575
1509986
1580218
1533396
1568512
1404638
1357817
1416343
1568512
1346111
1229058
1656800
1797207
1769125
1530434
1600637
1881451
1698922
1712962
1825288
1642759
1614678
1895491
1530434
1825288
1797207
1502352
1145787
1462242
1309471
1385857
1156699
1342207
1233085
1342207
1200348
1145787
1320383
1145787
1418593
1353120
1342207
1254909
2214559
2214559
1991387
2060055
1922718
2317562
1939885
1871217
2163058
2111556
2163058
1871217
1974219
1922718
1854050
1836882
1280308
1229902
1058522
1340795
1129091
1159334
1119009
1270227
1320633
1250065
1058522
1360957
1179496
1320633
1360957
1088766
2070426
2009080
1687013
1855715
1886388
1901724
1840378
1763696
1610331
1717686
1794369
1947734
1687013
1886388
1840378
1656340
808961
719076
693395
821802
776859
764019
693395
751178
712656
776859
706236
712656
834642
757598
674134
719076
608398
681631
743598
619665
749231
675998
692898
636565
647831
726698
737964
591498
754864
602765
704165
715431
301508
323637
329169
315338
345766
315338
309806
340233
298742
365129
356830
354064
340233
359596
329169
373427
1337321
1550345
1408329
1313651
1597684
1396494
1574015
1325486
1360990
1443833
1585849
1325486
1289982
1491172
1266312
1503006
1483853
1472350
1345820
1207787
1472350
1207787
1299809
1380328
1460847
1311312
1472350
1449345
1299809
1253798
1242295
1403334
1464695
1322597
1191431
1180500
1213292
1224222
1475625
1300736
1322597
1322597
1475625
1366320
1388181
1158639
1289806
1180500
1743144
1623386
1423790
1729838
1769757
1530241
1570161
1450403
1490322
1477015
1410483
1703225
1503628
1756451
1516935
1676612
45071
53521
49497
51107
47485
45071
50704
47485
48692
54326
51509
51509
52314
51912
45875
53924
2380399
1983666
2342615
2153694
2267047
2229263
2248155
2059234
2115910
2493751
2229263
2002558
2059234
2210371
2115910
2153694
1977756
1995258
1872742
1855240
2082770
1977756
1960254
2292797
2170281
1942751
2012761
1925249
2292797
2012761
1995258
2187783
1111470
1077789
976746
1128310
1010427
1103050
909384
934645
1052528
917805
1119890
1077789
892544
1010427
1027268
1052528
2550076
2407271
2142064
2366470
2733681
2570476
2611278
2733681
2366470
2284868
2182865
2386871
2672479
2162464
2488874
2631678
1274064
1389888
1563624
1343558
1413052
1239316
1239316
1413052
1459382
1494129
1563624
1355140
1297228
1262481
1413052
1227734
795989
905781
926367
919505
789127
720507
905781
830299
816575
823437
892057
926367
857747
885195
844023
898919
54167
58520
61422
53684
57069
61905
60455
52716
60938
57069
60938
59971
52716
56585
61422
55134
3251051
3350320
2655439
3052514
2630622
2829159
2605804
3350320
2978062
3251051
2853976
3002879
2779525
3027697
2705073
3201417
102794
95211
99424
105322
95211
98581
103637
90156
107850
98581
97739
89313
95211
108692
95211
94368
1804539
1640490
1834366
1998415
1819453
1983502
1759798
1640490
1968588
1834366
1640490
1744885
1879107
1640490
1774712
1923847
2562910
2242546
2482819
2142433
2683047
2502842
2703069
2422751
2663024
2703069
2602956
2502842
2142433
2362683
2482819
2362683
169416
168049
165317
159852
170782
170782
162584
166683
184445
155753
161218
147556
184445
180346
159852
155753
1014339
908364
840236
976491
915933
915933
953782
855376
794818
984061
976491
1021909
885654
855376
984061
1014339
2497249
2798641
2798641
2712529
2820169
2561833
2303497
2798641
2303497
2841697
2626417
2432665
2884753
2906281
2303497
2475721
497449
514311
569115
484802
535390
467939
556468
510096
514311
505880
564899
522743
459508
543821
476370
552252
1310172
1191961
1211663
1073750
1231365
1044197
1044197
1113153
1063899
1113153
1310172
1073750
1162408
1152557
1034346
1063899
2238696
2118766
2178731
2438579
2578498
2618475
2638463
2698428
2178731
2418591
2518533
2478556
2318649
2538521
2598486
2118766
1212459
1036457
1144014
1261349
1124458
1290682
1300460
1095124
1290682
1026679
1026679
1241793
1222237
1310238
1320016
1232015
1031032
1040320
1133206
1086763
1207515
1142495
1207515
1096052
1235381
1179649
1198226
1031032
1049609
1077475
1012455
1226092
937820
922934
1004807
803846
855947
945263
863390
848504
811289
908048
975035
908048
870833
803846
796403
908048
1123761
1105635
1169074
1196261
1214387
951571
1069385
978759
1205324
1060323
1178136
951571
1123761
969697
978759
1042197
1441786
1454659
1364547
1390293
1390293
1634882
1634882
1416039
1699247
1403166
1364547
1634882
1428912
1493278
1428912
1724994
1366416
1518240
1354737
1401452
1459846
1331379
1424809
1553276
1389773
1331379
1389773
1483203
1389773
1331379
1506561
1366416
2710522
2225055
2204828
2589155
2144144
2123916
2265511
2346422
2326194
2184600
2710522
2366650
2710522
2144144
2447561
2609383
3025245
3078319
2919096
3370229
3555990
3317155
3157931
3582527
3396766
2919096
3343692
3423303
3051782
2998708
3423303
2919096
617562
699127
629214
681649
675822
687475
681649
681649
652518
734083
687475
640866
786518
763213
751561
757387
1348259
1470828
1519855
1385029
1397286
1299231
1581140
1311488
1495341
1421800
1556626
1409543
1323745
1336002
1654681
1336002
1391495
1413069
1348348
1413069
1283628
1445429
1413069
1294414
1445429
1132612
1186546
1445429
1294414
1391495
1143399
1359135
1921404
2238700
2062424
2256327
2291582
2027169
2344465
1974286
2344465
1991914
2097679
2185817
2080052
1974286
2256327
1974286
558839
640738
597379
597379
525116
549204
525116
568474
592562
549204
529933
616650
573292
607015
592562
563656
1070250
1012399
1060609
1166669
1292014
1118460
1089534
1301656
1214879
1031683
1224521
1272730
1089534
1099176
1292014
1185953
1443680
1522631
1195547
1477516
1285777
1218105
1522631
1421122
1195547
1376007
1488795
1263220
1240662
1364728
1432401
1206826
2334289
2211432
2088574
2281636
2018370
2281636
1948166
1948166
1983268
1983268
2334289
2369391
1842860
1842860
2000819
2000819
1943929
2169563
2325772
2186920
2134850
2186920
1839790
1891859
2169563
2238989
2082781
1909216
2065424
1909216
1978642
2325772
2831348
2882827
3268920
3474836
2754129
3474836
2908566
2831348
3474836
2728390
3037264
3449097
3371878
3011525
2882827
2908566
1509441
1218734
1341726
1475898
1431174
1431174
1375269
1274639
1174010
1252277
1464717
1509441
1185191
1174010
1263458
1509441
2807465
2850992
2393963
2633359
2372199
2611596
2720412
2328673
2372199
2459252
2698649
2763939
2415726
2763939
2546306
2850992
93451
114610
115492
113728
116373
94333
97859
102267
109320
104912
104912
96978
110202
114610
103149
94333
1767925
1648291
1435608
1794510
1674876
1409023
1714754
1595120
1541949
1435608
1608413
1502071
1767925
1648291
1621705
1488779
2689164
3116415
2865091
3292341
3342606
2714297
3066150
2789694
2638899
3166679
2915356
2940488
2865091
3041017
2714297
2839958
1326973
1185159
1235807
1266196
1104123
1124382
1326973
1316844
1245937
1093993
1063604
1083863
1245937
1124382
1134511
1235807
602240
607765
701692
674067
624340
674067
607765
674067
718268
624340
718268
580139
745893
740368
618815
734843
1598395
1555581
1641209
1669752
1812466
1926637
1584124
1684024
1926637
1769652
1612667
1883823
1869552
1541310
1555581
1498495
2065569
1756547
1984248
2114362
1821604
2195684
1707754
2033041
2033041
2065569
2114362
1854133
2000512
2114362
2163155
2081834
1326831
1183091
1371059
1260490
1205205
1326831
1382116
1481628
1492685
1426343
1415287
1437400
1227319
1227319
1216262
1205205
1584196
1518188
1438978
1504986
1676608
1465382
1623801
1782221
1676608
1755818
1769019
1729414
1544591
1742616
1504986
1544591
2373880
2752020
2310856
2520934
2457911
2415895
2773028
2268841
2520934
2352872
2457911
2331864
2541942
2836051
2583958
2205817
3323951
3036050
2774322
3271606
3088396
3376297
2774322
3219260
3062223
2774322
2983704
2983704
2800494
2826667
3271606
2800494
1221935
1376053
1442104
1464121
1486138
1321011
1387062
1188910
1420087
1188910
1475129
1232944
1343028
1210927
1210927
1254961
1076890
897408
897408
946358
1076890
970832
946358
1076890
872933
1101365
954516
987149
872933
970832
905566
946358
202027
230632
210966
214542
194875
210966
202027
216329
223481
230632
191299
189512
212754
207390
219905
200239
344828
336207
356322
336207
359196
385058
347701
304598
310345
336207
370690
373564
310345
304598
382184
373564
2377222
2510524
2777128
2488307
2599392
2799345
2421656
2932647
2577175
2688260
2754911
2510524
2377222
2443873
2799345
2843779
1562556
1337548
1612558
1450052
1687560
1550055
1525054
1437551
1425051
1512554
1500054
1575056
1562556
1400050
1425051
1550055
2174094
2155670
1989849
1971424
2376764
1989849
2229368
2376764
2008273
2284641
1934575
2155670
1971424
2174094
2358339
2137245
1407236
1334448
1625600
1310185
1540681
1564944
1382973
1613469
1625600
1443630
1504287
1552812
1407236
1637732
1273791
1419367
126310
122896
150206
124034
120620
125172
135413
139965
126310
129724
142241
151344
139965
124034
141103
127448
1813772
1647625
1647625
1703007
1495323
1509169
1772235
1813772
1716853
1633779
1675316
1495323
1661470
1813772
1827617
1550706
1231509
1282822
1098096
1118621
1334135
1252034
1221247
1159671
1128883
1210984
1375185
1108358
1098096
1210984
1128883
1180196
1465065
1543550
1608955
1687441
1517389
1582793
1765926
1752845
1438903
1451984
1674360
1438903
1530469
1765926
1556631
1700522
1615456
1905020
1874539
1783098
1661177
1828819
1905020
2011701
1889779
1920260
1645937
1813579
1828819
1813579
2011701
1981220
2900561
2714925
2645311
2459675
2691720
2807743
3109401
2993379
2622107
3062992
2993379
2877356
2923765
2877356
2784538
2668516
1303854
1263108
1151058
1181617
1212176
1140872
1171431
1344599
1161245
1324226
1364972
1364972
1232549
1079754
1151058
1161245
969761
1005348
1138801
1174389
1085420
1129905
1103214
943070
1103214
934173
960864
1032039
934173
951967
1121008
1058729
119977
115139
105464
124815
124815
103528
119009
128685
119977
118042
123847
110301
112236
101593
111269
125782
246781
250698
221319
219360
233071
231112
227195
229153
250698
264408
209568
229153
215443
260491
240905
233071
1025637
1163538
930830
1034256
973924
999780
1085968
982543
1051493
948068
922211
1163538
991161
1154919
913592
1146300
113794
126097
112769
114820
138399
115845
129172
130197
123021
136348
116870
118920
117895
109694
111744
129172
171746
165924
154280
165924
187756
160102
163013
174657
155736
171746
152825
189212
167380
187756
161558
180479
1082015
1164541
1201220
1118693
962810
1008658
1054506
999488
1127863
1210389
999488
1127863
999488
1100354
1164541
1164541
823790
757355
737425
876938
750712
750712
730781
810503
817146
790572
843720
803859
737425
763999
763999
896868
800140
793182
862759
862759
904506
821013
737520
911463
744478
932337
814055
939294
737520
841886
814055
827971
1798587
1597145
1942474
1755421
1625923
1625923
1928085
1712255
1510813
1510813
1697866
1597145
1827364
1712255
1942474
1697866
889490
910837
953533
804098
875258
754287
896605
754287
868142
882374
903721
775635
789867
875258
939301
818330
935372
789220
774605
957295
833066
818451
862296
957295
869604
898834
884219
876912
884219
767298
811143
898834
965769
1022579
941422
1030695
1095620
876496
1071273
1087505
868380
1006348
965769
973885
1071273
852149
1014463
1055042
1659362
1822578
1468943
1509747
1795375
1564152
1740970
1441740
1659362
1455342
1455342
1740970
1536950
1591355
1781774
1496146
2699805
3065881
2974362
2768444
2928602
2562527
2905723
2882843
2654046
2562527
2997242
2974362
2448128
2631166
2859963
2699805
2312208
2576460
2312208
2400292
2466355
2422313
2774649
2774649
2400292
2334229
2708586
2730607
2422313
2554439
2510397
2664544
833852
929782
870749
966679
789577
863369
863369
951920
988816
870749
937162
974058
951920
981437
988816
841232
2505339
2583024
2058651
2466497
2155757
2175178
2602446
2311127
2116915
2349970
2408233
2505339
2544182
2427655
2369391
2311127
2140377
2035113
2140377
2140377
2245642
1982481
2280730
2000025
2122833
2157921
1894760
1929848
1894760
2140377
2210554
2122833
1112684
1169261
1018389
1178691
1178691
1122114
1225838
1150402
1018389
1084395
1244697
1188120
990100
999530
1103255
1140973
2724048
2510862
2984609
2605611
3031984
3103046
2747736
2487174
3174108
2795110
2605611
2818798
2771423
2818798
2889860
2795110
1183851
1386797
1262775
1398072
1454446
1319149
1240225
1465721
1319149
1341698
1398072
1352973
1398072
1398072
1228951
1285324
124417
114992
109336
113107
118762
112164
118762
117820
115934
114049
119705
101796
101796
125360
103681
126303
2016220
1922443
1703628
1687998
2063109
1656739
2016220
1984961
1984961
1938072
1703628
1766147
2031850
1641110
2000591
1797406
1191192
1126554
978809
1080383
1135788
1154256
978809
1154256
1218894
1191192
1080383
1006511
1218894
1015745
1061915
969575
1113743
1096868
894369
978744
1079993
1130618
1020931
936556
961869
1029368
911244
961869
987181
902807
978744
1046243
1988712
2348574
2537976
2348574
2121293
2026592
2253874
2481155
2329634
2159173
2481155
2272814
2310694
2045532
2178113
2405395
3405628
3086350
3192776
3432234
3405628
2900105
3059744
2953318
3219382
3325808
3325808
3245989
3245989
3086350
2846892
3166169
1523665
1808462
1609104
1509425
1808462
1836941
1922381
1637583
1651823
1623344
1552144
1495185
1523665
1893901
1908141
1495185
3476806
3399543
3142002
2884461
2935969
2884461
2884461
3399543
3451052
3476806
3064740
3013232
2807199
3064740
3013232
3476806
2950334
2587216
2428352
2814165
2496436
2587216
2859554
3041113
2496436
2382962
2700690
2859554
2587216
2723385
2836860
2995724
903426
995442
903426
1070727
1003807
928521
1020537
970346
1012172
953616
920156
1112552
1062362
987077
1037267
1104187
2315913
1856266
1944660
2333592
2068411
2086090
2386628
2209841
1873945
2333592
2139126
2086090
1980017
2227519
1944660
2139126
2667246
2497897
2455559
2519065
2265042
2243873
2370885
2519065
2730751
2349716
2455559
2286210
2688414
2857763
2455559
2349716
1230209
1251983
1295530
1371738
1360851
1404398
1404398
1306417
1143115
1241096
1328190
1393511
1437058
1458832
1371738
1415285
2086140
2103100
2204863
2052219
1882614
2086140
2001337
2238784
1967416
2103100
1797811
1950456
2120061
2170942
2120061
1814772
2462120
2290842
2633398
2440710
2547759
2312251
2783266
2248022
2676217
2547759
2547759
2419300
2847495
2569168
2868905
2483529
1580675
1567719
1360417
1399286
1684326
1580675
1528850
1502937
1749108
1697283
1399286
1697283
1502937
1580675
1451112
1477025
1047836
1038724
1211845
1193622
1184510
1102506
1230068
1011389
1166287
1129840
1120729
1148064
1202733
1211845
1220957
1193622
940994
839053
862578
1027252
980202
854736
1058618
901786
940994
1035093
980202
909627
909627
1027252
940994
909627
1172308
1035993
1154132
1099606
1145045
1181395
1181395
1026905
1117782
1181395
1217746
1181395
981467
1026905
1172308
1099606
158879
156140
172575
180793
176684
180793
171206
182163
171206
149291
178054
179424
154770
147922
146552
154770
3079782
3336430
3336430
2951457
2797468
3208106
3208106
3387760
3259435
2720474
3079782
2925792
3054117
3439089
2925792
2900128
2304092
2165052
2204778
2264367
2641761
2522584
2165052
2403407
2383544
2304092
2224641
2343818
2284230
2582173
2343818
2621898
1517410
1670426
1683178
1440902
1555664
1644924
1530162
1695929
1351643
1338891
1440902
1479156
1364394
1338891
1466405
1657675
1183439
1392898
1204385
1288169
1183439
1277696
1183439
1172967
1162494
1141548
1152021
1267223
1246277
1256750
1298642
1319587
2628226
2751040
2775603
2972106
3168608
2996668
3070357
2652788
3021231
2898417
2579100
2947543
3021231
2947543
2579100
3094920
401598
398411
353789
344227
427096
420722
334665
350601
379287
414347
414347
411160
344227
350601
350601
392036
1505174
1339250
1291842
1540730
1540730
1457767
1564433
1315546
1410360
1244435
1291842
1303694
1351101
1268139
1481471
1351101
2057274
1981778
2113896
2038400
1981778
2453630
2359260
2415882
2302637
2189393
2302637
2359260
1981778
2208267
2302637
2491378
2856796
3064563
2960680
3376214
3220389
3402185
2726942
2908738
3064563
3064563
3168447
3246360
3064563
2986651
3012622
2908738
489897
540260
549417
521946
531103
576888
567731
608937
558574
531103
618094
508211
531103
581466
563153
517368
3236230
3068426
2900621
3212258
3140342
2588984
2948565
2948565
3212258
2732817
3164314
3212258
2996510
3140342
3044454
3212258
398136
408706
461556
376996
468602
369949
405182
387566
384042
408706
475649
465079
380519
433369
475649
436892
1568973
2002308
1822997
1793112
1942538
1568973
1688513
1957480
1972423
1658628
1628743
1837939
1912652
1822997
1583915
1673571
1805609
1819392
1750476
1736693
1447244
1474810
1640210
1778043
1778043
1709126
1860742
1626427
1626427
1640210
1722910
1598860
1071848
1182039
1111918
1262177
1071848
1151987
1121935
1162004
1081866
1202073
1352332
1101900
1262177
1141969
1262177
1342315
1033458
912887
1007621
955948
1128191
1162640
1042070
973172
1085130
1145415
1024845
1154028
955948
1093743
1067906
1059294
2547587
2126181
2221955
2509277
2260265
2413503
2413503
2375193
2087872
2490122
2470967
2241110
2413503
2279420
2509277
2221955
878435
863671
944871
974398
789853
834144
937489
841526
775090
834144
878435
789853
907962
989162
959635
944871
1534297
1792276
1656497
1629342
1670075
1765120
1602186
1765120
1439252
1507141
1561452
1561452
1493563
1479985
1833009
1629342
1903122
2095034
1919115
2111027
1871137
2015071
1935108
1999078
2143012
1711211
1871137
1679226
1983086
1871137
1983086
1903122
2854526
3238328
3238328
2830539
3070415
3166365
3118390
3070415
2854526
2854526
2854526
2518700
2590662
3214341
2686613
3214341
3185800
2916233
2916233
2671171
3283825
3014257
3210306
2573146
3185800
3259319
2989751
3283825
2597652
3136788
2793702
3210306
267072
239169
227211
253121
215252
237176
255114
267072
265079
241162
263086
243155
227211
261093
243155
245148
1971095
2311557
2204043
2365314
2365314
2168205
2311557
2042771
1953176
1899419
1971095
2365314
2365314
2293638
2257800
2365314
3309305
3545684
2784018
3519420
3151719
3545684
3493155
3256776
3388098
2836547
2757754
3177983
3493155
3072926
3177983
3204248
3179927
2826602
2779492
3109262
2496832
3132817
2826602
2520387
2496832
2991487
3015042
3085707
2779492
2567497
2826602
2732382
748131
761372
741510
754751
820958
827578
887164
873923
840820
854061
893785
741510
880543
721648
728269
860681
1990261
2254455
2043099
2184003
2219229
2166390
2219229
2324906
2201616
1849357
1937422
2060712
2184003
2219229
2272067
2272067
1097578
1202109
1243922
1181203
1275281
1191656
1275281
1411172
1400719
1233469
1128938
1400719
1191656
1139391
1327547
1264828
3230300
3057688
2638489
3008371
2885077
2786442
2786442
2959053
2687807
2712465
3279617
2885077
2909736
2909736
3180982
2663148
549408
640977
549408
615541
686761
630802
569757
559583
559583
646064
534147
646064
686761
564670
635890
569757
2484067
2744303
3004539
2673330
3051854
2791619
3122828
3193801
2626014
3051854
2484067
2815277
3028197
2484067
3170143
2909908
2635617
2308718
2676479
2635617
2676479
2329149
2615185
2267856
2574323
2329149
2594754
2308718
2758203
2615185
2737772
2390443
736451
835083
848234
835083
749602
723300
703574
802206
808781
782479
861385
854809
736451
729876
743026
887687
142023
156225
156225
136105
145574
126637
127821
144390
158593
132555
157409
157409
157409
142023
147941
159776
1499381
1388316
1188398
1443848
1466061
1277250
1188398
1199505
1366103
1443848
1388316
1255037
1332783
1210611
1166185
1277250
2338929
2279964
2181690
2437203
2063761
2417549
2201345
2299619
2162035
2456858
2162035
2476513
2358584
2221000
2358584
2614097
2719328
2405559
2593820
2342805
2823917
2551985
2217298
2698410
2698410
2677492
2551985
2782082
2447395
2572902
2384641
2363723
1973817
1801500
2099139
1770169
1958152
2005148
1801500
2036478
2052143
1738839
2099139
2099139
1770169
1989482
1770169
1723174
2557768
3083024
2786140
2671954
2923164
2968838
2580605
2557768
3014513
2923164
2534931
2443582
2420745
2534931
2512094
2786140
205441
162831
185658
187180
181093
173484
181093
178049
200876
178049
184136
167396
194789
178049
200876
193267
238760
230597
234679
255086
253045
275493
251004
257126
265289
271411
224475
214272
261208
222435
267330
255086
526633
572427
604483
572427
567848
618221
544950
563268
567848
604483
558689
531212
618221
554109
577006
549530
2797872
2662491
2707618
2414293
2662491
2933253
2549674
2369166
2730182
2617364
2955817
2527110
2369166
2820436
2775309
2707618
1606977
1309389
1440328
1440328
1273678
1357003
1273678
1511749
1511749
1416521
1476038
1392714
1416521
1606977
1523653
1440328
2307994
2198090
2124820
2436216
1978281
2051551
2381264
2051551
2307994
2307994
2069868
1996598
1941646
2014916
2362947
2399582
341659
375215
387417
323356
378265
329457
402669
353861
332507
338608
411821
381316
326406
372164
350810
356912
2236478
2330448
2274066
2462006
2274066
2292860
2104921
2180097
2255272
2029745
2029745
2274066
2123715
2217684
1973363
1973363
778732
876074
820450
889980
827403
841309
862168
903886
924745
827403
834356
743967
799591
750920
869121
862168
2743000
2643255
2693127
3241728
2643255
2693127
2743000
3092109
2917555
2942491
2718064
2917555
3216791
2892618
3216791
2967428
2076008
2302799
2355135
2093454
2355135
2128344
2023672
2023672
2250463
1971335
2180681
2023672
1918999
2337690
2128344
2337690
3035743
2865742
3084315
3132887
2622882
2720026
2890028
2550024
2574310
2671454
3278603
2574310
3278603
3205745
2938599
3230031
466370
470534
508010
441386
553814
462206
528830
503846
495518
553814
483026
541322
537158
441386
462206
537158
859251
882474
975366
975366
836028
836028
812805
928920
1029553
812805
921179
836028
944402
812805
952143
1029553
207135
226123
186422
215766
186422
207135
181243
191600
226123
205409
217492
186422
189874
207135
196778
212313
2474662
2397329
2049329
2609995
2049329
2300662
2029996
2416662
2068663
2377995
2068663
2087996
2455329
2435995
2203996
2107329
1716978
1643603
1951778
1849053
1614253
1570228
1716978
1731653
1746328
1761003
1790353
1761003
1540878
1966454
1878403
1746328
2437153
2418260
2078192
2361582
2418260
2418260
2229333
2474938
2399367
2097085
2210441
2531616
2531616
2191548
2248226
2040407
553091
471628
565953
480203
557378
488778
570241
548803
548803
574529
553091
488778
467340
523078
488778
574529
507188
416348
442843
473123
442843
439058
439058
484478
397423
507188
431488
439058
431488
454198
480693
404993
1682822
1714573
2079714
1746324
1714573
2111465
2047962
1936832
2111465
1968584
1841578
1825703
1920957
1809827
1698697
1952708
2374325
2338621
2320769
2374325
1981579
1999431
2017283
2410029
2249360
1999431
1945875
2356473
2070840
2320769
2052988
2124396
2856134
2553210
2509936
2812859
2921046
2596485
2271924
2921046
2704672
2704672
2336837
2488298
2271924
2466661
2509936
2747947
1643487
1526095
1760879
1460877
1604356
1760879
1460877
1604356
1604356
1473921
1708705
1734792
1747835
1382616
1734792
1369572
2860570
3236960
3161682
2986033
3236960
3061311
2659828
3236960
2935848
3387517
3337331
2634735
2935848
2810384
2634735
2960940
37635
38319
41056
46188
35924
41398
36266
35924
42767
37293
36608
40714
46188
43109
37293
43109
680625
668136
811755
749312
836732
755556
805510
830487
661892
780533
755556
686869
774289
705602
811755
661892
1371132
1334731
1322597
1613811
1371132
1322597
1395400
1334731
1419668
1492472
1541007
1480338
1322597
1613811
1310463
1468204
1883275
2070046
1805454
1836582
1852146
1743197
1805454
1743197
2101175
1867711
2054482
2038918
1789889
1712068
1898839
1836582
555377
581824
677031
698188
624138
597692
587113
597692
698188
587113
618849
565956
645295
661163
571245
661163
2663509
3216313
3040421
3065548
3040421
3266568
3090676
3367078
2939911
2965039
3241441
2688637
3216313
2990166
3367078
3065548
2734441
3079119
2757420
2412742
2573592
2803377
3010183
2872312
3056140
2550613
2941248
2619549
2941248
2895291
2941248
2435721
132780
125730
148056
129255
153931
157456
151581
131605
124555
131605
133955
136305
151581
136305
133955
148056
3181745
3254609
3278897
2768846
3108880
2574541
2817423
2695982
2865999
2671694
3011728
2598829
3108880
3036016
2768846
3206033
118488
116372
142820
128009
120604
113198
125893
122719
114256
120604
135415
134357
133299
116372
126951
141762
181073
192290
177868
211519
203507
193892
214724
187483
189085
201904
216326
177868
198700
174663
168254
205109
188067
189537
196883
179252
157212
161620
183660
180721
195414
192475
176313
185129
154274
166028
163090
195414
2083512
1939269
2051458
1971323
2019404
1875161
1907215
1698864
2083512
1843107
1795026
1698864
1939269
1762972
1955296
1698864
527166
446064
433898
478505
543387
502836
523111
486615
446064
478505
523111
494725
482560
433898
478505
437954
422990
422990
412919
382705
439776
392777
355849
402848
355849
426347
355849
362563
402848
433062
389420
372634
423807
416802
399289
458832
430812
462335
381776
367766
374771
395787
427309
469340
465837
441320
437817
367766
1501105
1753627
1501105
1809743
1823772
1809743
1529163
1627366
1837801
1613337
1795714
1655424
1879888
1823772
1795714
1557221
429655
453305
417829
512432
508490
433596
520316
524258
488781
417829
441480
480898
413887
476956
413887
480898
2293955
2238456
2349454
2367953
2423452
2367953
2478951
1979461
2164457
2145958
2404953
2478951
2386453
1960961
2275455
2090459
298827
325336
274728
306057
279548
310877
279548
308467
255449
279548
260269
294007
286778
315696
265089
284368
1837582
1510900
1742300
1456454
1483677
1660629
1633406
1674241
1592571
1592571
1429230
1619794
1538124
1429230
1606182
1429230
1963697
1932024
2090387
2011206
1916188
1773662
1694480
1741989
2074551
1900352
1868679
1821171
1963697
1789498
1678644
2090387
1808226
2122700
1871121
1698160
1886845
1823950
1776779
1792502
1666713
1855397
1666713
2044082
1666713
1965463
1761055
2075529
