2686369
3421319
2737055
3370633
3015830
3041173
2762398
3091859
2686369
3091859
2686369
3142545
3218574
3091859
3193231
2787742
2907331
2882482
3329764
2708539
2832784
2857633
2857633
2932180
2932180
3230368
2733388
2783086
2609143
2658841
2733388
2658841
1932526
2106770
1679080
1710761
1805803
1726601
1885005
1694920
2090930
1900845
2043409
1916685
1726601
1932526
2043409
1900845
994968
1012272
1090139
1003620
1159354
1116095
934405
1168006
1124747
1038228
943057
1046879
1142050
1046879
1012272
1116095
314546
362720
314546
334382
323047
323047
325881
357052
300377
351385
362720
337216
379722
374055
325881
348551
751082
795264
744771
782640
852068
719524
744771
713213
801575
763706
687966
833133
763706
725836
807887
826822
1637942
1959407
2066562
1607326
1607326
1836944
1745097
1959407
1821636
2066562
1990023
1898175
1944099
1867560
2020638
1882868
2812508
3075360
3101645
3522207
3548492
3022789
3022789
2838794
3206785
2996504
2917649
3154215
3390781
2838794
3469637
3443352
525464
516778
564548
477694
542835
573233
521121
555863
508093
482037
508093
568891
495065
577576
551520
529806
3039548
3062751
2691508
3109156
2505887
3039548
2691508
2691508
3016345
2621900
2714711
2575495
2575495
2645103
2459481
3039548
2505630
2505630
2549206
2745299
2614570
2832451
2309537
2767087
2723511
2549206
2353113
2810663
2353113
2483842
2788875
2549206
130694
141896
145631
160567
161812
145631
138162
150609
156833
144386
139407
136918
134428
150609
149365
145631
1429282
1738316
1493664
1416406
1532293
1480788
1570923
1545170
1532293
1455035
1455035
1506541
1416406
1545170
1673934
1609552
1100420
1308047
1287284
1276903
1235378
1391098
1131564
1359954
1173090
1204234
1380716
1141946
1183471
1318428
1224996
1224996
1620918
1560884
1476836
1476836
1464829
1368775
1560884
1464829
1440816
1548877
1320748
1464829
1416802
1332754
1488843
1500850
1941454
2058611
1874508
2125558
1857771
2008401
1974928
1974928
2108821
1991664
2025138
2192505
2259451
1991664
2225978
2142295
1813542
1558303
1800109
1531436
1598604
1732940
1719507
1638905
1692639
1759808
1813542
1612038
1786675
1773241
1746374
1437400
2467413
2226689
2206629
2166509
2527594
2427292
2507533
2527594
2126388
2587774
2527594
2647955
2146448
2367111
2447352
2527594
811376
757284
784330
784330
885752
912798
885752
912798
892514
750523
737000
831660
737000
851945
730238
858706
1164791
1173820
1209938
1191879
1002262
1146732
1146732
1191879
948085
1029350
1218967
1047409
1047409
1164791
1164791
1164791
2701521
2637199
2487115
2358471
2315590
2251268
2508556
2401352
2830165
2401352
2251268
2444234
2529996
2508556
2465674
2765843
2057205
2195504
2022630
2299229
2212792
2039917
1970768
2091780
1867043
2178217
1970768
1832468
2281942
1918905
2126355
2212792
2804758
2260551
2365206
2553585
2700102
2721033
2721033
2679171
2469861
2721033
2721033
2197758
2783826
2679171
2553585
2741964
1741615
1773281
2042440
1678284
1694117
1979108
1931610
1852445
1709949
2010774
2042440
1725782
1852445
1741615
1662451
1709949
926655
1009392
1067308
893560
868739
1034213
1025940
943202
1092129
877013
1116950
1009392
984571
918381
926655
893560
1374427
1614007
1450084
1412256
1323990
1361818
1361818
1462693
1437475
1437475
1525741
1349209
1450084
1689663
1462693
1361818
530193
481626
542335
445200
509957
473531
522099
473531
534240
522099
505910
497815
457342
493768
526146
473531
579050
568801
548304
589299
666164
609796
579050
568801
573926
630293
548304
676412
650791
686661
568801
609796
865540
749680
824648
811018
913247
715604
817833
851910
872355
715604
872355
790572
920062
865540
845094
811018
1641729
1629197
1366019
1378551
1654262
1403616
1691859
1641729
1328422
1541471
1616665
1353487
1579068
1516407
1491342
1503874
465721
412278
404643
488625
511530
404643
503895
480991
511530
416095
469538
507712
450452
400825
404643
454269
1401319
1641545
1481394
1481394
1588162
1454703
1801696
1441357
1788350
1614853
1588162
1775004
1761658
1401319
1788350
1548124
251600
241616
215657
231632
257591
221648
249603
223644
265578
241616
257591
229635
259587
261584
225641
233629
3368812
2966566
3167689
2664881
3368812
3016846
2941425
2664881
3343671
3293391
3016846
3217969
3067127
2941425
2664881
2891144
2051437
2349828
2293879
2107385
2088736
2461724
2181983
2275230
1995489
1976839
2424425
2237931
2480374
2349828
2107385
2387127
1488651
1264794
1298372
1320758
1399108
1421494
1231215
1432687
1432687
1354337
1432687
1309565
1253601
1253601
1275987
1477458
782154
1005627
1005627
797052
923687
811950
841747
931136
931136
975830
998178
931136
782154
819399
789603
789603
3022075
3198362
3122811
2820603
3173178
3349466
3173178
2971707
3324282
3147995
3248730
3349466
2669499
3173178
3248730
3097627
1156421
1065364
1147315
992519
1119998
1010730
1074470
1047153
1047153
1129104
1138210
1092681
1174632
1211055
1129104
1119998
1970401
1677919
1801069
1785676
1662526
2047370
2016582
1724101
1739494
1908826
1801069
1785676
1970401
1708707
1693313
1908826
412978
403223
432489
347942
412978
373957
377208
435741
425985
399971
393467
422734
383712
438993
386964
399971
2475974
2432913
2368323
2282202
2368323
2820457
2906578
2583625
2798927
2863517
2734336
2648215
2755866
2820457
2841987
2648215
2078725
2475572
2418880
2513367
2229905
2022032
2475572
2267700
2022032
2343290
1984237
2229905
2494470
2399982
2022032
2211007
1685635
1442903
1483358
1631694
1483358
1726090
1469873
1753060
1483358
1685635
1496843
1564269
1456388
1523814
1469873
1712605
3048417
2976970
3191311
2691180
3024601
2786443
2881706
2857891
3024601
2834075
2976970
2786443
2786443
2905522
2786443
2953154
2592097
2639226
2639226
2686355
3063387
2945565
3181210
2662790
3181210
2992694
3110516
2922000
2874871
2757048
2544968
2874871
1522914
1466088
1238788
1386533
1284248
1295613
1511548
1522914
1500183
1238788
1238788
1511548
1363803
1204693
1511548
1443358
445960
511885
438204
492495
453716
488617
449838
407181
504129
504129
422693
453716
418815
508007
500251
496373
265821
252854
265821
257176
283110
235565
267982
291755
270143
259338
239887
252854
246371
252854
274466
252854
5836
5888
6604
6144
6604
5580
5785
5632
5529
5734
6195
5529
5939
5580
6604
6246
2371611
2777563
2414343
2884392
2713465
2585270
2713465
2884392
2798928
2756197
2841660
2286148
2692099
2392977
2478440
2414343
2232009
2116275
1884807
2232009
2017074
2000541
2149342
2099741
1884807
2132808
2017074
2017074
1934407
2232009
2165875
2033608
3339482
3416547
2825716
3262417
2748651
3236729
2928469
3056911
2825716
3005534
2697274
2774339
3390859
2928469
2800027
2825716
2311300
2291877
2466681
2272454
2155918
2330722
2388990
2330722
2622063
2544372
2369568
2311300
2350145
2563795
2272454
2486104
437233
459655
433496
414811
463392
500763
467130
422285
455918
411074
433496
500763
493289
418548
463392
467130
2561598
2389551
2121921
2542482
2332202
2408667
2141037
2580715
2580715
2141037
2427784
2083688
2121921
2236619
2121921
2179270
1110094
1221104
1301838
1150461
1160553
1069727
1100002
1281654
1241287
1120186
1261471
1322021
1089911
1281654
1342205
1261471
2961912
3185922
2837462
2986802
3260592
2762792
3235702
2937022
2787682
3036582
2688122
3260592
2638342
3136142
2663232
2986802
1827046
1958725
2106864
2106864
2156244
1975185
2172704
1744747
2041025
1892886
1761207
2024565
1777667
1777667
2172704
1958725
610263
562915
552393
562915
594480
636567
594480
605002
662872
578697
652350
568176
594480
652350
599741
605002
2161791
2554844
2653107
2574497
2554844
2201096
2377970
2358318
2161791
2338665
2456581
2142138
2319012
2142138
2495886
2476233
2197070
2107758
2197070
1929134
2036309
2179207
2072033
2250657
1946997
2375693
1946997
1893410
2250657
2339969
2304244
2018446
855168
810159
982693
885174
997696
810159
952687
1005198
937685
1012699
960189
862670
997696
825162
1005198
915180
454664
561896
557607
454664
476111
467532
450375
450375
531871
463243
484689
519004
544739
488979
553318
561896
1137448
964556
1101050
1091950
1000954
1010054
1073751
1192046
1173847
1101050
1082851
1000954
1128349
1137448
982755
1101050
1017011
1025630
1163529
1008392
991155
1025630
999773
1051486
965298
1137673
922205
1129054
1085961
1060105
930823
965298
3514168
3514168
3487546
2795361
3434301
3381056
3381056
3114831
3274566
3434301
3540791
2821983
3594036
3487546
3114831
3114831
308686
281844
338212
287212
348949
287212
289896
297949
303317
327476
306002
297949
306002
362371
319423
303317
2227724
2300765
2063384
1990344
1972084
2410325
1972084
2172944
2410325
2118164
2008604
2008604
2118164
2008604
2319025
2282505
391752
329897
329897
391752
326951
359352
377025
309278
344624
332842
326951
329897
388807
312224
362297
356406
2035920
2211431
1860410
2334288
2369390
2264084
1965716
1983267
2071022
2369390
1965716
2369390
2071022
1983267
2035920
2158777
2081103
2257800
2571929
2571929
2336332
2414865
2611195
2198901
2454131
2532663
2336332
2277433
2297066
2473764
2414865
2650461
2650103
2713706
2734907
2734907
2862112
2480497
2459296
2438095
2416894
2544099
2395693
2692505
2480497
2798509
2756107
2565300
137498
155831
164998
146665
157141
141427
175474
170236
158450
171545
140117
170236
142736
146665
154522
175474
1298017
1098322
1138261
1098322
1228124
1268063
1347941
1228124
1317987
1248093
1248093
1268063
1118292
1228124
1278048
1228124
3112519
2893670
2917987
2772087
2772087
3234102
2674821
3136836
3185469
2893670
2869354
3209785
2820720
2699138
2747771
3112519
3251187
3200781
3402405
2973954
2948751
3074766
2923548
2898345
2923548
3251187
3251187
2721924
2696721
3150375
2847938
2822736
2064415
1936389
2144431
1760354
2144431
2112425
1776357
2128428
2000402
2112425
1776357
1696341
1760354
1952392
1712344
1760354
1746324
1633658
1746324
1563241
1901240
1901240
1760407
1591408
1689991
1901240
1647741
1746324
1549158
1492825
1802657
1830823
1896182
1962715
1779750
1896182
2079147
1862916
2162313
1896182
2079147
1846282
1796383
1862916
2228846
2095780
2245479
2062514
1538683
1538683
1589972
1577150
1423281
1577150
1577150
1692551
1679729
1487393
1602795
1564327
1551505
1718196
1679729
1679729
1781445
2083955
2033536
2201597
2151179
2134373
2268822
1983118
2050342
1764639
2252016
2100761
2067149
2167985
2033536
1999924
584901
638074
712516
595536
584901
568950
638074
669978
638074
691247
622122
558315
669978
664661
590219
659343
1351546
1338915
1439965
1427334
1338915
1364178
1515753
1477859
1402072
1427334
1338915
1692591
1578910
1692591
1692591
1376809
2379135
2141222
2379135
2240352
2438613
2498092
2121395
2240352
2319657
2220526
2180874
2180874
2161048
2676527
2081743
2577396
1020178
1044663
995694
1020178
1060985
963048
1044663
881434
1003855
1036501
946725
1093631
856950
873273
954887
938564
197088
168933
168933
160041
164487
182270
163005
161523
200052
198570
173378
158560
182270
155596
197088
167451
2719897
2358661
2698648
2719897
2528654
2741146
2337412
2868642
2358661
2677399
2294913
2401159
2358661
2507405
2656150
2549904
611906
537169
546511
569866
611906
546511
518485
555853
602564
597893
616577
597893
541840
588551
616577
625919
1032890
1098027
1172470
1237607
1098027
1256218
1144554
1116638
1116638
1237607
1125943
1032890
1042195
1191080
1032890
1181775
2968326
2696229
2869381
2869381
3240422
2696229
3314630
3215686
2918853
3141478
3042534
3339366
2869381
3314630
2671493
2745701
774646
623211
658158
652333
629036
652333
710578
623211
716402
774646
634860
675631
611563
733875
728051
757173
2266601
2247554
2495166
2304695
2076130
2476119
2266601
2190413
1999942
2285648
2361836
2266601
1999942
2076130
2418977
2361836
2476565
2514666
2114605
2419413
2267009
2286060
2267009
2457514
2324161
2152706
2381312
2171757
2286060
2324161
2514666
2514666
3143007
3117863
2866422
2891566
2715558
3017287
3067575
3168151
3117863
3042431
3168151
3168151
2941855
3293871
3168151
2992143
1281553
1227707
1249245
1400016
1421555
1281553
1367708
1292323
1227707
1378478
1184629
1184629
1227707
1389247
1335400
1206168
1568525
1387541
1315148
1363410
1520263
1508197
1580590
1447869
1616787
1339279
1327213
1459935
1447869
1375476
1556459
1339279
1378104
1241345
1262385
1199266
1104587
1104587
1293945
1367584
1388624
1325504
1336024
1388624
1409663
1325504
1136147
1157186
1888990
1722758
1888990
1979661
1586751
1707646
1843654
2040109
1707646
1768094
1979661
1601863
1873878
1768094
1843654
1949437
2105974
1934756
2260069
2242947
2242947
2191582
2225826
1986121
2294313
2071730
1934756
1883391
2191582
1900513
1951878
2294313
732782
692392
703932
755862
761632
692392
703932
617383
732782
698162
617383
675082
692392
767402
646233
686622
635967
611507
591939
577263
523450
621291
645751
650643
513666
533234
591939
528342
626183
591939
650643
631075
2931464
2625192
2603315
2603315
2931464
2362672
2778328
2472055
2603315
2384549
2362672
2537685
2297043
2909587
2822081
2493932
582941
482884
508986
526387
535088
556839
522037
517686
556839
482884
530737
517686
500285
495935
517686
495935
1832278
1724497
1955457
1724497
1724497
1970854
1693703
1847676
2001649
1816881
1816881
1955457
2078635
1662908
1678305
1678305
2721288
2895451
2808369
2743059
2677748
2699518
2808369
2764829
2938991
2764829
2612437
2938991
2634207
2394734
2743059
2416504
3423281
3319545
3163941
3060206
2930536
3319545
2904602
3189875
3241743
3293611
3501083
3189875
3449215
3060206
2826800
2982404
2080336
2064334
1712277
2032328
1920310
2160349
2080336
1920310
1712277
2160349
2144347
2160349
1984321
2160349
1760284
1984321
19715
20184
19715
18776
18150
20184
20184
20654
19871
19871
18932
19089
17994
16742
19245
19089
641980
599535
594229
604840
705647
573006
700341
668508
673813
695036
647285
588923
679119
610146
684424
562395
2832852
2274866
2897235
2339249
2618242
2575320
2875774
2704086
2854313
2704086
2382171
2510937
2596781
2725547
2832852
2403632
390751
342708
409968
390751
371534
377939
374736
429185
336302
365128
432388
387548
342708
429185
406765
339505
3234484
3444857
3208187
2813738
3418560
2971518
3418560
3260780
3129297
2918924
3234484
3287077
3523747
3313374
2813738
3050407
3088631
2889365
3238081
3262989
2715006
2640281
2914273
2988998
3287898
3063723
2939181
2814640
3337714
3113540
3038815
3038815
776363
749123
919378
905757
749123
810414
851276
912568
919378
810414
837655
858086
912568
858086
885327
858086
973427
948253
956644
1082518
1065735
923078
956644
1023777
981819
914686
889511
1107693
1032169
923078
906294
965036
410182
459687
445543
442007
410182
470295
449079
424327
431399
477368
413719
466759
413719
388966
424327
477368
1306881
1414887
1220475
1231276
1328482
1447289
1285279
1144871
1209675
1371685
1371685
1350083
1404087
1317681
1306881
1263678
2658749
2683142
3195378
3049025
2975848
2683142
2634357
2658749
3292947
3024632
2951456
2658749
2780710
3024632
3244162
2780710
680919
810913
817103
779962
674729
792343
792343
699490
749011
755201
767582
742821
810913
817103
804723
736631
433791
498657
458116
535145
437846
450008
470279
474333
441900
506766
470279
506766
441900
458116
425683
510820
3051470
2780775
3100687
3199121
2879209
2879209
2977644
2608514
3199121
3149904
3125296
2805383
2657732
3100687
2879209
3297556
2498207
2815776
2519378
2709920
2773433
2604063
2328837
2477036
2328837
2752262
2752262
2350008
2773433
2688748
2815776
2646406
2718430
2559855
2944966
2627816
2401280
2786391
2491894
2718430
2831698
2491894
2537202
2786391
2423934
2786391
2446587
2673123
2577314
2846251
2510080
2577314
2510080
2622137
2980720
2980720
2622137
2375611
2711783
2442845
2913485
2711783
2958308
2891074
50791
48230
54206
49937
56767
48230
54206
57620
56767
48657
44816
52925
46950
45242
50791
47377
2629412
2817228
2864181
2958089
2558982
2793751
2582459
3075473
3028520
2793751
3075473
2512028
2535505
2793751
2770274
3028520
1011311
837492
979707
1050815
853293
916500
884897
869095
1042914
1011311
1058716
876996
853293
1058716
908600
829591
1822294
1942634
2114549
2062975
1942634
2183315
1873869
1908252
2303655
2217698
2166123
2148932
2252081
2234889
2166123
2303655
1912415
2053495
1959442
1692958
1928091
1896740
1755660
1865389
2022144
2084846
2053495
1975118
2084846
1645931
1645931
1975118
890402
994683
858315
1082921
906445
898423
930510
914466
938531
922488
970618
1074899
1034791
874358
970618
874358
2862160
2776723
2434972
2627207
2862160
2264097
2734004
2285456
2669926
2563129
2755363
2734004
2669926
2712645
2520410
2413613
177059
156939
175718
166328
146208
179742
140842
179742
175718
181083
166328
160963
175718
147549
158280
167670
1604063
1338729
1447275
1495518
1519639
1483457
1628185
1592003
1411093
1423154
1567881
1362851
1459336
1507578
1543760
1326669
319893
334048
331217
305739
311401
373681
351034
365188
376512
331217
362357
373681
345372
351034
297246
342541
2299838
2069854
2127350
2472326
2261507
2491491
2357334
2319003
2529822
2510656
2223177
2089019
2568152
2261507
2357334
2261507
28918
25626
28683
28448
27037
26332
26097
28448
26332
30564
26567
27037
24921
30799
25156
30799
2886367
2744415
2910026
3051978
3004661
2933685
2862708
2531486
3028320
2957343
2957343
2862708
2507827
2910026
3193931
3193931
2575498
2243805
2068203
2302339
2399896
2380384
2575498
2341362
2419407
2185271
2614520
2536475
2107225
2087714
2146248
2107225
182537
168050
166601
155011
173845
170947
159358
192678
192678
188332
152114
182537
173845
179640
186883
195575
3178280
3053151
2877970
2852944
3178280
3078177
3378487
3328435
3028125
2877970
2702789
3053151
3378487
3253357
2928022
3128228
129944
125261
124091
125261
127603
147504
156869
151016
133456
154528
153357
129944
132285
132285
135797
128773
2205629
2566551
2486346
2706909
2666806
2666806
2626704
2305885
2626704
2406141
2165527
2245732
2165527
2305885
2185578
2165527
1575422
1412878
1337858
1412878
1562918
1637938
1587925
1587925
1362865
1600428
1500402
1575422
1650442
1675448
1637938
1550415
2492328
2718903
2560300
2922821
2605615
3013451
2764218
2605615
2447013
2900163
2990793
2424355
2786876
2854848
2922821
2537643
324266
402330
348286
363298
381313
315259
366301
324266
399328
315259
381313
315259
315259
405333
360296
372306
2215663
2215663
2198353
2025254
1834846
2007944
2111804
1817536
2267592
2232973
1973325
2215663
1869465
2111804
1869465
1817536
605620
666182
575339
651042
565246
625808
550105
645995
529918
540011
529918
625808
585433
671229
560199
575339
148683
155204
174768
173463
174768
152596
168246
146074
156508
163030
143466
159117
152596
169551
172159
140857
2355409
2318022
2075004
2075004
2486266
2187166
2411491
2486266
2299328
2392797
2149778
2299328
2168472
2523653
2336716
2467572
2450063
2221667
2221667
2719985
2491590
2512353
2470826
2180141
2616169
2242431
2263194
2367010
2242431
2553879
2740749
2761512
1030934
936432
1030934
1134027
1073890
1091072
1065298
1030934
1056707
1073890
945023
1134027
1091072
919249
1013752
1065298
2545920
2763520
2589440
2632960
2828800
2915840
2415360
2458880
2676480
2828800
2915840
2415360
2632960
2589440
2611200
2807040
693456
824297
870091
883175
771960
811212
765418
817755
778502
785044
785044
791586
804670
699998
765418
693456
280619
264112
278261
254680
285336
299485
268829
304201
278261
315992
304201
313633
271187
287694
313633
252322
643504
591186
606881
596418
559796
638272
690589
695821
659199
659199
617345
617345
606881
685357
585954
575491
3316146
2824865
2996814
2702045
2824865
3070506
3242454
2996814
2775737
3095070
2873993
3291582
3119634
3291582
3021378
2824865
2142000
2124726
2107452
1848339
2245646
2314742
1882887
2038355
2211097
1986532
2072904
2262920
1813791
1865613
1900162
2107452
154206
148599
147197
189253
169627
147197
172431
155608
187851
182244
155608
158412
173833
148599
185048
154206
791644
917746
889723
896729
798649
819666
784638
938763
756615
868706
868706
819666
910741
903735
924752
819666
513462
505045
505045
467166
454540
467166
484001
509253
475584
526088
488210
479792
505045
534506
505045
542923
1764657
1731978
1928051
1797336
2156803
2009748
2042427
2009748
1862693
2140464
1960730
2107785
1911712
1960730
2205821
1780996
1499973
1376841
1488779
1488779
1231321
1175352
1432810
1477585
1175352
1332065
1309678
1287290
1287290
1220127
1421616
1488779
2731087
2648949
2607880
2505207
2176655
2546276
2566811
2525742
2382000
2402535
2607880
2156121
2197190
2464138
2279328
2731087
1155859
907563
1130173
1078801
1078801
950373
933249
1113049
1078801
967496
1035992
950373
967496
907563
941811
967496
3018695
2941293
2915492
3276704
3276704
3457309
3354106
2760687
3070297
3173500
3018695
2941293
2863891
3302504
3302504
2941293
3156238
3206337
2955842
3131188
3381683
2730396
3081089
2880693
3131188
3181287
3381683
3056040
3005941
3030990
3206337
3231386
1107180
1279860
1330648
1371278
1218914
1168126
1137653
1097022
1097022
1279860
1290017
1066550
1279860
1117338
1290017
1097022
1015792
882574
899226
1115706
1049097
940857
999140
949183
890900
1124032
982488
1049097
1065749
1107380
1057423
1115706
1424941
1266614
1139952
1256059
1372165
1266614
1277169
1403830
1414386
1213838
1340500
1108287
1403830
1139952
1308834
1424941
3040387
2793201
3065106
3312292
3188699
3163980
2719046
2916794
3213418
2768483
3015669
3163980
2620171
2620171
2966232
2719046
2369585
2130790
1947101
1965470
2075683
2479798
2259372
2351216
2443061
2057314
1928732
2406323
2277741
2351216
2020576
2259372
1866635
2213532
1949230
1817079
1883154
1800560
2031824
1751003
2213532
2097900
1932711
2130938
1866635
2163975
2015305
2031824
2030325
2199519
2293515
2368713
2086723
2293515
2368713
2067924
2425110
2425110
2462709
2312315
1973927
2349913
2105522
2312315
2989149
2786876
2786876
2854300
3034099
2741926
2719452
2427279
2899250
2472229
2629552
2764401
2921725
2786876
2674502
2382329
2178753
2250778
2088722
2340809
2430841
2106728
1890654
2232772
2214766
2106728
2124735
2286791
2214766
2214766
2304797
2106728
67447
67447
58673
71285
67995
65802
61963
64156
61963
59770
64156
58125
70188
72930
74027
61963
1194323
1042804
998240
1194323
953676
1123020
1149758
1051717
1194323
1016066
944763
1096281
1158671
944763
1060630
1114107
438651
383820
413063
427685
424029
413063
449617
475205
405752
405752
438651
467895
449617
493483
467895
420374
1760921
2012481
2043926
1902423
1682308
1666586
2028203
2122538
2043926
2012481
1965313
2075371
1729476
2091093
2075371
1949591
2154054
2287491
2001555
2535303
2535303
2459053
2230304
2535303
2420928
2211241
2173117
2268429
2134992
2001555
2268429
2020617
1697014
1962634
1623231
1992147
1564204
1593718
1756041
1947877
1608474
1800311
1903607
1815067
1844581
1726528
1726528
1667501
1029510
1142851
1275081
1265636
1275081
1057845
1218411
1208966
1227856
1105070
1180631
1001175
1076735
1067290
1105070
1114515
2822807
2345101
2627381
2410242
2366815
2866234
2757665
2605668
2562240
2301673
2497098
2692523
2735951
2518812
2670809
2692523
2088902
2166991
2225559
2088902
2264604
2206036
2459828
2147469
2245081
2049857
2166991
2186514
2362216
2303649
2069379
2616008
2836651
3120316
3403981
3275042
3017165
3197679
2914014
2965590
3429769
3042953
3171892
2785075
3223467
3017165
2707712
3403981
2384880
2349548
2031564
2102227
1978567
2384880
1925570
1890238
2314217
2084562
2049230
1872572
2155225
1854906
2172890
1925570
2660919
3120533
3168913
2685109
3265674
3168913
2878631
2951201
2539968
2781870
3072152
2830251
3023772
2539968
3144723
2709300
1463989
1583012
1487793
1440184
1368770
1380672
1547305
1487793
1261649
1511598
1487793
1368770
1404477
1321160
1356867
1571110
1670041
1864879
1503037
1600456
1809211
1628290
1642207
1697875
1850962
1586539
1878796
1711792
1461286
1544788
1544788
1489120
435357
495269
451334
447340
451334
455328
423375
439352
431363
443346
459322
531216
531216
519234
535210
499263
1313602
1301551
1373859
1337705
1482322
1301551
1397962
1361808
1361808
1602836
1385911
1470270
1422065
1301551
1518476
1530527
1927647
2295653
1997743
1892599
2102888
2015268
2172984
2172984
1910123
2172984
2067840
2015268
2015268
2365749
2313177
2120412
715822
709487
703152
798173
753830
823512
842516
696818
823512
753830
671479
785504
677813
817177
779169
741161
1593218
1755240
1606720
1593218
1660727
1566214
1593218
1768742
1687731
1714734
1647225
1444697
1539210
1539210
1674229
1498705
1146058
1375269
1406525
1125220
1114801
1239826
1260663
1146058
1323176
1198151
1146058
1281501
1229407
1385688
1354432
1218989
608685
522415
555964
503244
522415
608685
637442
575136
555964
560757
546379
575136
536793
608685
541586
599100
2472662
2386656
2300650
2386656
2773681
2494163
2451160
2859687
2386656
2752180
2859687
2601670
2279149
2558667
2881188
2687676
2609466
2586775
3040595
2496011
2564084
2609466
2427938
2995213
2496011
2972522
3017904
2700230
2518702
2949831
2722921
2949831
2928711
2904507
3049732
2759282
2928711
3267571
2759282
3243366
3073937
2807690
2541444
3267571
3146549
2904507
3170754
3146549
2839320
3075930
2839320
2997060
3102220
2760450
3259960
3075930
2865610
2839320
3154800
3522860
3443990
3365120
2813030
3233670
657000
622421
612541
657000
573022
538443
632300
548323
627360
568082
612541
652060
647120
592782
647120
563142
1628387
1654865
1522475
1456281
1628387
1456281
1681342
1747537
1641626
1429803
1535714
1522475
1734298
1562192
1641626
1641626
728928
802433
667674
673799
759555
716677
716677
753430
710552
661548
771806
649297
741179
722803
777932
784057
18169
15074
16823
16554
14535
15477
14401
16150
14131
18169
16689
17227
15477
15747
15477
16285
2545022
2450762
2111426
1998314
2149130
2356502
2130278
2450762
2111426
1979462
2186834
2281094
2111426
2526170
2375354
2073722
1909580
1787366
2062346
1680430
2047069
1772090
1909580
1894303
1970686
1604047
2001239
1772090
1909580
2016516
1634600
2016516
2300082
2176863
2669738
2628665
2525983
2587592
2690274
2300082
2546519
2751884
2320618
2443837
2505446
2587592
2402764
2649202
3338504
3263200
3187895
2685864
2911778
2660763
2911778
2811372
3363606
3238098
3288301
2635661
2861575
3212997
3012184
3263200
1837619
1985814
1852438
1852438
1689424
1793160
1956175
1733882
1896897
1867258
1807980
1659785
1763521
1837619
1807980
1941355
73036
88735
85322
86005
75766
81227
91465
84639
87370
75083
89417
91465
73718
92148
85322
91465
1800340
1575298
1995377
1620306
1830346
1845349
1830346
1995377
1980374
1830346
1785337
1950369
1710323
1755332
1575298
1635309
1764567
1716876
1669185
1732773
1700979
2098404
1907640
1669185
2066610
2003022
1685082
2082507
1796360
1748670
2003022
1669185
2306070
2169414
2032758
1981511
2118168
2306070
2135250
2152332
2203578
2220660
1896102
1998593
1947348
1930265
1879020
1827774
1910335
1682914
1667752
1804205
1728398
1834528
1698075
1910335
1955819
1940657
1652591
1743559
1789044
1698075
1925496
1864850
1711955
1940216
2103259
1972825
1711955
1989129
2184781
1972825
2201085
1858694
1711955
1777173
2038042
1972825
2168477
2168477
1031063
1067561
1122308
1012815
1131433
1158806
1131433
1003690
1067561
994566
1067561
1067561
1213553
1177055
1222677
1231802
2985821
3162946
3390678
3137642
2707481
3188249
2960517
2859303
3340071
2707481
2985821
2935214
3112339
3365374
2909910
3314767
49093
43365
45411
55229
43774
43774
55229
42956
53184
44183
47047
45411
54411
42956
43774
47047
904813
1056950
920827
1056950
952856
912820
1024921
952856
1016914
864777
1064957
840756
920827
848763
920827
1032928
2918374
2971436
2971436
3077558
3077558
2918374
3342865
3502049
3263273
3369396
3581641
3581641
3236742
3448988
3555111
2865313
927998
1087083
1016379
1166626
1007541
1051731
1175464
981026
954512
954512
1113598
1104760
1157788
945674
1140112
1042893
3012667
3036577
2677926
2893117
2917027
2940937
3036577
2677926
3203948
2988757
2917027
3203948
2534466
2510556
3060487
2534466
1737299
1777702
1508353
1441016
1548755
1818104
1414081
1764234
1723832
1494885
1535288
1656495
1494885
1629560
1481418
1710364
695953
672754
782947
748149
655355
608959
736550
701752
655355
643756
620558
678554
632157
661155
753949
626357
2901969
3006545
3032688
3137264
2954257
2980401
3398703
2928113
3477134
3189552
2823537
3450990
2771250
3320271
3111120
3111120
1727378
1413309
1557257
1491826
1688119
1517999
1413309
1609602
1766637
1544171
1609602
1465654
1622688
1491826
1478740
1387137
3190302
3239764
2844068
3140840
2720413
3017185
3190302
2819337
3091378
3190302
3338689
3066647
3140840
3041916
2992454
3091378
2437811
2437811
2255884
2110343
2019380
2328655
2401425
1910225
2365040
2419618
2092151
2255884
2201307
2346847
2383233
2146729
1522518
1372573
1464847
1557121
1464847
1280299
1303367
1407176
1245696
1499449
1257231
1430244
1337970
1557121
1222628
1291833
2852090
2698516
2566881
2347490
2303611
2391368
2544942
2325550
2874029
2303611
2523003
2786273
2303611
2786273
2544942
2501064
1444869
1718222
1549003
1366768
1535987
1496936
1470902
1392801
1627105
1692189
1496936
1549003
1444869
1718222
1601071
1679172
1090189
880537
1039872
939239
1106961
1031486
972784
922467
1056644
1106961
1090189
1081803
922467
1132119
956011
1056644
3020352
2774795
2897573
2774795
2897573
2995796
2995796
2750239
2627460
2873018
2848462
2652016
2946685
2602905
2750239
2627460
237213
257662
233123
257662
220853
261752
231078
267887
261752
235168
235168
249482
253572
216763
269932
231078
2167626
1932799
1896672
2203753
1986990
1986990
2167626
2384388
2366325
2059244
2438579
2023117
2348261
1986990
1950863
2077308
2126256
2297728
2040520
2229139
2211992
2074814
1886195
1851900
2211992
1851900
1971931
2023373
2297728
2006225
1851900
1869048
855482
777117
718344
718344
711813
862012
770587
796708
698752
744465
803239
816300
750996
822830
705283
764056
679232
768605
685190
643483
709023
720939
744772
738814
625608
756688
625608
798396
661357
631567
637525
792437
3253284
2817805
2766572
2766572
3355749
2997119
3406982
2817805
3099585
2971503
3304516
2715339
3125202
2766572
2920270
2971503
2145463
2228621
2029043
1995780
2228621
2162095
1796202
1929253
2045674
2012411
1979148
2245252
1762939
1879359
1762939
2178726
2202369
2638687
2243923
2493248
2368585
2659464
2389363
2804904
2472471
2721796
2306254
2451694
2617910
2243923
2243923
2389363
1165569
1220205
1183781
974343
1120039
965237
1028979
1083615
1174675
1201993
1110933
992555
1165569
1174675
1156463
1183781
1053473
1123124
1053473
1001234
914170
940290
922877
992528
1001234
1131830
931583
1149243
1131830
1001234
1044766
1105711
2023922
2169791
2406827
2005689
2279192
2078623
2352126
2169791
1950988
2370360
2224491
2188024
1914521
2352126
2370360
2096857
2211792
2378720
2545648
2232658
2503916
2712576
2691710
2566514
2775174
2775174
2691710
2566514
2211792
2503916
2503916
2691710
2496224
2344937
2212562
2212562
2344937
2080186
2099097
2496224
2269294
2155830
2439491
2420581
2439491
2061276
2042365
2023454
1565140
1648987
1537191
1523217
1551166
1732834
1830655
1662961
1816681
1746808
1802706
1481293
1872578
1648987
1523217
1760783
3190401
2713097
2813582
2738218
3341128
2964309
3391371
3240643
2888946
2989431
3140158
3115037
3165280
3290886
2964309
2813582
870843
994075
969429
994075
1076230
1109092
1059799
879058
1059799
985860
887274
936567
928351
1076230
1035153
1076230
1901839
2173530
1799955
1884858
2105608
1816935
1884858
2224473
1884858
1901839
2003723
1901839
1969762
2105608
1969762
2275415
2262570
2141669
1951682
2297113
2193484
2314385
2055312
1882596
1934411
2331656
1899868
1865325
2055312
2072583
2038040
2176212
943063
1126437
1047848
1091508
1100240
1039116
995455
934331
1039116
1056580
960527
943063
1074044
1039116
1108972
1004188
2362612
2362612
2679033
2615749
2573559
2784507
2826696
2320422
2636843
2573559
2763412
2805601
2657938
2636843
2320422
2404801
3095436
2745952
2770915
2646099
2696025
3295142
2820841
2820841
2621136
3370032
2870768
2745952
2945657
2920694
2945657
3245216
902352
847426
902352
1012203
902352
918045
918045
949431
1059282
1059282
902352
1035743
1043589
1043589
957277
831733
1506807
1493929
1738624
1571201
1674231
1378020
1674231
1416657
1390899
1532565
1699988
1712867
1416657
1738624
1365142
1725745
2701656
2448376
2216202
2469482
2701656
2469482
2342842
2553909
2385055
2680549
2849403
2448376
2385055
2216202
2342842
2406162
549723
652475
559998
657612
688438
626787
647337
585686
678163
683300
595961
637062
637062
606236
559998
585686
953715
996292
945200
1013323
894108
1124022
1047384
953715
1089960
1072930
919654
911139
1004807
902623
894108
1055899
783877
826745
722636
716512
655272
698140
826745
808373
728760
808373
728760
753256
704264
765505
655272
722636
2003553
2385182
2575997
2022634
2518752
2137123
2041716
2175286
2118042
2308856
2232530
2270693
2347019
2003553
2385182
2366101
476029
538120
546399
447054
558817
455332
451193
533981
525702
451193
517423
538120
538120
459472
496726
442914
1879163
1728830
1623597
1788963
1623597
1698764
1578497
1728830
1773930
1849097
1623597
1834063
2029496
1713797
1788963
1864130
1594109
1659981
1633633
1659981
1725854
1607284
1488713
1396492
1488713
1778552
1567760
1488713
1686330
1699505
1409667
1620458
2583457
2332823
2525618
2448500
2564177
2371382
2140027
2506338
2332823
2583457
2564177
2525618
2178586
2101468
2024350
2140027
627205
694591
637572
580554
616838
642756
642756
554636
632389
544269
699775
699775
565003
606471
694591
642756
2865413
2600913
2314372
2314372
2689080
2799288
2578871
2931538
2446622
2600913
2358455
2953579
2490705
2424580
2689080
2843371
218337
213055
195447
214816
232424
237706
216577
197208
235945
213055
214816
225381
230663
184882
186643
223620
1585931
1699212
1741692
1897453
1713372
1670891
1614251
1529290
1600091
1741692
1628411
1897453
1642571
1614251
1600091
1854973
1134753
1033133
1041602
1126285
982323
990792
965387
1083943
965387
1075475
1024665
956919
1083943
1016197
1134753
914577
2785988
3024107
3190790
2666929
2666929
2857424
3071731
2666929
2643117
3214602
2500246
2809800
2809800
2857424
3119354
3024107
1367191
1501469
1440434
1440434
1550297
1550297
1501469
1489262
1403813
1525883
1354984
1586919
1574712
1416020
1464848
1586919
1949521
2078415
2142862
2175086
1820627
1917298
1949521
2030080
2094527
1723957
2126751
1852851
1788404
1772292
1691733
2142862
1160067
1269134
1160067
1229473
1169982
1219558
1100577
1288964
1209643
1298879
1070831
1100577
1199728
1179898
1090662
1179898
37001
38730
37347
37693
44955
39768
46338
40459
37347
44609
38039
43917
41151
44955
39076
43917
303799
331882
303799
306352
331882
278270
301246
288482
336988
273164
283376
275717
319117
308905
334435
273164
2449900
2825111
2383687
2670612
2913395
2957538
2494043
2317473
2405758
2405758
2913395
2449900
2361616
2449900
2714755
2582328
1936735
1819357
1731324
1819357
1540585
1628618
1892718
1848702
1745996
1628618
1599274
1863374
1951407
1555257
1907391
1922063
1512703
1549300
1329714
1488304
1646894
1280918
1378511
1537101
1585898
1329714
1598097
1354113
1329714
1537101
1451707
1317515
933989
917310
1042398
1084094
967346
967346
892293
950667
933989
950667
892293
1125790
1059077
1009041
1009041
1117451
2429911
2411220
2317762
2317762
2224303
2261687
2355145
1962621
2037387
2392528
2373837
2392528
2485986
2242995
2261687
2392528
2189556
2508037
2328892
2527942
2488132
2289081
2627467
2587657
2308986
2388607
2229366
2328892
2448322
2169651
2269176
2587657
72241
62689
78212
69256
80003
72838
69256
73435
74032
79406
68062
63286
67465
78809
64480
80003
2735360
3109426
2548327
2501569
2688602
2711981
2595085
2758739
2758739
2782118
2735360
3109426
2758739
2665223
2595085
2571706
2410793
2285789
2160785
2303647
2375078
2089354
2000065
2035781
2035781
1964350
2107212
2071496
2267931
1982208
1892919
2142927
995036
1241426
1099278
1070849
1137184
1013989
1241426
1146661
1118231
1032942
1231950
1231950
1099278
1080325
995036
1165614
1052755
1151732
1079749
1088747
1088747
1061753
1187724
1115740
980772
1169728
1187724
944780
1160730
1160730
1115740
1016763
1194053
1131677
1122767
1149499
1015836
998015
1006926
944550
1140588
1033658
1006926
1194053
1033658
1158410
1024747
1176232
2167651
2019436
2464083
2334394
2334394
2056490
2297340
2297340
2315867
2334394
2093544
2149125
2204705
2186178
1945328
2389975
2071678
1830785
1782606
1846844
1895023
2007440
1718368
1766547
1686249
2103797
1718368
1814725
1846844
1911082
1750487
2151975
2043919
1939103
2008980
1869225
2236083
1956572
2166205
1991511
2201144
1904164
2008980
1956572
2043919
2271022
1904164
1939103
691230
765957
809549
678775
790867
809549
790867
815776
778412
765957
815776
734821
666321
784639
834458
822003
609013
543582
634179
563715
578814
538549
674444
674444
588880
669411
669411
563715
563715
583847
629146
543582
398592
371796
428738
438787
435437
445486
371796
405291
432088
438787
425389
452185
422039
445486
445486
432088
8308
9338
8529
8382
8014
8603
8970
9338
8088
9117
9558
9558
9853
8603
8382
7867
1737519
1623583
1580857
1680551
1865696
1865696
1894180
1495405
1837212
1552373
1851454
1751761
1666309
1566615
1623583
1766003
1336150
1347102
1193773
1237581
1467574
1171869
1379958
1226629
1215677
1215677
1193773
1149965
1347102
1347102
1237581
1237581
2510128
2626338
2579854
2626338
2835515
2510128
2579854
2579854
2881999
2789031
3044692
3114418
2881999
2858757
2626338
3091176
1344410
1495185
1608266
1470055
1583137
1520314
1558007
1696218
1319280
1696218
1595701
1558007
1683653
1532878
1633395
1671089
1698113
1778339
1738226
1577774
1484177
1537661
1751597
1617887
1551032
1510919
1564403
1537661
1724855
1738226
1671371
1403951
148419
132603
139903
156934
133820
163017
127737
145986
159368
138686
160584
152068
148419
145986
149635
144769
1384132
1579999
1762809
1749751
1736694
1762809
1697520
1371074
1697520
1501652
1436363
1606115
1645289
1423305
1736694
1749751
1635338
1434271
1595124
1662146
1474485
1568315
1474485
1769382
1595124
1434271
1514698
1742573
1568315
1688955
1461080
1461080
382725
399366
362757
386053
432646
439302
416006
352773
386053
422662
409350
392709
399366
439302
442630
419334
3123658
3268945
3220516
3244730
3026801
3196302
3220516
2784657
3026801
3244730
2712013
2663585
2857300
2833085
2542513
2663585
105454
111206
108330
122711
114082
120793
124628
125587
126545
116000
119835
126545
128463
113124
113124
128463
67809
69895
70417
62071
63636
63636
57898
55812
65722
63114
57377
66244
61028
56333
67809
59985
1528374
1380467
1318839
1331164
1614653
1331164
1392792
1590002
1602328
1651630
1405118
1454420
1405118
1331164
1466746
1491397
1941117
2005821
1892589
1779357
1763181
1714653
1908765
2021997
2086701
2021997
1795533
1860237
1811709
2102877
1860237
2119053
2500250
2521261
2605303
2353177
2458229
2668334
2500250
2815408
2815408
2710355
2647324
2794397
2521261
2353177
2500250
2584292
1547291
1787388
1654001
1413904
1640662
1694017
1600646
1613985
1720694
1787388
1747372
1654001
1507275
1480597
1480597
1547291
2381796
2418723
2289478
2215624
2086380
2178697
2067916
2492577
2307942
1938671
2271015
2234088
2307942
2141770
2474114
2400260
1538770
1582735
1743940
1846524
1787905
1699975
1875834
1919799
1729285
1831870
1861179
1597390
1861179
1568080
1861179
1685320
642217
764822
630540
770660
712277
683085
671409
706439
653894
648055
642217
735630
770660
677247
694762
613025
1661784
1604971
1874834
1576565
1619175
1874834
1675988
1505548
1874834
1704394
1533955
1505548
1860630
1818021
1775411
1761207
3156975
3013476
3204808
3180891
3013476
2726478
3109142
2678645
2893894
2630812
3085225
2654729
2917810
2726478
3204808
3061309
1474895
1543177
1570490
1584147
1720711
1748024
1502208
1788993
1461239
1502208
1816306
1775337
1488551
1775337
1802650
1775337
1824669
1942390
1883530
1868815
1662804
1854100
1883530
1721664
1854100
1809954
1883530
1809954
1721664
1927675
1736379
1780524
187538
199365
209502
204434
195986
177401
192607
204434
195986
192607
195986
199365
228087
228087
224708
221329
1089448
1160720
1201447
1252356
1221811
1272720
1099630
1252356
1323628
1323628
1109811
1079266
1272720
1099630
1231992
1119993
370569
337135
312058
295341
356638
298127
334348
314845
303700
317631
359424
331562
300913
309272
362211
339921
2093510
2666263
2310761
2409512
2133010
2587263
2310761
2310761
2251511
2666263
2646513
2429262
2291011
2587263
2172511
2409512
2405079
2790799
2405079
2949625
2427769
2904247
2926936
2563905
2541216
2541216
2995004
2677352
2586595
2881557
2722731
2745421
193812
213372
240043
231153
216928
188478
188478
190256
222262
208037
222262
227596
216928
238265
190256
238265
1692935
1723438
1677683
1616677
1708187
1906458
1738690
1692935
1814948
2013220
1921710
1616677
1814948
1631928
1906458
1692935
2305713
2604602
2860792
2241666
2625951
2775396
2263015
2455158
2433808
2882142
2391110
2476507
2497856
2327062
2412459
2327062
230036
239542
209124
252850
211025
201519
235740
212926
237641
256652
199618
222432
220531
241443
231937
199618
1704338
1689388
2003345
1898693
1883742
1599686
1779090
1898693
1584736
1674438
1749189
1749189
1614636
1749189
1599686
1629587
710393
736462
703875
801636
873327
690841
860292
729945
821188
860292
775567
873327
736462
879844
873327
697358
566325
625420
541702
605722
659892
522004
650043
590948
571250
610646
556476
546627
620495
620495
630344
650043
3133254
2884583
3133254
2884583
3158121
3307324
3207855
2735381
2735381
3158121
2760248
3108387
3108387
2934317
3307324
3182988
78529
78529
79997
97611
97611
82932
85134
91006
82199
77061
79997
79263
99079
78529
87336
95409
72684
57929
57929
57929
65033
65033
67766
58475
71045
66126
65580
72684
71045
73777
70498
70498
2188032
1856512
1873087
1906239
2105152
2121728
2022272
2105152
1806784
2005696
1757056
2055424
2188032
1757056
1972544
1740480
904646
780622
766031
766031
773327
882760
780622
846282
838987
897351
882760
933829
890055
838987
970306
890055
2451509
2488653
1950064
1987208
2080068
2024352
2080068
2210072
2005780
2228644
2488653
2061496
2024352
2395793
2247216
2172928
1585799
1658542
1818577
1934966
1731285
1847674
1585799
1658542
1585799
1658542
1687639
1818577
1876771
1833126
1789480
1847674
426822
436522
365385
345984
436522
355685
404187
394487
404187
400954
423588
378319
378319
433289
430055
368619
1579336
1847259
1678045
1720348
1565235
1635741
1762652
1734450
1635741
1678045
1593437
1903664
1903664
1748551
1537032
1593437
2365548
2420991
1977450
2328587
2310106
2236182
2494914
2494914
2347067
2180740
2199221
2384029
2162259
2347067
2069855
1995931
839306
902058
1011874
823618
1058938
1011874
862838
823618
996186
956966
980498
1019718
1035406
1043250
1051094
1004030
3208598
2991475
3087974
2581353
2653728
2967350
2967350
2894976
3063849
2533104
2605478
2774352
2677852
2919100
3039724
2870851
3030447
3346668
3452075
3425723
2872337
2845985
3267613
3188558
3188558
3188558
3135854
3241261
2845985
3373020
3030447
3531130
638948
694996
756649
622133
717415
734230
678182
723020
689391
627738
706206
594109
717415
599714
739834
751044
773339
833861
813687
732991
827136
753165
706092
894383
827136
833861
806962
706092
880934
847310
813687
867485
1574799
1611423
1550384
1306229
1318437
1355060
1330644
1538176
1489345
1306229
1538176
1355060
1587007
1416099
1635838
1574799
3509913
3219620
3166839
3193229
3166839
3008497
2823765
3536304
3114058
2823765
2770984
3193229
3325181
2955716
3087668
3272400
3445704
2915596
3525220
3180650
3180650
3498715
3048123
2942101
3286672
2809574
2995112
2862585
2968607
2942101
3180650
3260166
2941542
2722024
2678120
2941542
2678120
2546409
2458602
2919590
2458602
2612265
2304940
2414699
2787879
2919590
2458602
2963494
2872585
3289969
3289969
2897137
2798929
2676169
3167209
3167209
3118105
2749825
2798929
2823481
3044449
2848033
3289969
3216313
162330
196900
160827
178864
183373
181870
192391
196900
180367
177361
201410
190888
195397
187882
172851
171348
384641
399905
393799
323587
329692
320534
375483
369377
396852
375483
332745
366325
375483
320534
378536
384641
1330862
1286500
1286500
1286500
1308681
1364133
1475039
1275409
1386315
1441767
1375224
1486129
1330862
1231047
1308681
1297590
2858044
2884026
2832061
3299741
3377688
3377688
3247777
2780097
3039919
3325724
3325724
2806079
3013937
2935990
3507599
2910008
1259838
1317629
1456326
1398536
1421652
1467885
1456326
1491001
1248280
1398536
1548792
1410094
1502559
1248280
1213605
1514117
2385432
1901171
1901171
2421303
2206076
2224011
2313689
2206076
2044656
1883235
2026720
2170205
1954978
2241947
2080527
2224011
298602
275981
285029
282767
239786
264670
296340
251097
287291
287291
246573
266932
298602
291816
285029
282767
1104457
980758
936579
1069114
1157471
1157471
1095621
1016100
1077950
1033772
1139800
1130964
1183978
1130964
945415
1095621
1256798
1213460
1332639
1300136
1397646
1310970
1170122
1224295
1419315
1354308
1375977
1343474
1159288
1462653
1419315
1440984
2926845
2599038
2481964
2528794
3160992
2669282
2669282
3090748
2669282
2950259
2973674
3067333
2973674
2739526
3114163
2481964
2499513
2456043
2542983
2890741
2456043
2499513
2477778
2782067
2347369
2282164
2434308
2847271
2390839
2738597
2651657
2499513
2091681
2302768
2072491
2245199
2283579
2590614
2571425
2321958
2053302
2513855
2341148
2475476
2341148
2283579
2226009
2053302
891455
854618
928292
780944
795679
869353
987231
847250
869353
972496
884088
884088
987231
994599
950394
891455
2288167
1922060
2416304
2306472
2306472
2214946
2050198
2288167
2068503
2269862
2233251
1922060
2160030
2123419
2379694
2379694
2306377
1979489
2433500
2106612
2360858
2161093
2324537
2052130
2342698
2306377
2088451
2306377
2251895
2251895
1997649
2015809
423490
434166
405696
419931
384343
455518
416372
476871
419931
473312
405696
473312
398578
455518
441283
423490
1309041
1338792
1289207
1180120
1219788
1269373
1120618
1051199
1150369
1090867
1239622
1259456
1338792
1239622
1130535
1140452
3362563
3287840
3088577
2889314
3088577
2739866
3038761
3188208
3287840
2864406
2615327
2814590
3337655
3163300
2988945
2789682
1632006
1601502
1830288
1647259
1937054
1952307
1952307
1677764
1937054
1906550
1723521
1693016
1632006
1967559
1876045
1937054
282663
278176
298366
291636
253499
251256
246769
249012
255743
298366
287150
278176
260229
269203
278176
251256
2411556
2630789
2172393
2690579
2331835
2551068
2690579
2331835
2152463
2570998
2531137
2451417
2192324
2272045
2092673
2132533
456882
376049
369020
435795
428766
439310
411194
379563
463911
411194
421737
369020
432281
407679
432281
414708
2676548
3251881
3351938
3301910
2876664
2926692
2776606
3251881
2926692
2751591
2951707
3176837
3376953
2626519
3151823
2626519
2176973
1935087
2047967
1806081
1806081
1822207
2015716
2160847
2144722
2096344
2047967
2112470
2112470
1741578
1741578
1854458
2226975
2226975
1985719
2059952
2059952
2282649
2245533
2004278
2301208
2059952
2226975
2282649
2375440
2097068
2189859
2041394
1406090
1288916
1384786
1235655
1384786
1139785
1406090
1203698
1278264
1438047
1416742
1384786
1438047
1118481
1193046
1171742
3071212
2493916
2932661
3001936
2840293
2586283
3094303
2724834
2817202
2701742
2724834
2978844
2840293
2932661
2840293
3048120
2092049
2320272
2015974
2225179
2206161
2339291
2206161
2339291
2187142
2263216
2491440
2168123
2034993
2491440
2567515
2092049
1794593
1761360
1761360
2077076
2243242
1777977
1777977
1794593
2093692
1894293
1877676
1794593
2027226
2027226
1960759
1861060
1602897
2011182
1965817
1996060
1754113
1648262
1859965
1738992
1663383
1875087
1708748
1859965
1814600
1935573
1890208
1633140
2223223
2858430
2434959
2456132
2583174
2477306
2604347
2562000
2223223
2583174
2816083
2456132
2244397
2498480
2477306
2773736
369524
328813
375787
363260
350734
356997
407102
347603
344471
419629
356997
369524
341340
413365
422760
397708
2072321
2072321
2195256
2037197
1984511
2037197
2283066
1896701
1879139
2318190
1949387
1949387
2107446
2089883
1914263
2177694
1887762
2258572
2073167
1938327
1938327
2241717
2022602
1837197
1769777
2224862
2056312
1870907
2224862
1955182
1854052
1887762
946575
991650
1208010
1099830
1162935
1126875
1162935
1054755
946575
1009680
1045739
1171950
973620
1027710
1108845
973620
1551965
1497510
1742557
1579192
1579192
1606420
1633647
1497510
1756171
1633647
1497510
1497510
1701716
1783398
1647261
1769784
2252980
2307488
2216642
2053119
2434672
2162134
2216642
2071288
2162134
2216642
2071288
2380165
2325657
2107627
2234811
1998612
898266
943941
860204
959166
883041
997228
936328
852592
814530
806917
898266
867817
936328
860204
982003
989615
351097
318643
359948
356998
362899
327494
345196
342246
354048
330444
383552
377651
336345
354048
327494
380601
2982968
3237923
3110446
2779005
2677023
3390896
3110446
3135941
3237923
3059455
2855491
3314409
2677023
2779005
3390896
2982968
2476878
2368243
2476878
2824510
2824510
2650694
2324789
2824510
2498605
2346516
2867964
2563786
2389970
2867964
2694148
2628967
2988079
2936112
3429795
2754229
3169962
3247912
3221929
3066029
3143979
2910129
3403812
3299879
2832179
2780213
3429795
3507745
191748
207727
188197
186422
198850
200625
220155
197074
216604
202401
213054
225482
193524
225482
204176
216604
1623678
1703531
1703531
1730149
1557134
1770075
1490590
1570443
1730149
1490590
1716840
1424045
1690222
1650296
1583751
1490590
2125817
2378032
1981694
2233909
2287955
2215894
2017724
2414063
2035740
2269940
2233909
2360017
1963678
2323986
2323986
2378032
993277
1197503
1123239
1160371
983994
1039692
1030409
1225352
1039692
1058258
1021126
1225352
1160371
1160371
1086107
1067541
3012824
3417909
2709009
2936870
3139413
3038142
2810281
2658374
2709009
2810281
3190049
3240684
3038142
2835599
3012824
3088777
161435
149122
145018
172380
164172
176484
147754
154595
181957
173748
171012
161435
168276
164172
160067
153227
476223
378813
450968
461792
382421
454576
396852
429322
422106
479830
450968
450968
411283
378813
382421
432930
85237
83088
95265
86669
93832
93116
88818
96697
95981
75925
84521
82372
87386
75925
88102
93116
1615448
1868301
1615448
1601401
1812112
1474974
1559259
1868301
1882348
1699732
1685685
1882348
1896396
1699732
1545211
1713780
579157
569890
505025
505025
560624
514291
546724
569890
546724
606957
537458
625490
555991
620856
602323
611590
2416039
3054239
2871896
2643968
2780725
3077032
2416039
2757932
2461625
2849103
3008653
2621175
2940275
2803518
2575589
2871896
3497914
3186989
3342451
3031526
2876063
3109257
3446093
3446093
3212899
3368362
3135168
3161078
3186989
3264720
3005615
3368362
3152306
2695101
2791355
2550721
2671038
3176370
2671038
3176370
2574784
2767292
2598848
3080116
2839482
3080116
2839482
2767292
1235112
1399065
1246042
1289763
1355344
1355344
1420926
1344414
1147671
1180461
1158601
1377205
1442786
1267903
1311624
1180461
1535855
1737942
1805304
1481966
1630162
1428076
1805304
1455021
1751414
1468493
1764887
1805304
1684052
1818776
1468493
1697524
2108678
2485228
2466401
1976886
2428746
2372263
2315781
2146333
2052196
2202816
2165161
1995713
2108678
2202816
2165161
2391091
3121179
3199864
2963809
3226093
3199864
3331006
2753982
2937580
3331006
3147408
3488377
2937580
3462148
2990037
3068722
3462148
1529355
1529355
1673634
1688061
1947763
1601494
1832340
1817912
1514927
1745773
1731345
1731345
1890052
1673634
1558211
1644778
481507
428428
424636
481507
424636
504256
504256
424636
462550
401888
417054
466342
511839
439802
496673
420845
216316
199416
223076
190966
224766
179136
194346
185896
179136
192656
190966
224766
179136
179136
196036
209556
84938
87010
72508
75271
81486
82176
79414
78033
83557
92535
87010
79414
76652
87701
84938
82176
2653317
2880744
3108171
2653317
3032362
3158711
2653317
3209250
3335599
3310329
3158711
3158711
3360868
3234520
2981823
3310329
1270107
1417062
1186133
1354082
1102159
1154643
1259611
1385572
1186133
1144146
1228120
1259611
1385572
1333088
1102159
1301598
2922701
2360643
2810290
2360643
2652913
2405608
2787807
2652913
2765325
2518019
2990148
2652913
2360643
2990148
2652913
2428090
2372360
1934386
2135124
2463605
2208120
2189871
2390609
2208120
1989133
1989133
2408858
2153373
2463605
1934386
2025631
2335863
1192450
1162133
1061078
1303610
1121711
1172239
1061078
1202555
1182344
1364243
1192450
1222766
1253083
1303610
1263188
1212661
53607
50427
54061
49973
54061
48155
49973
60421
59059
59513
56787
55878
50427
52698
61330
51335
881016
902331
845491
795756
902331
746021
824176
817071
930751
959170
866806
866806
930751
944961
902331
881016
1554018
1680361
1402407
1528750
1478213
1364504
1528750
1402407
1667727
1604556
1642459
1541384
1440310
1339235
1655093
1440310
1223157
1292392
1350088
1465480
1534716
1338549
1315471
1465480
1361627
1453941
1327010
1511637
1500098
1442402
1246235
1488559
2072084
1991143
1829262
2088272
1991143
1748321
1764509
1829262
2136837
1715944
1845450
2039708
1894014
2153025
2072084
2153025
456568
513134
480811
537377
436366
488892
432326
448487
436366
492932
456568
456568
496972
424245
448487
521215
2114046
2047982
1948886
1750694
2047982
1833274
2064498
1948886
2213142
1981918
2114046
2213142
2196626
1965402
1948886
2229658
2945426
2756918
2851172
2615538
2780482
2874736
3181060
2898299
3063243
2497721
2591975
3016116
2898299
2686228
2474158
2992553
2045429
2181791
2532436
2590877
2610357
2590877
2357113
2415554
2493475
2084389
2571396
2493475
2376594
2279192
2220751
2103870
3098078
2951712
2707769
2610192
2927318
3220050
3122472
3024895
2683375
2585797
2902924
3024895
2658980
2683375
2634586
3098078
404459
387883
437611
421035
411089
358045
381252
358045
404459
421035
384567
354730
374622
397828
391198
437611
1207146
1077145
1058574
1179288
1188574
984288
1132860
1105003
1114288
1058574
1216431
1002859
984288
1160717
1197860
1188574
1376405
1250322
1386912
1239815
1229308
1166267
1176773
1355391
1302856
1355391
1386912
1313363
1281843
1334377
1155760
1260829
1851463
1514833
1613017
1851463
1655096
1837437
1781332
1598991
1879516
1697175
1781332
1486781
1669122
1725227
1837437
1711201
1933327
1888015
1616140
1691661
1706765
2008847
1676557
1585932
1827598
1661453
1601036
1918223
1631244
1706765
1933327
1963535
787192
775265
775265
799119
661957
745447
685811
727556
703702
793156
638103
781228
691775
626175
769301
739483
2291649
1854312
1871805
1959273
1976766
2169195
1924286
2274156
1836818
1976766
1836818
2204182
1889299
2274156
1889299
2134208
348362
387069
393520
367716
399971
429002
354813
348362
367716
406423
406423
351588
377392
419325
412874
377392
3001602
3123618
3050408
2635553
3294441
3001602
2879585
2586746
2977198
3221231
2977198
3148021
2586746
3172425
3050408
2830779
2163862
1955490
1715061
1795204
1779175
2099747
1843290
2019604
1699032
2099747
1955490
1763147
1811232
1875347
2019604
2051662
820002
798795
749312
784657
926037
805864
742243
812933
933106
770519
848278
749312
869485
933106
897761
812933
1472915
1506905
1280303
1212322
1314293
1189662
1416265
1348284
1336954
1370944
1257643
1200992
1416265
1382274
1257643
1359614
151569
139910
156751
148979
154160
146388
155456
145092
154160
154160
160638
159342
173592
139910
161933
136024
3112428
2850879
3243202
3504751
3007808
3164738
3347822
3086273
2772415
3112428
2850879
3138583
2929344
3530906
3478596
3426286
3306140
2988750
3015199
2777157
3570631
2962301
3041648
2830055
3094547
2935852
3068097
3438385
2856504
2909403
3491283
3385487
3049447
2849483
2849483
2749501
2724506
3324397
3324397
2649519
3249411
2774497
2799492
3324397
2974460
2624524
2774497
2924469
434326
417226
386447
365928
427486
362508
461685
386447
444585
434326
393287
417226
454845
417226
393287
365928
643199
735912
753296
666377
782269
689556
759091
689556
648994
712734
689556
689556
654788
643199
764885
776475
633386
552312
597916
532044
587782
613117
602983
668855
618184
653654
592849
684057
658721
532044
532044
613117
2466446
2505909
2644030
2249398
2565104
2446714
2111277
2584835
2466446
2663761
2426983
2348056
2131009
2150741
2387519
2505909
1622084
2027605
1577026
1802316
1637103
1772277
1577026
1637103
1607065
1832354
1697180
1922470
1982547
1637103
2012586
1592045
2211777
2431126
1937589
2412847
2193498
2120381
2010706
2431126
2010706
2321452
2010706
2047264
2047264
2321452
2010706
2138660
809790
795066
964386
942301
809790
861322
853960
949663
934939
905492
912854
787705
986471
957024
831875
890769
1352179
1432393
1317802
1260506
1237588
1546985
1455312
1214669
1512607
1203210
1271965
1260506
1524066
1375098
1271965
1478230
2587415
2462217
2253555
2629147
2274421
2295287
2524816
2670880
2816943
2253555
2712612
2503950
2712612
2524816
2754345
2190956
2453971
2048196
2048196
2376681
2608552
2473294
2222100
2608552
2202777
2260745
2415326
2086841
2434648
2028874
2531261
2106164
1236852
1286725
1246827
1246827
1057309
1346573
1097208
1097208
1186979
1246827
1047335
1336599
1107182
1047335
1206929
1167030
458739
492102
562998
562998
483761
446228
529635
562998
508783
562998
442058
483761
450398
437887
492102
517124
1542673
1313683
1518569
1325735
1530621
1301631
1361891
1289578
1554726
1422152
1289578
1277526
1410100
1458308
1385996
1361891
1240441
1268848
1041592
994247
1202565
1155220
1126813
1060530
1193096
1013185
1079468
1221503
1268848
1221503
1117344
1126813
1567592
1567592
1447008
1507300
1350540
1374657
1603767
1422891
1302307
1579650
1471124
1531416
1326424
1374657
1591708
1567592
2667161
2859196
2368439
2773847
2496462
2880534
2411113
2304427
2368439
2731173
2816522
2347101
2411113
2709835
2325764
2411113
1463243
1707117
1490340
1829054
1422597
1544534
1517437
1422597
1558083
1449694
1476791
1788408
1571631
1680020
1829054
1517437
3043258
2694031
2868645
2993368
2718976
3118092
2768866
2743921
3043258
2718976
2918534
2793810
2818755
3217871
3018313
3018313
1677005
1649957
1704054
1744626
1771675
1541763
1541763
1555287
1595860
1595860
1622908
1771675
1582336
1433569
1487666
1717578
762577
824576
824576
793576
836975
719179
830775
750178
719179
768777
694379
725378
787377
787377
725378
787377
1786044
1786044
1605939
1741018
1605939
1996167
1816062
1680983
1635957
1876097
1650965
1831071
1831071
1741018
1605939
1951141
53343
60576
48822
53343
50178
57411
51082
59219
60123
51986
54699
48822
58767
48822
60576
54247
1446931
1329294
1388113
1376349
1423404
1552804
1235185
1423404
1517513
1235185
1588095
1517513
1282240
1435167
1388113
1364585
1534885
1821779
1764400
1836124
1520540
1520540
1721366
1850468
1764400
1678332
1764400
1506195
1592263
1721366
1778745
1721366
1907530
2103174
2184693
2168389
1907530
2168389
2168389
1923834
2005352
2005352
1842315
1728190
2152085
1858619
1858619
2005352
2178255
1803867
1974043
1957026
2008079
1940008
2110184
2093167
2178255
1940008
1803867
1974043
1803867
2195272
2246325
2246325
1484848
1743674
1484848
1702807
1730052
1634695
1811787
1798164
1457603
1457603
1798164
1634695
1648317
1675562
1552960
1675562
697386
738409
755990
755990
685665
791152
627061
761850
697386
732548
679805
738409
732548
656363
726688
738409
16085
15936
17872
19957
18468
19064
19511
19660
19809
16681
17128
19362
17872
16234
16532
18468
110555
125631
135681
119600
107540
115580
120606
119600
128646
130656
106535
116585
109550
119600
118595
107540
3028440
3126132
2833057
2564405
3223824
3077286
3004017
3028440
2979595
2588828
3174978
3004017
2930749
2759788
2784211
3004017
524666
546711
542302
586391
533484
586391
551120
564346
529075
590800
559937
568755
515848
507030
502621
471758
1002848
995420
854278
846850
861707
861707
906278
779993
809707
794850
839421
831993
854278
809707
965706
995420
949805
991463
991463
966469
974800
1074780
941474
991463
891484
983132
1066448
1108106
899816
958137
1099775
1016458
2313714
2259907
2421328
1954998
2098485
2385457
2367521
1901191
2188163
2331650
2241971
2385457
1990870
2152292
2170228
2331650
1760388
1743781
2125752
1860033
1992892
1776996
2109144
1926463
1926463
1843425
1893248
1976285
1793603
2125752
2192182
1909855
3056109
2876338
3056109
2902019
3004746
3133153
3364288
3004746
2927701
3312925
2953382
2953382
2850656
3312925
3287243
3415651
2420478
2359966
2541501
2521331
2117918
2279283
2460819
2460819
2440648
2238942
2420478
2440648
2279283
2319624
2158259
2642355
249849
290734
293005
299819
256663
238492
283920
247578
263477
272563
279377
258935
306633
252120
263477
299819
2216824
2216824
2347226
1974650
2347226
2235453
2347226
1974650
2011908
2514885
2421741
2384483
2272711
2030537
1956021
2011908
1749088
1805059
1819052
1763081
1819052
1567183
1763081
1469234
1553190
1805059
1539198
1805059
1595168
1875023
1469234
1567183
3141378
2965461
2663889
2965461
2689020
3065985
2915199
2764413
3367558
2739282
3040854
2714151
2714151
3040854
2965461
3116247
1857053
1759314
1577797
1466095
1731388
1773276
1675537
1466095
1787239
1843090
1633648
1857053
1703462
1549871
1857053
1787239
219218
233426
237486
249665
259814
215158
233426
219218
265903
227337
267933
235456
225307
247635
221248
221248
2429434
2751925
2278938
2300437
2579930
2386435
2837923
2859422
2472433
2364936
2751925
2450933
2300437
2751925
2859422
2644428
1588845
1358402
1297759
1516073
1455430
1600973
1406916
1528202
1516073
1455430
1516073
1394787
1491816
1455430
1516073
1613102
1268559
1236307
1214806
1429816
1322311
1397565
1386814
1150303
1333062
1139553
1429816
1204056
1429816
1408315
1429816
1214806
2643048
3059083
2912247
2765411
2789884
3132501
3108029
3303810
2691993
2985665
3156974
3181447
3205919
2618575
3205919
3034611
1768295
1768295
1910390
1799871
1957755
1768295
1941967
1863025
1847236
1941967
2115638
2068273
1957755
1926178
1910390
1878813
1703122
1774681
1674498
1645874
1889177
1917801
1774681
1645874
1631562
1860553
1817617
1588626
1674498
1502754
1760369
1703122
3012057
2871961
3035406
2755215
3128803
2801913
2801913
2848612
3105454
2451674
2498372
2731865
3012057
2521722
2638468
2568420
551267
541510
604930
526874
546388
629322
585416
609808
541510
570780
541510
590294
531753
512239
595173
634201
2872097
2897741
3410616
3282397
3256753
3154178
3359328
3154178
2897741
3333684
3282397
3410616
2743879
3333684
2769522
3102891
579486
575193
545146
549438
536561
489343
515098
523683
502221
545146
480758
536561
463588
549438
536561
510806
2972700
3235770
2841164
3156849
3051621
3077928
3525148
2788550
3340999
2841164
2867471
2972700
3130542
2867471
3235770
2762243
988785
1106099
1106099
1030683
1072581
879851
1055822
913369
904990
1022303
972026
1097719
1055822
1072581
1030683
963647
1286014
1326202
1245826
1296061
1175497
1346296
1105168
1145356
1125262
1054933
1326202
1306108
1235779
1115215
1105168
1225732
293006
244539
273179
264367
251148
284194
255554
297413
244539
248945
293006
231321
235727
231321
246742
293006
803396
685826
849118
868713
796864
836055
718484
744611
868713
698889
744611
751143
751143
862181
725016
822991
2987454
2691178
2938075
3160282
3333110
2987454
3135593
3283731
3135593
3135593
3209662
2864006
3160282
2938075
3036834
2691178
1734509
1555552
1596850
1665679
1762041
1445424
1803339
1472956
1734509
1693211
1486722
1679445
1775807
1555552
1459190
1651914
2310931
2220660
2383147
2022064
2004010
2166498
2094281
2022064
1931794
1931794
2112335
2220660
1895685
2130389
2094281
2274822
252831
233869
227548
223334
227548
238083
276007
269687
261259
250724
238083
273900
248617
257045
278114
276007
159118
172628
199648
196646
199648
165123
160619
190642
171127
165123
157617
201150
180134
168125
168125
175631
1549378
1791890
1670634
1549378
1414650
1549378
1414650
1508960
1468541
1697580
1441596
1468541
1522433
1508960
1535906
1549378
2786542
2809382
3037787
2603818
2923585
2946425
2695180
2809382
2740861
2489615
2855063
2992106
2626658
2969266
2946425
3014947
892509
980956
1029200
884469
876428
964875
908591
900550
884469
876428
1061363
964875
1005078
1069403
924672
988997
